lambda  n
476.77	-8.19
476.84	-8.19
476.91	-8.19
476.98	-12.29
477.04	-16.38
477.11	30.72
477.18	36.86
477.25	313.34
477.32	129.02
477.39	22.53
477.45	-133.12
477.52	-53.25
477.59	-10.24
477.66	342.01
477.73	501.75
477.80	247.80
477.86	485.37
477.93	501.75
478.00	1736.68
478.07	2861.01
478.14	2873.30
478.21	2918.36
478.27	2662.36
478.34	2936.79
478.41	3022.80
478.48	2961.36
478.55	2912.21
478.62	3207.12
478.68	3123.15
478.75	2912.21
478.82	2750.42
478.89	2899.92
478.96	3049.43
479.02	2824.15
479.09	2568.15
479.16	3098.58
479.23	2994.13
479.30	3049.43
479.37	3121.10
479.43	3096.53
479.50	3026.90
479.57	2996.18
479.64	2682.84
479.71	2674.65
479.77	2807.77
479.84	3192.78
479.91	3043.28
479.98	3223.50
480.05	3149.78
480.11	3127.25
480.18	3522.51
480.25	3194.83
480.32	2971.60
480.39	3266.51
480.45	3225.55
480.52	3381.20
480.59	3080.14
480.66	3166.16
480.73	3282.89
480.79	3256.27
480.86	3346.38
480.93	3448.78
481.00	3241.93
481.07	3209.17
481.13	2654.17
481.20	2906.07
481.27	2971.60
481.34	3192.78
481.41	3092.43
481.47	2975.70
481.54	2912.21
481.61	3485.64
481.68	3299.28
481.74	3243.98
481.81	3211.21
481.88	3459.02
481.95	3542.99
482.02	3852.23
482.08	3231.69
482.15	3020.75
482.22	3489.74
482.29	3893.19
482.35	3606.47
482.42	3432.40
482.49	3239.89
482.56	3588.04
482.63	3489.74
482.69	3645.38
482.76	3100.62
482.83	3418.06
482.90	3514.31
482.96	3590.09
483.03	3893.19
483.10	3723.21
483.17	3327.95
483.24	3422.16
483.30	3524.55
483.37	3532.75
483.44	3336.14
483.51	3657.67
483.57	3667.91
483.64	3497.93
483.71	3188.69
483.78	3422.16
483.84	3418.06
483.91	3526.60
483.98	3407.82
484.05	3340.24
484.11	3397.58
484.18	3426.25
484.25	3481.55
484.32	3690.44
484.38	3532.75
484.45	3700.68
484.52	3590.09
484.59	3995.59
484.65	3721.16
484.72	3764.17
484.79	3522.51
484.86	3252.17
484.92	3524.55
484.99	3948.48
485.06	4095.94
485.13	3985.35
485.19	4102.08
485.26	4020.16
485.33	3610.57
485.40	4024.26
485.46	3563.47
485.53	3702.73
485.60	3942.34
485.67	3936.20
485.73	3567.56
485.80	3841.99
485.87	3342.28
485.94	3508.17
486.00	3284.94
486.07	3688.39
486.14	3518.41
486.20	3704.78
486.27	3721.16
486.34	3868.61
486.41	4024.26
486.47	4380.61
486.54	4382.65
486.61	4339.65
486.68	3825.61
486.74	3807.17
486.81	4147.14
486.88	4032.45
486.94	3915.72
487.01	4329.41
487.08	4202.43
487.15	4231.10
487.21	4143.04
487.28	3762.12
487.35	3592.14
487.41	3864.52
487.48	4100.03
487.55	4016.07
487.62	3753.93
487.68	3897.28
487.75	4014.02
487.82	4102.08
487.88	3710.92
487.95	3946.44
488.02	4130.75
488.09	4341.69
488.15	4261.82
488.22	4124.61
488.29	3676.10
488.35	4003.78
488.42	4546.49
488.49	4548.54
488.56	4233.15
488.62	4237.25
488.69	4061.12
488.76	4353.98
488.82	4218.82
488.89	4630.46
488.96	4515.77
489.02	4741.05
489.09	4779.96
489.16	4773.82
489.22	4534.20
489.29	4915.12
489.36	4894.65
489.43	4800.44
489.49	4636.60
489.56	4806.58
489.63	4751.29
489.69	4347.84
489.76	4065.22
489.83	4519.87
489.89	4487.10
489.96	4509.63
490.03	4394.94
490.09	4632.51
490.16	4480.96
490.23	4593.59
490.29	4239.30
490.36	4515.77
490.43	4902.84
490.50	5091.25
490.56	4915.12
490.63	4831.16
490.70	4681.66
490.76	4560.83
490.83	4509.63
490.90	4741.05
490.96	4831.16
491.03	4685.75
491.10	4517.82
491.16	5009.33
491.23	4159.42
491.30	4495.29
491.36	4743.10
491.43	5164.98
491.50	4845.49
491.56	4573.11
491.63	4618.17
491.70	4937.65
491.76	5021.62
491.83	4855.73
491.90	4900.79
491.96	4790.20
492.03	4571.07
492.10	5060.53
492.16	5332.91
492.23	5287.86
492.30	4970.42
492.36	4974.52
492.43	5355.44
492.50	5267.38
492.56	5019.57
492.63	5396.40
492.70	4847.54
492.76	4945.84
492.83	5134.26
492.89	5394.35
492.96	5226.42
493.03	5164.98
493.09	5156.79
493.16	5650.35
493.23	5167.03
493.29	5740.46
493.36	5955.49
493.43	5779.37
493.49	5355.44
493.56	5156.79
493.63	5144.50
493.69	5924.77
493.76	5556.14
493.82	5220.27
493.89	5869.48
493.96	5250.99
494.02	5230.51
494.09	5308.34
494.16	5349.29
494.22	5750.70
494.29	5478.32
494.36	5951.40
494.42	5599.15
494.49	5779.37
494.55	5502.89
494.62	5463.98
494.69	5719.98
494.75	5988.26
494.82	5816.23
494.89	6272.93
494.95	6068.13
495.02	6408.09
495.08	6436.77
495.15	6182.82
495.22	6320.03
495.28	5722.02
495.35	5687.21
495.42	5967.78
495.48	6342.56
495.55	6713.24
495.61	6404.00
495.68	6893.46
495.75	6838.17
495.81	7036.82
495.88	6381.47
495.94	6674.33
496.01	6430.62
496.08	6469.53
496.14	6262.69
496.21	6320.03
496.28	5961.64
496.34	6209.44
496.41	5779.37
496.47	6053.80
496.54	5869.48
496.61	6193.06
496.67	5867.43
496.74	6164.39
496.80	6510.49
496.87	6680.47
496.94	6907.80
497.00	7307.15
497.07	7188.37
497.13	7415.69
497.20	7124.88
497.27	7128.98
497.33	6932.37
497.40	7083.92
497.46	6674.33
497.53	7114.64
497.60	7131.03
497.66	7352.21
497.73	7258.00
497.79	7071.64
497.86	6846.36
497.93	7018.39
497.99	7002.01
498.06	7591.82
498.12	7604.11
498.19	8249.22
498.25	7911.30
498.32	7726.99
498.39	7313.30
498.45	8032.13
498.52	7409.55
498.58	7915.40
498.65	7565.20
498.72	7942.02
498.78	7624.59
498.85	7661.45
498.91	7397.26
498.98	7825.29
499.04	8011.65
499.11	7606.16
499.18	7882.63
499.24	8540.03
499.31	8245.12
499.37	7714.70
499.44	7454.61
499.50	8011.65
499.57	8187.78
499.64	8290.18
499.70	8685.44
499.77	8970.10
499.83	8353.66
499.90	8281.99
499.96	7714.70
500.03	8468.35
500.09	8695.68
500.16	8562.56
500.23	8085.38
500.29	8238.98
500.36	8214.40
500.42	8626.04
500.49	8298.37
500.55	9088.89
500.62	8646.52
500.68	8327.04
500.75	7849.86
500.82	8404.86
500.88	8337.28
500.95	8550.27
501.01	8638.33
501.08	9348.98
501.14	9039.73
501.21	8957.82
501.27	9019.25
501.34	8927.10
501.41	8634.24
501.47	8882.04
501.54	9127.80
501.60	9303.92
501.67	9443.18
501.73	9817.96
501.80	9703.28
501.86	10143.59
501.93	9502.58
501.99	9578.35
502.06	9054.07
502.12	10143.59
502.19	9985.90
502.26	10487.65
502.32	9783.15
502.39	9854.83
502.45	9707.37
502.52	10458.98
502.58	10030.95
502.65	10786.65
502.71	9877.35
502.78	10432.35
502.84	10104.68
502.91	9627.50
502.97	9742.19
503.04	10868.57
503.10	10209.12
503.17	10495.84
503.23	10288.99
503.30	11165.53
503.37	10354.53
503.43	10506.08
503.50	10700.64
503.56	10413.92
503.63	9887.59
503.69	10653.53
503.76	10602.33
503.82	11132.76
503.89	11218.77
503.95	10688.35
504.02	11523.92
504.08	10882.91
504.15	9537.39
504.21	10518.37
504.28	11378.51
504.34	12111.69
504.41	12560.19
504.47	11339.60
504.54	11206.48
504.60	11552.59
504.67	10993.50
504.73	11525.97
504.80	11857.74
504.86	12439.36
504.93	11603.79
504.99	12322.63
505.06	11802.44
505.12	12592.96
505.19	12515.14
505.25	12781.37
505.32	12263.24
505.38	12300.10
505.45	12724.03
505.51	12660.54
505.58	11292.50
505.64	11454.29
505.71	11458.39
505.77	11872.07
505.84	11958.09
505.90	12969.79
505.97	13084.47
506.03	13109.05
506.10	12334.92
506.16	12973.88
506.23	13434.68
506.29	13797.17
506.36	14073.64
506.42	13342.52
506.49	13184.82
506.55	12764.99
506.62	12187.46
506.68	13270.84
506.75	12963.64
506.81	13047.61
506.87	13664.05
506.94	14413.60
507.00	13924.14
507.07	14356.26
507.13	13373.24
507.20	13397.81
507.26	13334.32
507.33	13131.58
507.39	12896.06
507.46	12549.95
507.52	12752.70
507.59	13522.74
507.65	13266.74
507.72	13180.73
507.78	12975.93
507.85	12672.83
507.91	13020.99
507.97	14896.92
508.04	14659.36
508.10	14710.56
508.17	14333.73
508.23	14343.97
508.30	14493.47
508.36	15431.44
508.43	14614.30
508.49	16217.86
508.56	14219.05
508.62	14765.85
508.69	14190.38
508.75	15208.22
508.81	13741.87
508.88	15736.59
508.94	16275.21
509.01	16371.46
509.07	15828.75
509.14	16336.65
509.20	15523.60
509.27	16600.83
509.33	16776.96
509.39	16224.01
509.46	15404.82
509.52	15712.02
509.59	14913.31
509.65	15052.57
509.72	15179.54
509.78	15435.54
509.85	15320.85
509.91	16205.58
509.97	15318.81
510.04	15251.22
510.10	16226.06
510.17	18147.05
510.23	17706.74
510.30	17768.18
510.36	16580.36
510.42	16219.91
510.49	15957.77
510.55	15894.29
510.62	15671.06
510.68	16213.77
510.75	16303.88
510.81	18147.05
510.88	17665.78
510.94	17258.23
511.00	16527.11
511.07	17716.98
511.13	16252.68
511.20	17448.69
511.26	17223.42
511.32	17420.02
511.39	17737.46
511.45	18849.50
511.52	18634.47
511.58	18652.90
511.65	17344.25
511.71	17534.71
511.77	16875.26
511.84	17143.55
511.90	16785.15
511.97	18691.81
512.03	19351.26
512.09	19701.46
512.16	19732.18
512.22	21130.94
512.29	20188.88
512.35	20565.70
512.42	18071.28
512.48	17805.04
512.54	17575.67
512.61	19267.29
512.67	19226.33
512.74	18654.95
512.80	18681.57
512.86	18931.42
512.93	18917.09
512.99	20446.92
513.06	21798.58
513.12	22384.30
513.18	20770.50
513.25	20891.33
513.31	21493.43
513.38	21567.16
513.44	19762.90
513.50	20444.87
513.57	19627.73
513.63	20149.96
513.69	20016.85
513.76	22015.66
513.82	20813.51
513.89	20227.79
513.95	19644.12
514.01	20446.92
514.08	20559.56
514.14	21061.31
514.21	20002.51
514.27	20874.95
514.33	21421.75
514.40	21159.61
514.46	19955.41
514.53	21120.70
514.59	21255.87
514.65	22052.53
514.72	22390.44
514.78	23393.95
514.84	21917.36
514.91	21583.54
514.97	21489.34
515.04	21468.86
515.10	21702.32
515.16	23830.16
515.23	22879.91
515.29	23211.68
515.35	20698.82
515.42	22748.84
515.48	23334.56
515.54	22677.16
515.61	22441.64
515.67	22744.74
515.74	23002.78
515.80	23778.97
515.86	23987.86
515.93	23498.39
515.99	22744.74
516.05	23053.98
516.12	22757.03
516.18	21507.77
516.24	20498.12
516.31	21229.24
516.37	23103.14
516.44	23576.22
516.50	24344.20
516.56	23328.41
516.63	21817.01
516.69	22746.79
516.75	23121.57
516.82	24284.81
516.88	25650.81
516.94	25947.76
517.01	26246.77
517.07	27956.82
517.13	24379.02
517.20	25183.87
517.26	26209.90
517.32	25527.93
517.39	25812.60
517.45	25263.74
517.52	24991.36
517.58	24845.96
517.64	24796.81
517.71	25360.00
517.77	26046.07
517.83	28540.49
517.90	27068.00
517.96	27852.38
518.02	26283.63
518.09	26943.08
518.15	26373.74
518.21	25624.18
518.28	24536.71
518.34	24805.00
518.40	25116.29
518.47	27768.41
518.53	26275.44
518.59	27860.57
518.66	27485.79
518.72	27311.71
518.78	26732.14
518.85	26578.54
518.91	26680.94
518.97	27584.09
519.03	26099.31
519.10	27438.69
519.16	27661.91
519.22	27913.81
519.29	26656.36
519.35	27493.98
519.41	28982.85
519.48	30068.28
519.54	26865.25
519.60	26795.62
519.67	27258.46
519.73	29312.58
519.79	27004.52
519.86	27940.44
519.92	26404.46
519.98	29077.06
520.05	29918.78
520.11	30418.48
520.17	28034.64
520.23	28163.67
520.30	28913.22
520.36	28638.80
520.42	27502.17
520.49	29292.10
520.55	28495.44
520.61	29687.36
520.68	28335.70
520.74	27227.74
520.80	24508.04
520.87	24573.58
520.93	23664.28
520.99	22898.34
521.05	20115.15
521.12	17864.43
521.18	17045.24
521.24	14559.01
521.31	12289.86
521.37	10225.51
521.43	8671.10
521.49	8163.20
521.56	6877.08
521.62	5519.28
521.68	4345.79
521.75	3250.13
521.81	2465.75
521.87	1669.09
521.93	1341.42
522.00	1157.10
522.06	915.44
522.12	630.77
522.19	413.69
522.25	452.60
522.31	225.28
522.37	372.73
522.44	313.34
522.50	278.52
522.56	251.90
522.63	137.21
522.69	143.36
522.75	65.53
522.81	141.31
522.88	141.31
522.94	20.48
523.00	100.35
523.06	163.84
523.13	86.01
523.19	178.17
523.25	120.83
523.32	147.45
523.38	256.00
523.44	231.42
523.50	16.38
523.57	-126.97
523.63	184.32
523.69	-6.14
523.75	49.15
523.82	118.78
523.88	110.59
523.94	16.38
524.00	249.85
524.07	83.97
524.13	34.82
524.19	176.13
524.25	112.64
524.32	4.10
524.38	131.07
524.44	63.49
524.50	139.26
524.57	169.98
524.63	223.23
524.69	4.10
524.75	151.55
524.82	94.21
524.88	90.11
524.94	51.20
525.00	40.96
525.07	104.45
525.13	2.05
525.19	4.10
525.25	83.97
525.32	8.19
525.38	69.63
525.44	75.77
525.50	88.06
525.57	73.73
525.63	45.06
525.69	38.91
525.75	299.00
525.82	61.44
525.88	83.97
525.94	20.48
526.00	94.21
526.07	-47.10
526.13	120.83
526.19	-81.92
526.25	-4.10
526.31	143.36
526.38	36.86
526.44	-8.19
526.50	135.17
526.56	51.20
526.63	49.15
526.69	190.46
526.75	157.69
526.81	38.91
526.87	51.20
526.94	100.35
527.00	106.49
527.06	-40.96
527.12	141.31
527.19	157.69
527.25	161.79
527.31	28.67
527.37	30.72
527.43	159.74
527.50	53.25
527.56	-67.58
527.62	10.24
527.68	108.54
527.75	4.10
527.81	-22.53
527.87	24.58
527.93	202.75
527.99	176.13
528.06	229.37
528.12	147.45
528.18	53.25
528.24	145.41
528.30	6.14
528.37	34.82
528.43	26.62
528.49	-6.14
528.55	-14.34
528.61	61.44
528.68	94.21
528.74	10.24
528.80	139.26
528.86	118.78
528.92	172.03
528.99	51.20
529.05	-2.05
529.11	6.14
529.17	102.40
529.23	36.86
529.29	75.77
529.36	40.96
529.42	8.19
529.48	118.78
529.54	-6.14
529.60	129.02
529.67	63.49
529.73	235.52
529.79	100.35
529.85	8.19
529.91	69.63
529.98	40.96
530.04	30.72
530.10	47.10
530.16	45.06
530.22	-30.72
530.28	10.24
530.35	-18.43
530.41	90.11
530.47	120.83
530.53	65.53
530.59	133.12
530.65	-24.58
530.72	-22.53
530.78	108.54
530.84	43.01
530.90	57.34
530.96	83.97
531.02	-12.29
531.09	-26.62
531.15	-38.91
531.21	116.73
531.27	116.73
531.33	112.64
531.39	30.72
531.46	114.69
531.52	90.11
531.58	102.40
531.64	-61.44
531.70	135.17
531.76	43.01
531.83	40.96
531.89	-12.29
531.95	108.54
532.01	98.30
532.07	131.07
532.13	96.25
532.19	120.83
532.26	104.45
532.32	88.06
532.38	14.34
532.44	-51.20
532.50	106.49
532.56	90.11
532.63	180.22
532.69	139.26
532.75	22.53
532.81	122.88
532.87	75.77
532.93	143.36
532.99	157.69
533.06	14.34
533.12	28.67
533.18	126.97
533.24	167.93
533.30	-53.25
533.36	108.54
533.42	67.58
533.48	106.49
533.55	47.10
533.61	-20.48
533.67	165.89
533.73	34.82
533.79	24.58
533.85	16.38
533.91	129.02
533.98	81.92
534.04	274.43
534.10	90.11
534.16	120.83
534.22	243.71
534.28	227.32
534.34	86.01
534.40	30.72
534.47	145.41
534.53	159.74
534.59	172.03
534.65	118.78
534.71	53.25
534.77	77.82
534.83	40.96
534.89	129.02
534.95	43.01
535.02	49.15
535.08	190.46
535.14	323.58
535.20	167.93
535.26	131.07
535.32	114.69
535.38	135.17
535.44	172.03
535.50	169.98
535.57	122.88
535.63	231.42
535.69	229.37
535.75	245.76
535.81	239.61
535.87	290.81
535.93	274.43
535.99	411.64
536.05	190.46
536.11	315.39
536.18	296.96
536.24	378.87
536.30	356.35
536.36	247.80
536.42	634.87
536.48	403.45
536.54	462.84
536.60	729.08
536.66	937.97
536.72	1052.66
536.79	1386.47
536.85	1808.36
536.91	2222.05
536.97	3028.95
537.03	3796.93
537.09	5318.57
537.15	6530.97
537.21	8054.66
537.27	9992.04
537.33	12867.39
537.39	15732.50
537.45	18515.69
537.52	21700.28
537.58	25910.90
537.64	28945.99
537.70	30459.44
537.76	32761.36
537.82	36818.38
537.88	37914.05
537.94	41354.63
538.00	40967.57
538.06	40449.43
538.12	38081.98
538.18	42620.28
538.24	44997.97
538.31	43851.11
538.37	42106.24
538.43	41758.08
538.49	39968.16
538.55	39038.38
538.61	37834.17
538.67	40818.07
538.73	43236.72
538.79	44911.95
538.85	45004.11
538.91	44367.20
538.97	44309.85
539.03	41907.58
539.09	41067.92
539.15	44055.90
539.21	45481.29
539.28	43914.59
539.34	42259.84
539.40	42589.56
539.46	40912.27
539.52	40076.70
539.58	43056.49
539.64	42972.53
539.70	44924.24
539.76	48522.52
539.82	48325.92
539.88	45063.50
539.94	42274.17
540.00	43535.72
540.06	44608.86
540.12	46005.57
540.18	45800.77
540.24	48338.21
540.30	46124.35
540.36	44569.94
540.42	42444.15
540.49	41590.15
540.55	42130.81
540.61	45393.23
540.67	46927.16
540.73	48866.58
540.79	48708.89
540.85	46337.34
540.91	44995.92
540.97	44346.72
541.03	44543.32
541.09	43933.03
541.15	45247.82
541.21	44885.33
541.27	42470.78
541.33	43513.19
541.39	44561.75
541.45	45595.98
541.51	47422.76
541.57	49532.17
541.63	49001.75
541.69	48041.25
541.75	46122.30
541.81	46791.99
541.87	44932.43
541.93	46052.67
541.99	48606.49
542.05	48377.12
542.11	48481.56
542.17	47115.57
542.23	44297.56
542.29	44377.43
542.35	46552.38
542.41	47242.54
542.47	50238.72
542.53	47689.00
542.59	45665.61
542.65	41268.62
542.71	41600.39
542.77	43472.23
542.83	43771.24
542.89	43525.48
542.95	44342.62
543.01	46947.64
543.07	48620.83
543.13	45989.19
543.19	41987.46
543.25	45104.46
543.31	47086.90
543.37	46929.20
543.43	45372.75
543.49	46689.59
543.55	45524.30
543.61	43412.84
543.67	43509.10
543.73	45886.79
543.79	45260.11
543.85	46103.87
543.91	44897.62
543.97	48686.36
544.03	48760.09
544.09	48031.01
544.15	45618.50
544.21	44098.91
544.27	44389.72
544.33	43658.60
544.39	42759.54
544.45	44746.07
544.51	44060.00
544.57	42673.52
544.63	44129.63
544.69	48088.35
544.75	46665.02
544.81	44332.38
544.87	45129.04
544.93	45163.85
544.99	44776.79
545.05	47471.92
545.11	46986.55
545.17	47154.48
545.23	45043.02
545.29	43763.04
545.35	41870.72
545.41	44526.94
545.47	45716.81
545.53	44217.69
545.59	42894.71
545.65	43869.54
545.71	44021.09
545.77	44631.38
545.83	42802.55
545.89	41459.08
545.95	42157.44
546.01	44893.52
546.07	44404.06
546.13	43550.06
546.19	44016.99
546.25	46939.44
546.31	45385.04
546.37	45980.99
546.42	45186.38
546.48	46017.86
546.54	45731.14
546.60	43365.74
546.66	42372.47
546.72	41860.48
546.78	44109.15
546.84	46611.77
546.90	46333.24
546.96	46202.18
547.02	45937.99
547.08	44344.67
547.14	40607.12
547.20	41336.20
547.26	44825.94
547.32	42640.76
547.38	41336.20
547.44	42317.18
547.50	41735.56
547.56	41063.82
547.62	41778.56
547.67	42780.02
547.73	42947.95
547.79	43449.70
547.85	43441.51
547.91	43371.88
547.97	43414.89
548.03	43439.47
548.09	44547.42
548.15	44778.84
548.21	42358.14
548.27	41940.35
548.33	41829.76
548.39	42634.61
548.45	41344.39
548.51	41831.81
548.56	43115.89
548.62	42302.84
548.68	41700.74
548.74	44617.05
548.80	44377.43
548.86	44846.42
548.92	45897.03
548.98	43709.80
549.04	41584.01
549.10	41065.87
549.16	43283.82
549.22	43531.62
549.28	44942.67
549.34	43926.88
549.39	43644.26
549.45	44150.11
549.51	43523.43
549.57	44918.10
549.63	44027.23
549.69	41614.72
549.75	42229.12
549.81	45448.52
549.87	45610.31
549.93	40142.24
549.99	38704.56
550.04	38809.01
550.10	40578.45
550.16	42624.37
550.22	42716.53
550.28	42628.47
550.34	42474.87
550.40	41639.30
550.46	42767.73
550.52	41780.61
550.58	41860.48
550.64	43523.43
550.69	44619.10
550.75	45315.40
550.81	47060.27
550.87	48022.82
550.93	45339.98
550.99	43550.06
551.05	44438.87
551.11	45471.05
551.17	47549.74
551.23	47523.11
551.28	45720.90
551.34	42630.52
551.40	40322.46
551.46	40566.16
551.52	42040.70
551.58	43488.62
551.64	44582.23
551.70	44074.34
551.76	45593.93
551.81	49235.22
551.87	48082.21
551.93	47015.22
551.99	47682.86
552.05	49655.05
552.11	48033.06
552.17	44549.46
552.23	43736.42
552.28	45292.88
552.34	46640.44
552.40	45323.60
552.46	42276.22
552.52	44594.52
552.58	43752.80
552.64	42630.52
552.70	42255.74
552.75	43582.82
552.81	45000.02
552.87	45112.66
552.93	46751.03
552.99	45794.63
553.05	44363.10
553.11	43263.34
553.17	42065.28
553.22	43765.09
553.28	44522.84
553.34	43685.22
553.40	42241.40
553.46	40889.74
553.52	40060.32
553.58	41602.44
553.63	42524.02
553.69	46366.01
553.75	44393.82
553.81	44180.83
553.87	46984.50
553.93	48106.79
553.99	46208.32
554.04	43339.11
554.10	44291.42
554.16	44780.88
554.22	44750.17
554.28	46431.55
554.34	47959.33
554.40	44991.83
554.45	43769.19
554.51	43586.92
554.57	42089.85
554.63	41706.88
554.69	43388.27
554.75	44418.39
554.80	43025.78
554.86	42231.16
554.92	44553.56
554.98	45569.35
555.04	44242.27
555.10	46961.97
555.16	47691.05
555.21	45049.17
555.27	43615.59
555.33	45083.98
555.39	42624.37
555.45	41448.84
555.51	43095.41
555.56	42665.33
555.62	44287.32
555.68	42493.30
555.74	42759.54
555.80	44064.10
555.86	42648.95
555.91	39312.81
555.97	40584.60
556.03	44832.08
556.09	42255.74
556.15	41842.05
556.20	41997.70
556.26	43548.01
556.32	45790.53
556.38	47371.57
556.44	42313.08
556.50	40500.63
556.55	40670.61
556.61	43261.29
556.67	44760.40
556.73	43595.11
556.79	43867.49
556.84	40934.80
556.90	38964.65
556.96	39118.25
557.02	39456.17
557.08	40494.49
557.14	41086.35
557.19	42395.00
557.25	43605.35
557.31	45794.63
557.37	49321.23
557.43	49007.89
557.48	44275.04
557.54	42364.28
557.60	42356.09
557.66	44262.75
557.72	43947.36
557.77	42646.90
557.83	41497.99
557.89	38526.39
557.95	39620.00
558.01	40445.33
558.06	39773.60
558.12	40512.92
558.18	40119.71
558.24	39040.43
558.30	39789.98
558.35	41510.28
558.41	43165.04
558.47	42607.99
558.53	44100.96
558.59	42491.26
558.64	42048.89
558.70	40904.08
558.76	40029.60
558.82	41084.30
558.88	40758.67
558.93	41127.31
558.99	41133.45
559.05	42603.89
559.11	42702.20
559.16	41803.14
559.22	38585.78
559.28	38612.40
559.34	41594.25
559.40	43216.24
559.45	42343.80
559.51	42950.00
559.57	40031.65
559.63	40641.94
559.68	40289.69
559.74	41035.15
559.80	41270.67
559.86	41618.82
559.92	42139.01
559.97	39951.77
560.03	40043.93
560.09	40895.89
560.15	42358.14
560.20	43783.52
560.26	40494.49
560.32	40895.89
560.38	42823.03
560.43	44387.67
560.49	43042.16
560.55	42042.75
560.61	40381.85
560.66	38903.21
560.72	41577.86
560.78	41690.50
560.84	42530.17
560.90	41409.93
560.95	39091.63
561.01	40451.48
561.07	41514.37
561.13	42626.42
561.18	39513.51
561.24	39540.13
561.30	41170.32
561.36	42638.71
561.41	42489.21
561.47	41352.58
561.53	40850.83
561.59	39259.56
561.64	37811.65
561.70	40658.32
561.76	41227.66
561.82	39540.13
561.87	40492.44
561.93	40418.71
561.99	38462.90
562.05	38432.18
562.10	39763.36
562.16	41786.75
562.22	42507.64
562.27	43093.36
562.33	43220.33
562.39	43392.36
562.45	40938.90
562.50	39292.33
562.56	40598.93
562.62	41057.68
562.68	44211.55
562.73	43115.89
562.79	39445.93
562.85	39540.13
562.91	39556.52
562.96	41743.75
563.02	41246.09
563.08	40220.06
563.13	39630.24
563.19	38718.90
563.25	40367.51
563.31	40730.00
563.36	41751.94
563.42	41647.49
563.48	40428.95
563.53	40779.15
563.59	40742.29
563.65	41346.44
563.71	40895.89
563.76	40078.75
563.82	39597.48
563.88	37285.32
563.94	38208.95
563.99	41547.14
564.05	42882.42
564.11	40496.53
564.16	40535.45
564.22	41964.93
564.28	42651.00
564.33	43484.52
564.39	41229.71
564.45	40060.32
564.51	40484.25
564.56	41895.30
564.62	39855.52
564.68	39005.61
564.73	40381.85
564.79	41121.16
564.85	40574.36
564.91	37864.89
564.96	38186.43
565.02	39052.72
565.08	40807.83
565.13	40492.44
565.19	38993.32
565.25	39953.82
565.30	41293.19
565.36	42413.43
565.42	40560.02
565.47	37967.29
565.53	38935.98
565.59	38938.03
565.65	38534.58
565.70	42724.72
565.76	41430.41
565.82	39769.51
565.87	39300.52
565.93	41823.62
565.99	39757.22
566.04	39185.83
566.10	38364.60
566.16	39083.44
566.21	39826.85
566.27	38970.80
566.33	37715.39
566.38	37615.04
566.44	38108.60
566.50	38952.37
566.55	40138.14
566.61	40170.91
566.67	39742.88
566.73	39794.08
566.78	41393.54
566.84	39208.36
566.90	38636.98
566.95	38450.61
567.01	38002.11
567.07	36781.52
567.12	38098.36
567.18	37187.02
567.24	37834.17
567.29	39167.40
567.35	40797.59
567.41	42276.22
567.46	42438.01
567.52	41463.18
567.58	38538.68
567.63	38770.10
567.69	39687.59
567.75	37375.43
567.80	39376.30
567.86	39710.11
567.91	37666.24
567.97	38432.18
568.03	38991.28
568.08	38661.55
568.14	39722.40
568.20	39955.87
568.25	39288.23
568.31	40172.95
568.37	40799.63
568.42	42050.94
568.48	41796.99
568.54	40494.49
568.59	42552.69
568.65	41999.74
568.71	38745.52
568.76	39654.82
568.82	42083.71
568.88	43085.17
568.93	41897.34
568.99	42841.46
569.04	44746.07
569.10	42993.01
569.16	39423.40
569.21	37645.76
569.27	38770.10
569.33	38368.69
569.38	40119.71
569.44	41309.58
569.50	39550.37
569.55	39187.88
569.61	39198.12
569.66	41151.88
569.72	41440.65
569.78	41532.81
569.83	40480.15
569.89	39816.61
569.95	40920.46
570.00	39980.45
570.06	39609.76
570.11	40418.71
570.17	37881.28
570.23	38725.04
570.28	38800.82
570.34	40783.25
570.40	40816.02
570.45	39882.14
570.51	39237.03
570.56	38469.04
570.62	38978.99
570.68	38247.86
570.73	39472.55
570.79	41481.61
570.85	41006.48
570.90	41444.74
570.96	41866.63
571.01	42270.08
571.07	39558.56
571.13	41778.56
571.18	41416.07
571.24	39065.00
571.29	40211.87
571.35	43560.30
571.41	44408.15
571.46	44576.09
571.52	41657.73
571.57	38860.21
571.63	37797.31
571.69	38084.03
571.74	41561.48
571.80	42157.44
571.85	41061.77
571.91	39443.88
571.97	41223.56
572.02	40840.59
572.08	41618.82
572.13	42853.75
572.19	39652.77
572.25	35624.42
572.30	34387.44
572.36	37205.45
572.41	42462.58
572.47	40347.03
572.53	40369.56
572.58	41719.17
572.64	39558.56
572.69	38890.93
572.75	38350.26
572.80	39490.98
572.86	38911.41
572.92	37807.55
572.97	36265.43
573.03	34207.22
573.08	33877.50
573.14	35384.80
573.20	37707.20
573.25	36226.52
573.31	35462.63
573.36	37580.23
573.42	37731.78
573.47	37279.18
573.53	36138.46
573.59	35282.41
573.64	35732.96
573.70	36427.22
573.75	36638.16
573.81	39304.62
573.86	40742.29
573.92	38000.06
573.98	37225.93
574.03	38747.57
574.09	37381.57
574.14	37213.64
574.20	38776.24
574.25	38327.74
574.31	38217.14
574.37	37555.65
574.42	36652.50
574.48	35702.24
574.53	36695.50
574.59	36769.23
574.64	35483.11
574.70	38016.44
574.75	39601.57
574.81	38407.61
574.87	37975.48
574.92	34805.23
574.98	36492.76
575.03	35102.18
575.09	33142.28
575.14	36539.86
575.20	36971.98
575.25	39671.20
575.31	39376.30
575.37	39384.49
575.42	38978.99
575.48	37144.01
575.53	34172.41
575.59	35300.84
575.64	34039.29
575.70	33959.42
575.75	34469.36
575.81	33601.02
575.86	35139.05
575.92	37952.96
575.98	37912.00
576.03	35829.21
576.09	36634.06
576.14	36601.30
576.20	35610.08
576.25	37074.38
576.31	36699.60
576.36	35827.17
576.42	37078.47
576.47	37916.09
576.53	37836.22
576.58	36828.62
576.64	36931.02
576.69	34954.73
576.75	34938.35
576.81	36163.03
576.86	34975.21
576.92	34786.80
576.97	35519.97
577.03	34418.16
577.08	37729.73
577.14	40011.17
577.19	38585.78
577.25	33205.77
577.30	30553.65
577.36	31233.57
577.41	33840.64
577.47	36781.52
577.52	37006.80
577.58	37475.78
577.63	35247.59
577.69	33885.69
577.74	35630.56
577.80	38626.74
577.85	39499.17
577.91	37434.82
577.96	37985.72
578.02	38241.72
578.07	36062.68
578.13	36629.97
578.18	38800.82
578.24	36920.78
578.29	36451.80
578.35	38206.90
578.40	37477.83
578.46	33730.05
578.51	33084.94
578.57	32505.36
578.62	33797.63
578.68	34176.50
578.73	34268.66
578.79	34088.44
578.84	32130.58
578.90	32065.05
578.95	32312.85
579.01	33752.57
579.06	36699.60
579.12	33791.48
579.17	33592.83
579.23	33334.79
579.28	33994.23
579.34	35239.40
579.39	35083.75
579.45	35321.32
579.50	33779.20
579.56	35069.42
579.61	34418.16
579.67	33531.39
579.72	32792.08
579.78	31854.11
579.83	33203.72
579.89	32945.67
579.94	34514.42
580.00	34856.43
580.05	32716.30
580.11	32685.58
580.16	36240.86
580.22	38211.00
580.27	39089.58
580.32	37746.11
580.38	34811.37
580.43	33996.28
580.49	33334.79
580.54	32968.20
580.60	33930.75
580.65	33539.58
580.71	33625.60
580.76	36498.90
580.82	37934.53
580.87	36908.49
580.93	38827.44
580.98	38178.23
581.04	37213.64
581.09	36287.96
581.14	36124.12
581.20	37334.47
581.25	36877.77
581.31	34942.44
581.36	34559.47
581.42	35415.52
581.47	37223.88
581.53	39249.32
581.58	35810.78
581.64	32701.97
581.69	35462.63
581.75	35462.63
581.80	33349.12
581.85	30436.91
581.91	34512.37
581.96	35554.79
582.02	35712.48
582.07	34420.21
582.13	34057.72
582.18	35270.12
582.24	36025.82
582.29	34661.87
582.34	32736.78
582.40	32261.65
582.45	33015.30
582.51	35595.74
582.56	37817.79
582.62	36314.58
582.67	34713.07
582.73	34287.09
582.78	33672.70
582.83	35335.65
582.89	36142.55
582.94	36781.52
583.00	36842.96
583.05	36885.97
583.11	35884.51
583.16	35843.55
583.21	34874.86
583.27	32853.51
583.32	31626.78
583.38	32482.83
583.43	33584.64
583.49	38739.38
583.54	39923.10
583.59	40035.74
583.65	40506.77
583.70	40103.32
583.76	38053.31
583.81	37438.92
583.87	35395.04
583.92	35507.68
583.97	36269.53
584.03	36646.35
584.08	34102.78
584.14	34891.24
584.19	37359.05
584.24	38133.18
584.30	35741.15
584.35	35120.62
584.41	35581.41
584.46	37660.10
584.52	40373.66
584.57	39167.40
584.62	36666.83
584.68	37639.62
584.73	38307.26
584.79	38864.30
584.84	41094.54
584.89	42587.51
584.95	39398.82
585.00	36785.61
585.06	33734.14
585.11	33232.39
585.16	35888.60
585.22	37762.50
585.27	37029.32
585.33	34532.85
585.38	33291.78
585.43	33547.78
585.49	33236.48
585.54	32134.68
585.60	30613.04
585.65	33504.77
585.70	35319.27
585.76	37254.60
585.81	36668.88
585.87	36738.51
585.92	34428.40
585.97	32726.54
586.03	33910.27
586.08	35345.89
586.13	37187.02
586.19	35519.97
586.24	37852.61
586.30	36949.45
586.35	37805.50
586.40	37297.61
586.46	34491.89
586.51	33578.50
586.57	33154.57
586.62	33936.89
586.67	34033.14
586.73	35462.63
586.78	37815.74
586.83	36001.24
586.89	36937.16
586.94	34182.65
587.00	34061.82
587.05	35716.58
587.10	37352.90
587.16	37860.80
587.21	38479.28
587.26	35700.19
587.32	36267.48
587.37	36027.87
587.42	34276.85
587.48	34164.21
587.53	38729.14
587.59	36541.91
587.64	34553.33
587.69	34459.12
587.75	35767.77
587.80	37625.28
587.85	36361.69
587.91	35573.22
587.96	33756.67
588.01	34520.56
588.07	36175.32
588.12	36294.10
588.17	34414.07
588.23	33213.96
588.28	31706.65
588.34	34737.65
588.39	36699.60
588.44	34291.19
588.50	31882.78
588.55	32116.25
588.60	33910.27
588.66	35108.33
588.71	35610.08
588.76	35384.80
588.82	36949.45
588.87	36353.49
588.92	32462.35
588.98	31227.43
589.03	33768.96
589.08	33893.88
589.14	32697.87
589.19	31108.65
589.24	32290.32
589.30	32806.41
589.35	31864.35
589.40	32407.06
589.46	31505.95
589.51	31231.52
589.56	32134.68
589.62	32685.58
589.67	31596.06
589.72	29111.88
589.78	30780.97
589.83	31585.82
589.88	30606.89
589.94	32769.55
589.99	34786.80
590.04	35044.84
590.10	34672.11
590.15	33056.26
590.20	33297.92
590.26	34489.84
590.31	34049.53
590.36	34557.42
590.42	34102.78
590.47	33508.86
590.52	32255.51
590.58	31297.06
590.63	32058.90
590.68	31419.94
590.74	34262.52
590.79	35648.99
590.84	36113.88
590.89	35286.50
590.95	34969.07
591.00	32882.19
591.05	30250.55
591.11	29474.37
591.16	30207.54
591.21	29361.73
591.27	29855.29
591.32	30823.98
591.37	32237.08
591.43	32507.41
591.48	32339.47
591.53	34151.93
591.58	34207.22
591.64	32337.43
591.69	30889.51
591.74	30830.12
591.80	30340.66
591.85	31454.75
591.90	30932.52
591.96	30352.94
592.01	30154.29
592.06	30957.10
592.11	29955.64
592.17	29820.47
592.22	30953.00
592.27	31039.01
592.33	29916.73
592.38	29476.41
592.43	30234.16
592.48	30891.56
592.54	30398.00
592.59	31092.26
592.64	31979.03
592.70	32630.29
592.75	32525.84
592.80	32513.55
592.85	31503.90
592.91	30508.59
592.96	31030.82
593.01	30797.35
593.07	33619.45
593.12	32198.16
593.17	30051.89
593.22	30215.73
593.28	33822.20
593.33	34242.04
593.38	31868.44
593.44	30877.22
593.49	30785.07
593.54	31036.97
593.59	31157.80
593.65	30961.19
593.70	31202.85
593.75	29171.27
593.80	30225.97
593.86	30299.70
593.91	32523.79
593.96	33099.27
594.01	34743.79
594.07	33404.42
594.12	32525.84
594.17	33263.11
594.23	34172.41
594.28	33029.64
594.33	32153.11
594.38	30766.63
594.44	32355.86
594.49	32960.01
594.54	32441.87
594.59	31084.07
594.65	31092.26
594.70	31663.64
594.75	31483.42
594.80	30772.78
594.86	26263.15
594.91	27045.48
594.96	28917.32
595.01	29347.39
595.07	31794.71
595.12	34565.62
595.17	36670.93
595.22	35458.53
595.28	34399.73
595.33	31573.53
595.38	29400.64
595.43	27342.43
595.49	26240.62
595.54	29183.55
595.59	32165.40
595.64	33175.05
595.69	33011.21
595.75	33650.17
595.80	32734.73
595.85	31819.29
595.90	29664.83
595.96	27997.78
596.01	29654.59
596.06	30694.96
596.11	30735.91
596.17	30242.35
596.22	31096.36
596.27	29122.12
596.32	28325.46
596.38	26162.80
596.43	26207.86
596.48	26359.41
596.53	28821.06
596.58	30961.19
596.64	30707.24
596.69	30832.17
596.74	29799.99
596.79	30162.48
596.85	32527.89
596.90	32620.05
596.95	32613.90
597.00	35220.97
597.05	33844.73
597.11	29392.45
597.16	29054.53
597.21	29482.56
597.26	29773.37
597.31	30524.97
597.37	31047.21
597.42	30023.22
597.47	27717.21
597.52	29118.02
597.57	31135.27
597.63	32011.80
597.68	32163.35
597.73	29994.55
597.78	29820.47
597.84	29124.16
597.89	30549.55
597.94	32400.91
597.99	34016.76
598.04	31854.11
598.10	28745.29
598.15	28945.99
598.20	30381.62
598.25	29830.71
598.30	29869.62
598.36	28102.23
598.41	28939.85
598.46	29294.14
598.51	30629.42
598.56	31731.23
598.61	29855.29
598.67	29457.98
598.72	30645.80
598.77	30543.41
598.82	28978.76
598.87	28122.71
598.93	28708.43
598.98	29531.71
599.03	28153.43
599.08	28991.05
599.13	30436.91
599.19	32206.36
599.24	31544.86
599.29	29857.34
599.34	27211.36
599.39	27280.99
599.44	29785.66
599.50	30320.18
599.55	30330.42
599.60	29945.40
599.65	29326.91
599.70	31813.15
599.75	31546.91
599.81	30428.72
599.86	31215.14
599.91	32208.40
599.96	30309.94
600.01	27113.06
600.07	28216.91
600.12	29201.99
600.17	29292.10
600.22	29994.55
600.27	28913.22
600.32	29900.34
600.38	31903.26
600.43	34858.48
600.48	32708.11
600.53	32937.48
600.58	31352.35
600.63	30217.78
600.68	30531.12
600.74	27643.48
600.79	28632.65
600.84	29701.69
600.89	29828.66
600.94	28114.52
600.99	28741.19
601.05	32265.75
601.10	31888.92
601.15	32679.44
601.20	31045.16
601.25	29005.38
601.30	29285.95
601.35	30436.91
601.41	29523.52
601.46	27623.00
601.51	27162.21
601.56	27381.34
601.61	28108.37
601.66	28524.11
601.71	27637.34
601.77	28112.47
601.82	30199.35
601.87	28581.45
601.92	29015.62
601.97	31141.41
602.02	30404.14
602.07	27405.92
602.13	25816.69
602.18	25812.60
602.23	27022.95
602.28	27600.47
602.33	29457.98
602.38	28491.34
602.43	27203.17
602.48	26801.77
602.54	26310.25
602.59	25489.02
602.64	25876.09
602.69	26916.45
602.74	25278.08
602.79	26287.73
602.84	27299.42
602.89	27690.59
602.95	29916.73
603.00	30344.75
603.05	28530.25
603.10	27973.21
603.15	28524.11
603.20	27919.96
603.25	29036.10
603.30	27842.14
603.36	26549.87
603.41	25978.48
603.46	26369.65
603.51	25636.47
603.56	26275.44
603.61	27418.21
603.66	28481.10
603.71	29156.93
603.76	27840.09
603.82	30191.16
603.87	30981.67
603.92	29828.66
603.97	27450.97
604.02	27315.81
604.07	28853.83
604.12	31034.92
604.17	30068.28
604.22	28675.66
604.28	28110.42
604.33	27948.63
604.38	28714.57
604.43	27145.83
604.48	24911.49
604.53	25368.19
604.58	24430.22
604.63	24870.53
604.68	22369.96
604.73	23918.23
604.78	25796.21
604.84	25329.28
604.89	26590.83
604.94	26912.36
604.99	26394.22
605.04	27666.01
605.09	26873.45
605.14	26664.55
605.19	26496.62
605.24	25327.23
605.29	25476.73
605.34	25552.51
605.40	26623.59
605.45	26639.98
605.50	26431.08
605.55	25130.62
605.60	22779.56
605.65	23672.47
605.70	25353.85
605.75	27879.00
605.80	25304.70
605.85	25468.54
605.90	26658.41
605.95	26375.79
606.00	23987.86
606.06	23439.00
606.11	22951.59
606.16	23246.49
606.21	23981.71
606.26	25421.44
606.31	25280.13
606.36	25253.50
606.41	25902.71
606.46	26287.73
606.51	26304.11
606.56	24430.22
606.61	23658.14
606.66	25026.18
606.71	26711.66
606.76	25650.81
606.81	24878.72
606.87	25048.71
606.92	26093.17
606.97	28274.26
607.02	29130.31
607.07	29013.57
607.12	26934.88
607.17	28206.67
607.22	28175.95
607.27	25390.72
607.32	25429.63
607.37	26191.47
607.42	26443.37
607.47	24477.32
607.52	24559.24
607.57	25599.61
607.62	29003.33
607.67	29763.13
607.72	28929.61
607.77	28825.16
607.83	27557.47
607.88	25941.62
607.93	23240.35
607.98	22843.04
608.03	24100.50
608.08	24393.36
608.13	24829.57
608.18	27895.38
608.23	27313.76
608.28	26586.73
608.33	26752.62
608.38	29673.02
608.43	29337.15
608.48	25777.78
608.53	24245.90
608.58	24813.19
608.63	24614.54
608.68	24745.61
608.73	23629.46
608.78	22554.28
608.83	23551.64
608.88	26105.46
608.93	25069.19
608.98	23592.60
609.03	23959.19
609.08	23707.29
609.13	22800.04
609.18	21460.66
609.23	21536.44
609.28	22759.08
609.33	25015.94
609.38	24303.25
609.43	24497.80
609.48	23645.85
609.53	24694.41
609.58	24919.68
609.63	24364.68
609.69	22910.63
609.74	23326.36
609.79	24043.15
609.84	23217.82
609.89	25437.82
609.94	25992.82
609.99	22965.92
610.04	21608.12
610.09	23086.75
610.14	23064.22
610.19	22455.98
610.24	23422.62
610.29	24417.93
610.34	23342.75
610.39	22374.06
610.44	22955.68
610.49	24333.96
610.54	26105.46
610.59	25028.23
610.64	22806.18
610.69	22120.11
610.74	21540.54
610.79	22275.76
610.84	24555.15
610.89	24073.87
610.94	25171.58
610.99	25448.06
611.04	25247.36
611.09	25206.40
611.14	26418.80
611.18	24929.92
611.23	23207.58
611.28	21728.95
611.33	21270.20
611.38	22990.50
611.43	25210.50
611.48	25484.92
611.53	25624.18
611.58	24020.63
611.63	24630.92
611.68	24667.78
611.73	25001.60
611.78	27098.72
611.83	26791.53
611.88	25157.25
611.93	24348.30
611.98	24325.77
612.03	22734.50
612.08	22369.96
612.13	22802.08
612.18	22585.00
612.23	22873.76
612.28	22701.73
612.33	24958.60
612.38	26426.99
612.43	24686.22
612.48	22429.35
612.53	22318.76
612.58	23623.32
612.63	24757.89
612.68	23412.38
612.73	22070.96
612.78	21157.57
612.83	21472.95
612.88	23240.35
612.93	22834.85
612.97	22083.25
613.02	23985.81
613.07	22974.11
613.12	21755.57
613.17	19853.01
613.22	21466.81
613.27	22908.58
613.32	25689.72
613.37	26369.65
613.42	23891.60
613.47	22460.07
613.52	22871.71
613.57	22746.79
613.62	22802.08
613.67	23660.18
613.72	24395.40
613.77	24084.11
613.82	23582.36
613.87	24366.73
613.92	22904.48
613.96	22261.42
614.01	21612.21
614.06	20651.72
614.11	23062.18
614.16	23654.04
614.21	23877.27
614.26	25054.85
614.31	23918.23
614.36	22963.87
614.41	21710.52
614.46	21786.29
614.51	22824.61
614.56	22343.34
614.61	21636.79
614.66	20958.91
614.70	20680.39
614.75	21735.09
614.80	22709.93
614.85	23023.26
614.90	24602.25
614.95	24059.54
615.00	22419.11
615.05	22972.07
615.10	24452.75
615.15	25276.03
615.20	25443.96
615.25	25007.75
615.30	24313.48
615.34	25593.47
615.39	23787.16
615.44	22611.62
615.49	22259.37
615.54	22271.66
615.59	22705.83
615.64	23281.31
615.69	23469.72
615.74	24458.89
615.79	24481.42
615.84	23740.05
615.89	22744.74
615.93	21651.13
615.98	22677.16
616.03	23240.35
616.08	24112.78
616.13	23860.88
616.18	22707.88
616.23	22423.21
616.28	20727.49
616.33	18999.01
616.38	21866.16
616.42	23400.09
616.47	23385.76
616.52	24766.09
616.57	25073.28
616.62	25519.74
616.67	25013.89
616.72	24092.30
616.77	22111.92
616.82	22326.96
616.87	22007.47
616.91	21081.79
616.96	19961.55
617.01	20643.52
617.06	21579.45
617.11	22290.09
617.16	23576.22
617.21	24137.36
617.26	24161.94
617.31	24235.66
617.35	22218.41
617.40	20608.71
617.45	19031.77
617.50	20041.42
617.55	19865.30
617.60	20901.57
617.65	20102.86
617.70	19496.66
617.74	20143.82
617.79	22748.84
617.84	23430.81
617.89	22341.29
617.94	22374.06
617.99	22498.98
618.04	21847.73
618.09	22851.24
618.13	22892.19
618.18	21182.14
618.23	19975.89
618.28	20307.66
618.33	20842.18
618.38	22490.79
618.43	23795.35
618.48	25843.32
618.52	23434.91
618.57	22951.59
618.62	22984.35
618.67	22415.02
618.72	20657.86
618.77	21817.01
618.82	21264.06
618.86	22539.94
618.91	23301.79
618.96	24211.09
619.01	23473.82
619.06	23289.50
619.11	23486.11
619.16	22621.86
619.20	20639.43
619.25	18679.52
619.30	18999.01
619.35	20510.41
619.40	21735.09
619.45	20803.27
619.49	21360.31
619.54	20080.33
619.59	20043.47
619.64	19085.02
619.69	21024.45
619.74	21806.77
619.79	22015.66
619.83	20459.21
619.88	18896.61
619.93	20149.96
619.98	20440.78
620.03	21448.38
620.08	21524.15
620.12	22304.43
620.17	20526.79
620.22	20371.15
620.27	20068.05
620.32	20104.91
620.37	19449.56
620.41	18632.42
620.46	18188.01
620.51	19279.58
620.56	20078.29
620.61	20506.31
620.66	20186.83
620.70	20584.13
620.75	21634.74
620.80	20192.97
620.85	17891.06
620.90	18368.23
620.95	18761.44
620.99	19666.64
621.04	21122.75
621.09	21434.04
621.14	20205.26
621.19	21096.13
621.23	20483.78
621.28	20219.60
621.33	19080.92
621.38	19293.91
621.43	19138.27
621.48	19943.12
621.52	20367.05
621.57	20080.33
621.62	21018.30
621.67	20510.41
621.72	20831.94
621.76	20860.61
621.81	20002.51
621.86	20262.60
621.91	19189.47
621.96	20391.62
622.00	21302.97
622.05	21102.27
622.10	21094.08
622.15	22556.33
622.20	20365.00
622.24	19422.94
622.29	18110.19
622.34	17893.10
622.39	18812.64
622.44	19560.15
622.48	20758.21
622.53	21001.92
622.58	20649.67
622.63	20987.58
622.68	20565.70
622.72	21341.88
622.77	21663.41
622.82	21384.89
622.87	19871.44
622.92	20201.16
622.96	19738.32
623.01	19830.48
623.06	20545.22
623.11	19672.79
623.15	18663.14
623.20	17889.01
623.25	17518.32
623.30	19687.12
623.35	19160.80
623.39	18802.40
623.44	17972.97
623.49	18616.04
623.54	16942.85
623.58	16881.41
623.63	17209.08
623.68	18239.21
623.73	18693.86
623.78	18401.00
623.82	19115.74
623.87	19449.56
623.92	18773.73
623.97	18734.82
624.01	17633.01
624.06	17434.36
624.11	16850.69
624.16	15619.86
624.21	16854.78
624.25	17997.55
624.30	17805.04
624.35	17776.37
624.40	18769.63
624.44	18474.73
624.49	17194.75
624.54	16537.35
624.59	16957.18
624.63	17518.32
624.68	16944.89
624.73	18034.41
624.78	18939.61
624.82	19424.98
624.87	20123.34
624.92	19777.23
624.97	19015.39
625.01	18380.52
625.06	18368.23
625.11	17577.72
625.16	16437.00
625.20	17313.53
625.25	17088.25
625.30	16611.07
625.35	17583.86
625.39	17329.91
625.44	16744.19
625.49	17262.33
625.54	19224.28
625.58	19357.40
625.63	18446.05
625.68	17088.25
625.73	16035.60
625.77	15783.70
625.82	16340.74
625.87	17628.92
625.92	17532.66
625.96	18855.65
626.01	18345.70
626.06	17641.20
626.10	17114.87
626.15	16668.42
626.20	16635.65
626.25	16572.16
626.29	17258.23
626.34	17553.14
626.39	16094.99
626.44	15603.47
626.48	15959.82
626.53	16156.43
626.58	16434.95
626.62	17209.08
626.67	17295.10
626.72	16267.02
626.77	17401.59
626.81	17231.61
626.86	17325.82
626.91	16058.12
626.96	15931.15
627.00	15163.16
627.05	15472.40
627.10	15748.88
627.14	16959.23
627.19	17184.51
627.24	16176.91
627.29	15314.71
627.33	14851.87
627.38	15071.00
627.43	15468.31
627.47	16310.02
627.52	16127.75
627.57	16678.66
627.62	17159.93
627.66	17207.03
627.71	15365.91
627.76	15001.37
627.80	15531.80
627.85	16711.42
627.90	17829.62
627.94	16506.63
627.99	16545.54
628.04	16744.19
628.09	15525.65
628.13	17071.87
628.18	18599.65
628.23	17579.76
628.27	16170.76
628.32	15611.67
628.37	14470.95
628.41	14747.42
628.46	15812.37
628.51	15476.50
628.55	14892.83
628.60	15060.76
628.65	14796.57
628.70	13881.13
628.74	14264.10
628.79	16293.64
628.84	17547.00
628.88	17403.64
628.93	16303.88
628.98	15503.12
629.02	15793.94
629.07	16877.31
629.12	17065.72
629.16	16865.02
629.21	17186.55
629.26	18847.46
629.30	19369.69
629.35	18310.89
629.40	17776.37
629.44	17399.54
629.49	15728.40
629.54	15965.96
629.58	16240.39
629.63	16297.74
629.68	15576.85
629.72	15941.39
629.77	16570.12
629.82	16471.81
629.86	16375.56
629.91	16537.35
629.96	17508.08
630.00	16973.56
630.05	17106.68
630.10	16979.71
630.14	17383.16
630.19	17557.24
630.24	17207.03
630.28	15914.77
630.33	15795.98
630.38	14319.40
630.42	14534.43
630.47	14417.70
630.52	15552.27
630.56	16914.17
630.61	17276.66
630.66	15413.01
630.70	13649.71
630.75	14329.64
630.80	14004.01
630.84	14665.50
630.89	14241.57
630.94	13729.58
630.98	14313.25
631.03	15191.83
631.07	15175.45
631.12	15671.06
631.17	16566.02
631.21	16365.32
631.26	15490.84
631.31	15380.25
631.35	14841.63
631.40	14575.39
631.45	14483.24
631.49	14217.00
631.54	14030.63
631.59	14712.61
631.63	14333.73
631.68	14395.17
631.72	14950.17
631.77	14286.63
631.82	13772.59
631.86	13186.87
631.91	12941.11
631.96	12443.46
632.00	12795.71
632.05	14669.60
632.09	16094.99
632.14	15724.30
632.19	15431.44
632.23	14839.58
632.28	14180.14
632.33	13684.53
632.37	13791.02
632.42	13244.21
632.46	14032.68
632.51	14952.22
632.56	14948.12
632.60	13639.47
632.65	13193.01
632.70	13264.69
632.74	13854.51
632.79	13713.20
632.83	13074.23
632.88	12898.11
632.93	13014.84
632.97	13285.17
633.02	14696.22
633.06	15122.20
633.11	14597.92
633.16	14137.13
633.20	14421.80
633.25	13858.60
633.29	13420.34
633.34	13377.33
633.39	13348.66
633.43	12603.20
633.48	12484.42
633.52	13371.19
633.57	13764.40
633.62	14333.73
633.66	14698.27
633.71	13487.92
633.75	12855.10
633.80	11892.55
633.85	12074.82
633.89	12810.04
633.94	13700.91
633.98	14477.09
634.03	13332.28
634.08	12871.48
634.12	13098.81
634.17	14393.12
634.21	15564.56
634.26	14941.98
634.31	14294.82
634.35	13141.82
634.40	12947.26
634.44	12973.88
634.49	13938.48
634.54	13680.43
634.58	13434.68
634.63	13567.79
634.67	13096.76
634.72	12375.88
634.76	13236.02
634.81	13248.31
634.86	12779.32
634.90	13608.75
634.95	14133.03
634.99	13682.48
635.04	12928.83
635.08	14251.81
635.13	15128.35
635.18	15189.78
635.22	14219.05
635.27	13700.91
635.31	12875.58
635.36	12275.52
635.40	11921.23
635.45	13066.04
635.50	13997.87
635.54	14161.70
635.59	13227.83
635.63	12506.95
635.68	12834.62
635.72	12625.73
635.77	13152.06
635.81	13737.77
635.86	14266.15
635.91	14731.04
635.95	14329.64
636.00	13471.54
636.04	13745.97
636.09	13721.39
636.13	13805.36
636.18	13446.96
636.22	12885.82
636.27	12967.74
636.32	13012.79
636.36	12949.31
636.41	13500.21
636.45	14409.51
636.50	14409.51
636.54	13354.80
636.59	12582.72
636.63	12611.39
636.68	12736.32
636.73	13879.08
636.77	14602.02
636.82	15476.50
636.86	15075.10
636.91	13449.01
636.95	12869.44
637.00	12621.63
637.04	12754.75
637.09	13281.08
637.13	13055.80
637.18	13723.44
637.22	13766.45
637.27	13344.56
637.31	12736.32
637.36	11847.50
637.41	12685.12
637.45	13563.70
637.50	13076.28
637.54	12887.87
637.59	12164.93
637.63	13057.85
637.68	13385.52
637.72	13432.63
637.77	13391.67
637.81	12080.97
637.86	11835.21
637.90	12111.69
637.95	12377.92
637.99	12726.08
638.04	13518.64
638.08	13743.92
638.13	14141.22
638.17	13680.43
638.22	13299.51
638.26	12392.26
638.31	11806.54
638.35	11345.75
638.40	11171.67
638.45	11398.99
638.49	12574.53
638.54	12205.89
638.58	11657.04
638.63	11720.53
638.67	12857.15
638.72	12740.41
638.76	13236.02
638.81	12134.21
638.85	11202.39
638.90	11706.19
638.94	12248.90
638.99	12177.22
639.03	12517.19
639.08	12619.58
639.12	12760.89
639.17	12281.67
639.21	11218.77
639.26	10725.21
639.30	10575.71
639.35	10571.61
639.39	10757.98
639.44	11261.78
639.48	11792.20
639.53	11528.02
639.57	11654.99
639.62	11747.15
639.66	11808.59
639.70	11691.85
639.75	10999.64
639.79	10026.86
639.84	9893.74
639.88	10571.61
639.93	10196.84
639.97	11470.67
640.02	12037.96
640.06	12472.13
640.11	12541.76
640.15	11870.03
640.20	11812.68
640.24	11233.11
640.29	10719.07
640.33	11216.72
640.38	12087.11
640.42	12203.85
640.47	12308.29
640.51	12027.72
640.56	11583.31
640.60	11796.30
640.65	12289.86
640.69	11452.24
640.73	11149.14
640.78	10223.46
640.82	10688.35
640.87	11106.13
640.91	11003.74
640.96	10381.15
641.00	10846.04
641.05	10913.63
641.09	11454.29
641.14	11202.39
641.18	11384.66
641.23	11847.50
641.27	11829.07
641.32	11663.18
641.36	11339.60
641.40	10708.83
641.45	10305.38
641.49	10076.01
641.54	10536.80
641.58	10741.60
641.63	10792.80
641.67	11061.08
641.72	10678.11
641.76	11167.57
641.80	11614.03
641.85	11448.15
641.89	11259.73
641.94	10784.60
641.98	10948.44
642.03	11071.32
642.07	11159.38
642.12	10999.64
642.16	10590.05
642.20	11161.43
642.25	11315.03
642.29	11528.02
642.34	12552.00
642.38	12818.24
642.43	11704.14
642.47	11820.88
642.52	12076.87
642.56	11657.04
642.60	11069.27
642.65	10035.05
642.69	9965.42
642.74	10151.78
642.78	9918.31
642.83	10315.62
642.87	10755.93
642.91	11411.28
642.96	11464.53
643.00	11216.72
643.05	10733.40
643.09	10086.25
643.14	10473.31
643.18	11030.36
643.22	11747.15
643.27	11794.25
643.31	12150.60
643.36	11450.19
643.40	11886.41
643.45	11726.67
643.49	10766.17
643.53	10280.80
643.58	10917.72
643.62	11226.96
643.67	11073.37
643.71	11099.99
643.75	11306.84
643.80	11560.78
643.84	11833.16
643.89	11575.12
643.93	11016.02
643.97	11095.89
644.02	11112.28
644.06	10800.99
644.11	10745.69
644.15	11001.69
644.19	11851.60
644.24	11910.99
644.28	11044.70
644.33	10891.10
644.37	10680.16
644.42	11601.74
644.46	11544.40
644.50	10876.76
644.55	11188.05
644.59	11704.14
644.63	12334.92
644.68	11904.84
644.72	10862.43
644.77	10231.65
644.81	9901.93
644.85	10352.48
644.90	10366.82
644.94	10309.47
644.99	10491.74
645.03	10344.29
645.07	10272.61
645.12	10614.62
645.16	11009.88
645.21	10831.71
645.25	10585.95
645.29	10475.36
645.34	10528.61
645.38	10872.67
645.42	10448.74
645.47	10690.40
645.51	10997.59
645.56	11386.71
645.60	11249.49
645.64	11173.72
645.69	11198.29
645.73	10946.39
645.77	10362.72
645.82	9893.74
645.86	9670.51
645.91	9135.99
645.95	8710.01
645.99	8959.86
646.04	9596.78
646.08	10053.48
646.12	10127.21
646.17	9633.64
646.21	9633.64
646.26	9406.32
646.30	9727.85
646.34	9738.09
646.39	9113.46
646.43	8716.16
646.47	8920.95
646.52	9660.27
646.56	9764.72
646.60	9547.63
646.65	9355.12
646.69	8945.53
646.73	9336.69
646.78	9439.09
646.82	9031.54
646.87	8742.78
646.91	8720.25
646.95	9099.13
647.00	9213.81
647.04	9389.94
647.08	9148.28
647.13	8923.00
647.17	9222.00
647.21	9674.60
647.26	10159.97
647.30	9971.56
647.34	10110.82
647.39	10088.29
647.43	9639.79
647.47	9592.69
647.52	9215.86
647.56	8988.53
647.60	8933.24
647.65	9058.17
647.69	9105.27
647.73	8957.82
647.78	9066.36
647.82	9279.35
647.86	8789.88
647.91	8808.31
647.95	8683.39
647.99	8716.15
648.04	8566.65
648.08	8630.14
648.12	8394.62
648.17	8755.07
648.21	8814.46
648.25	8927.10
648.30	9117.56
648.34	8615.80
648.38	8408.96
648.43	8943.48
648.47	9348.98
648.51	8976.25
648.56	8990.58
648.60	8935.29
648.64	9424.75
648.69	9750.38
648.73	9197.43
648.77	9095.03
648.82	9553.77
648.86	9748.33
648.90	10137.45
648.95	9873.26
648.99	10024.81
649.03	9682.80
649.07	9752.43
649.12	9500.53
649.16	8886.14
649.20	9084.79
649.25	8890.23
649.29	8916.86
649.33	8548.22
649.38	8576.89
649.42	8415.10
649.46	8941.43
649.51	9226.10
649.55	9555.82
649.59	9473.90
649.63	8724.35
649.68	8224.64
649.72	7288.72
649.76	7700.36
649.81	8255.36
649.85	8724.35
649.89	9121.65
649.93	9572.21
649.98	9531.25
650.02	9281.39
650.06	9351.03
650.11	9076.60
650.15	9025.40
650.19	9226.10
650.24	9019.25
650.28	8415.10
650.32	8615.80
650.36	8617.85
650.41	8171.40
650.45	7782.28
650.49	7704.46
650.54	8275.84
650.58	8703.87
650.62	8300.42
650.66	7872.39
650.71	8310.66
650.75	8128.39
650.79	8284.03
650.83	8349.57
650.88	8542.08
650.92	9074.55
650.96	8447.87
651.01	8224.64
651.05	8392.58
651.09	8658.81
651.13	8468.35
651.18	8544.13
651.22	8517.50
651.26	8486.78
651.30	8341.38
651.35	8277.89
651.39	7974.79
651.43	8226.69
651.48	8863.61
651.52	8779.64
651.56	8529.79
651.60	8228.74
651.65	8015.75
651.69	7878.54
651.73	7960.45
651.77	8204.16
651.82	8107.91
651.86	8667.00
651.90	8912.76
651.94	8740.73
651.99	8443.78
652.03	8368.00
652.07	8611.71
652.11	8755.07
652.16	8685.44
652.20	8564.61
652.24	8955.77
652.28	9142.13
652.33	8802.17
652.37	8368.00
652.41	7987.08
652.45	8118.15
652.50	7976.84
652.54	8091.52
652.58	7888.78
652.62	7962.50
652.67	8030.09
652.71	8226.69
652.75	8462.21
652.79	8585.09
652.84	8736.63
652.88	8390.53
652.92	8116.10
652.96	7935.88
653.00	8163.20
653.05	8247.17
653.09	8107.91
653.13	8069.00
653.17	8181.64
653.22	8155.01
653.26	8472.45
653.30	8667.00
653.34	8652.67
653.39	8411.01
653.43	8411.01
653.47	8548.22
653.51	8998.77
653.55	8992.63
653.60	8421.25
653.64	8482.69
653.68	8521.60
653.72	8613.76
653.77	8443.78
653.81	8038.28
653.85	8077.19
653.89	8013.70
653.93	8363.90
653.98	8568.70
654.02	8486.78
654.06	7905.16
654.10	7731.08
654.14	7522.19
654.19	7339.92
654.23	7251.86
654.27	7563.15
654.31	7542.67
654.35	8073.09
654.40	8544.13
654.44	8744.83
654.48	8073.09
654.52	7546.76
654.57	7423.89
654.61	7403.41
654.65	7501.71
654.69	7753.61
654.73	7745.42
654.78	7294.86
654.82	7034.77
654.86	6901.65
654.90	7468.94
654.94	8214.40
654.98	8365.95
655.03	8015.75
655.07	8114.05
655.11	8335.23
655.15	8251.27
655.19	8284.03
655.24	7612.30
655.28	7397.26
655.32	7651.21
655.36	8216.45
655.40	8589.18
655.45	7761.80
655.49	7258.00
655.53	6932.37
655.57	6977.43
655.61	7378.83
655.65	7782.28
655.70	7749.51
655.74	7317.39
655.78	6703.00
655.82	6948.76
655.86	7503.76
655.91	7913.35
655.95	7597.96
655.99	7432.08
656.03	7202.71
656.07	6844.31
656.11	7401.36
656.16	7610.25
656.20	7333.78
656.24	7681.93
656.28	8533.89
656.32	8937.34
656.36	8331.14
656.41	7733.13
656.45	7548.81
656.49	7329.68
656.53	7282.58
656.57	7464.85
656.61	7526.29
656.66	7425.93
656.70	7755.66
656.74	8036.23
656.78	8034.18
656.82	7700.36
656.86	7593.87
656.91	7401.36
656.95	7126.93
656.99	7217.04
657.03	7726.99
657.07	7817.10
657.11	8150.92
657.15	7681.93
657.20	7774.09
657.24	8357.76
657.28	8994.68
657.32	8658.81
657.36	8421.25
657.40	8142.72
657.44	7530.38
657.49	7182.23
657.53	7272.34
657.57	7208.85
657.61	7004.05
657.65	7511.95
657.69	7440.27
657.73	7604.11
657.78	7221.14
657.82	6961.05
657.86	6805.40
657.90	6967.19
657.94	7169.94
657.98	7018.39
658.02	7360.40
658.07	7864.20
658.11	7774.09
658.15	8097.67
658.19	7890.82
658.23	7722.89
658.27	7507.85
658.31	7221.14
658.35	6584.22
658.40	6408.09
658.44	6678.43
658.48	6731.67
658.52	6621.08
658.56	6772.63
658.60	7178.13
658.64	7712.65
658.68	7731.08
658.73	7729.03
658.77	7415.69
658.81	7225.23
658.85	7112.60
658.89	7305.10
658.93	7720.84
658.97	7571.34
659.01	6825.88
659.06	6627.23
659.10	6997.91
659.14	7206.80
659.18	7231.38
659.22	7303.06
659.26	7401.36
659.30	7317.39
659.34	6842.26
659.38	7188.37
659.42	7008.15
659.47	6733.72
659.51	6838.17
659.55	6926.23
659.59	7202.71
659.63	7223.19
659.67	6983.57
659.71	6637.47
659.75	6522.78
659.79	6639.51
659.83	6729.63
659.88	6598.56
659.92	6612.89
659.96	6805.40
660.00	6703.00
660.04	6907.80
660.08	6768.54
660.12	6973.33
660.16	7159.70
660.20	7518.09
660.24	7806.86
660.28	7352.21
660.33	7430.03
660.37	6875.03
660.41	6713.24
660.45	6877.08
660.49	7374.74
660.53	8073.09
660.57	8126.34
660.61	7673.74
660.65	7430.03
660.69	6727.58
660.73	6438.81
660.77	6582.17
660.82	7102.36
660.86	7587.72
660.90	7341.97
660.94	7131.03
660.98	7108.50
661.02	7051.16
661.06	7055.25
661.10	6899.61
661.14	6887.32
661.18	7075.73
661.22	6999.96
661.26	6578.08
661.30	6365.09
661.34	6262.69
661.39	6371.23
661.43	6995.86
661.47	6954.90
661.51	7092.12
661.55	7391.12
661.59	7030.68
661.63	6703.00
661.67	6584.22
661.71	6219.68
661.75	6475.68
661.79	6696.86
661.83	6758.30
661.87	6885.27
661.91	7182.23
661.95	7206.80
661.99	7169.94
662.03	7466.89
662.08	7550.86
662.12	7638.92
662.16	7505.81
662.20	7276.43
662.24	6815.64
662.28	6977.43
662.32	6649.75
662.36	6657.95
662.40	6606.75
662.44	6784.92
662.48	6733.72
662.52	6631.32
662.56	6541.21
662.60	6821.78
662.64	6776.73
662.68	6612.89
662.72	7147.41
662.76	7266.19
662.80	6922.13
662.84	7126.93
662.88	7108.50
662.92	6670.23
662.96	6590.36
663.00	6205.35
663.04	6072.23
663.09	5898.15
663.13	5822.38
663.17	5672.87
663.21	6127.52
663.25	6414.24
663.29	6348.70
663.33	6455.20
663.37	6637.47
663.41	6483.87
663.45	6424.48
663.49	6444.96
663.53	6141.86
663.57	5676.97
663.61	5814.18
663.65	8261.51
663.69	6555.55
663.73	6883.22
663.77	6791.06
663.81	7006.10
663.85	6655.90
663.89	6524.83
663.93	6461.34
663.97	6686.62
664.01	6539.16
664.05	6236.06
664.09	5791.66
664.13	5470.12
664.17	5789.61
664.21	6164.39
664.25	6490.01
664.29	6752.15
664.33	6285.22
664.37	6160.29
664.41	6281.12
664.45	5973.92
664.49	5973.92
664.53	5783.46
664.57	5687.21
664.61	5967.78
664.65	6191.01
664.69	6283.17
664.73	6113.19
664.77	6102.95
664.81	6182.82
664.85	6057.89
664.89	6191.01
664.93	5937.06
664.97	6209.44
665.01	5947.30
665.05	6150.05
665.09	5971.88
665.13	5752.74
665.17	5697.45
665.21	5898.15
665.25	5975.97
665.29	6090.66
665.33	5779.37
665.37	5722.02
665.41	5683.11
665.45	5525.42
665.49	5638.06
665.53	5930.92
665.57	6160.29
665.61	6487.96
665.65	6715.29
665.69	6557.60
665.73	6490.01
665.77	6543.26
665.81	6653.85
665.85	6606.75
665.89	6342.56
665.92	6064.04
665.96	5552.04
666.00	5773.22
666.04	6127.52
666.08	6344.61
666.12	6567.84
666.16	5914.53
666.20	5851.05
666.24	5420.97
666.28	5705.64
666.32	5439.40
666.36	5619.63
666.40	5337.01
666.44	5572.52
666.48	5373.87
666.52	5482.41
666.56	5484.46
666.60	5197.74
666.64	5359.53
666.68	5326.77
666.72	5382.06
666.76	5294.00
666.80	5588.91
666.84	5470.12
666.88	5545.90
666.91	5715.88
666.95	5617.58
666.99	5734.31
667.03	5640.11
667.07	5584.81
667.11	5476.27
667.15	5566.38
667.19	5345.20
667.23	5361.58
667.27	5623.72
667.31	5756.84
667.35	5582.76
667.39	5527.47
667.43	5758.89
667.47	5701.54
667.51	5957.54
667.55	5832.62
667.58	5613.48
667.62	5525.42
667.66	5361.58
667.70	5183.41
667.74	5162.93
667.78	5429.17
667.82	5359.53
667.86	5748.65
667.90	5789.61
667.94	5617.58
667.98	5420.97
668.02	5554.09
668.06	5273.52
668.10	4974.52
668.13	4702.14
668.17	4691.90
668.21	4857.78
668.25	4822.97
668.29	4861.88
668.33	4861.88
668.37	4992.95
668.41	5238.70
668.45	5437.36
668.49	5613.48
668.53	5736.36
668.57	5670.83
668.60	4974.52
668.64	4743.10
668.68	5150.64
668.72	5138.35
668.76	5337.01
668.80	5402.54
668.84	5099.44
668.88	5044.15
668.92	4847.54
668.96	4769.72
669.00	4751.29
669.03	5023.67
669.07	5124.02
669.11	5220.27
669.15	5150.64
669.19	5199.79
669.23	5158.83
669.27	5261.23
669.31	5035.96
669.35	5023.67
669.39	5183.41
669.42	4929.46
669.46	4800.44
669.50	4782.01
669.54	4749.24
669.58	4960.18
669.62	4829.11
669.66	4990.90
669.70	5011.38
669.74	4831.16
669.78	4999.09
669.81	4843.45
669.85	4849.59
669.89	4988.85
669.93	4773.82
669.97	4687.80
670.01	4794.29
670.05	4695.99
670.09	4667.32
670.12	4456.38
670.16	4779.96
670.20	4759.48
670.24	4597.69
670.28	4556.73
670.32	4712.38
670.36	4845.49
670.40	4921.27
670.43	4558.78
670.47	4335.55
670.51	4378.56
670.55	4419.52
670.59	4425.66
670.63	4251.58
670.67	4591.55
670.71	4736.95
670.74	4773.82
670.78	4980.66
670.82	4925.36
670.86	4794.29
670.90	4812.73
670.94	4847.54
670.98	4743.10
671.01	4509.63
671.05	4782.01
671.09	5064.63
671.13	5029.81
671.17	4734.90
671.21	4712.38
671.25	4188.10
671.28	4192.19
671.32	4071.36
671.36	4419.52
671.40	4546.49
671.44	4562.87
671.48	4384.70
671.52	4194.24
671.55	4779.96
671.59	4650.94
671.63	4814.77
671.67	4327.36
671.71	4218.82
671.75	3825.61
671.79	3893.19
671.82	3819.46
671.86	3798.98
671.90	3678.15
671.94	3725.26
