lambda  n
476.77	14.34
476.84	14.34
476.91	14.34
476.98	12.29
477.04	-65.53
477.11	96.25
477.18	-14.34
477.25	262.14
477.32	147.45
477.39	-53.25
477.45	-73.73
477.52	20.48
477.59	59.39
477.66	282.62
477.73	165.89
477.80	258.04
477.86	307.20
477.93	401.40
478.00	1497.07
478.07	2545.63
478.14	2537.43
478.21	2699.22
478.27	2461.66
478.34	2650.07
478.41	2832.34
478.48	2648.02
478.55	2756.57
478.62	3098.58
478.68	3033.04
478.75	2637.78
478.82	2615.26
478.89	2822.10
478.96	2758.61
479.02	2809.81
479.09	2758.61
479.16	2822.10
479.23	2770.90
479.30	2867.16
479.37	2725.85
479.43	2494.43
479.50	2512.86
479.57	2631.64
479.64	2557.91
479.71	2582.49
479.77	2447.32
479.84	2901.97
479.91	2746.33
479.98	2973.65
480.05	2519.00
480.11	2648.02
480.18	2873.30
480.25	2727.89
480.32	2697.17
480.39	2729.94
480.45	2873.30
480.52	2904.02
480.59	2684.89
480.66	2738.13
480.73	2813.91
480.79	2682.84
480.86	2949.08
480.93	2699.22
481.00	2822.10
481.07	2838.48
481.13	2635.74
481.20	2772.95
481.27	2633.69
481.34	2799.57
481.41	2869.20
481.47	2727.89
481.54	2594.78
481.61	3004.37
481.68	2719.70
481.74	3057.62
481.81	2959.31
481.88	2934.74
481.95	3209.17
482.02	3536.84
482.08	3190.74
482.15	3000.27
482.22	3020.75
482.29	2932.69
482.35	2836.44
482.42	2926.55
482.49	2844.63
482.56	2969.55
482.63	2797.53
482.69	3160.02
482.76	2910.16
482.83	3147.73
482.90	2994.13
482.96	2777.05
483.03	3074.00
483.10	3366.86
483.17	3354.57
483.24	3231.69
483.30	3162.06
483.37	2910.16
483.44	2797.53
483.51	3278.80
483.57	3014.61
483.64	3127.25
483.71	2746.33
483.78	2861.01
483.84	3096.53
483.91	2908.12
483.98	3141.58
484.05	3450.83
484.11	3166.16
484.18	3241.93
484.25	3184.59
484.32	3260.37
484.38	3332.05
484.45	3622.86
484.52	3551.18
484.59	3710.92
484.65	3526.60
484.72	3065.81
484.79	3182.54
484.86	3323.85
484.92	3688.39
484.99	3411.92
485.06	3026.90
485.13	3231.69
485.19	3416.01
485.26	3233.74
485.33	3188.69
485.40	3213.26
485.46	3309.52
485.53	3622.86
485.60	3590.09
485.67	3303.37
485.73	2928.60
485.80	3147.73
485.87	2953.17
485.94	3407.82
486.00	3395.53
486.07	3596.23
486.14	3440.59
486.20	3796.93
486.27	3028.95
486.34	3176.40
486.41	3096.53
486.47	3370.96
486.54	3479.50
486.61	3833.80
486.68	3676.10
486.74	3821.51
486.81	3536.84
486.88	3459.02
486.94	3215.31
487.01	3426.25
487.08	3590.09
487.15	4032.45
487.21	3815.37
487.28	3887.04
487.35	3514.31
487.41	3522.51
487.48	3764.17
487.55	3891.14
487.62	3256.27
487.68	3295.18
487.75	3741.64
487.82	3821.51
487.88	3485.64
487.95	3831.75
488.02	3803.08
488.09	3692.49
488.15	3710.92
488.22	3674.06
488.29	3155.92
488.35	3258.32
488.42	3149.78
488.49	3950.53
488.56	3719.11
488.62	4003.78
488.69	4011.97
488.76	3960.77
488.82	4110.27
488.89	3803.08
488.96	3538.89
489.02	3669.96
489.09	3989.44
489.16	4362.17
489.22	4241.34
489.29	4061.12
489.36	4165.57
489.43	3839.94
489.49	3456.97
489.56	3622.86
489.63	3825.61
489.69	3936.20
489.76	3848.13
489.83	3968.96
489.89	3686.34
489.96	3698.63
490.03	3819.46
490.09	4622.27
490.16	4224.96
490.23	3590.09
490.29	3727.30
490.36	3672.01
490.43	3758.02
490.50	4163.52
490.56	4259.78
490.63	3968.96
490.70	3897.28
490.76	4061.12
490.83	3891.14
490.90	3848.13
490.96	3629.00
491.03	3747.78
491.10	4038.59
491.16	4229.06
491.23	4069.31
491.30	4337.60
491.36	4065.22
491.43	4095.94
491.50	4167.62
491.56	3956.68
491.63	4009.92
491.70	4386.75
491.76	4116.42
491.83	4255.68
491.90	4255.68
491.96	4577.21
492.03	4554.68
492.10	4468.67
492.16	4431.80
492.23	4437.95
492.30	4333.50
492.36	4255.68
492.43	4558.78
492.50	4577.21
492.56	4282.30
492.63	4655.03
492.70	4634.55
492.76	4317.12
492.83	4657.08
492.89	5220.27
492.96	4626.36
493.03	4661.18
493.09	4605.88
493.16	5009.33
493.23	4521.92
493.29	4347.84
493.36	4513.72
493.43	4583.35
493.49	4517.82
493.56	5134.26
493.63	4429.76
493.69	4980.66
493.76	5365.68
493.82	5085.11
493.89	4960.18
493.96	4757.43
494.02	5420.97
494.09	5392.30
494.16	5521.32
494.22	5017.52
494.29	4763.58
494.36	4923.32
494.42	4960.18
494.49	5486.51
494.55	5287.86
494.62	5365.68
494.69	5025.72
494.75	5615.53
494.82	5263.28
494.89	5191.60
494.95	5212.08
495.02	5375.92
495.08	5556.14
495.15	5439.41
495.22	5220.27
495.28	5031.86
495.35	4894.65
495.42	5091.25
495.48	5334.96
495.55	5457.84
495.61	5375.92
495.68	5849.00
495.75	6039.46
495.81	6326.18
495.88	5670.83
495.94	6102.95
496.01	5734.31
496.08	5347.25
496.14	5625.77
496.21	5812.14
496.28	5779.37
496.34	5758.89
496.41	6250.40
496.47	6553.50
496.54	6035.36
496.61	6100.90
496.67	5988.26
496.74	5250.99
496.80	5638.06
496.87	5904.29
496.94	5855.14
497.00	6291.36
497.07	6616.99
497.13	6852.50
497.20	6465.44
497.27	6588.32
497.33	6191.01
497.40	6641.56
497.46	6180.77
497.53	6416.29
497.60	6514.59
497.66	6473.63
497.73	6377.37
497.79	6703.00
497.86	6561.69
497.93	6561.69
497.99	6469.53
498.06	7061.40
498.12	6588.32
498.19	7298.96
498.25	7360.40
498.32	7661.45
498.39	7552.91
498.45	7903.11
498.52	6723.48
498.58	6999.96
498.65	7286.67
498.72	7243.67
498.78	6338.46
498.85	6391.71
498.91	7067.54
498.98	7026.58
499.04	6977.43
499.11	7034.77
499.18	6619.04
499.24	6825.88
499.31	7442.32
499.37	7610.25
499.44	7436.17
499.50	7851.91
499.57	7802.76
499.64	6967.19
499.70	6811.54
499.77	7550.86
499.83	7563.15
499.90	7749.51
499.96	7636.88
500.03	7329.68
500.09	7741.32
500.16	7810.95
500.23	8095.62
500.29	7993.22
500.36	7757.71
500.42	8009.61
500.49	7917.45
500.55	8271.75
500.62	7686.03
500.68	7739.27
500.75	7966.60
500.82	8050.57
500.88	7583.63
500.95	7931.78
501.01	7364.50
501.08	7896.97
501.14	8492.93
501.21	8509.31
501.27	8701.82
501.34	8525.69
501.41	7749.51
501.47	8484.73
501.54	8480.64
501.60	8550.27
501.67	7985.03
501.73	8142.72
501.80	8839.03
501.86	9191.28
501.93	9703.28
501.99	9060.21
502.06	8509.31
502.12	9185.14
502.19	8648.57
502.26	9170.80
502.32	8982.39
502.39	9590.64
502.45	9756.52
502.52	9774.95
502.58	9715.56
502.65	9858.92
502.71	8753.02
502.78	9025.40
502.84	9453.42
502.91	9375.60
502.97	8509.31
503.04	9326.45
503.10	9205.62
503.17	10155.88
503.23	9895.78
503.30	10243.94
503.37	9441.14
503.43	9928.55
503.50	10577.76
503.56	10977.11
503.63	9551.73
503.69	9893.74
503.76	10123.11
503.82	9164.66
503.89	8769.40
503.95	9674.60
504.02	9611.12
504.08	10110.82
504.15	9518.96
504.21	8992.63
504.28	9478.00
504.34	9777.00
504.41	10192.74
504.47	10639.20
504.54	10334.05
504.60	10823.51
504.67	10540.90
504.73	10522.46
504.80	10377.06
504.86	10053.48
504.93	10579.81
504.99	11351.89
505.06	10506.08
505.12	10737.50
505.19	10393.44
505.25	11554.64
505.32	11169.62
505.38	11798.35
505.45	11640.65
505.51	11304.79
505.58	10872.67
505.64	11716.43
505.71	10948.44
505.77	10835.80
505.84	10821.47
505.90	11118.42
505.97	11083.61
506.03	11468.62
506.10	10825.56
506.16	11040.60
506.23	11102.04
506.29	11444.05
506.36	11607.89
506.42	12115.78
506.49	12054.34
506.55	11554.64
506.62	11513.68
506.68	11841.36
506.75	10766.17
506.81	11523.92
506.87	10930.01
506.94	11415.38
507.00	11466.58
507.07	12074.82
507.13	11669.33
507.20	11726.67
507.26	12810.04
507.33	13848.36
507.39	13342.52
507.46	12369.73
507.52	12560.19
507.59	13029.18
507.65	12709.69
507.72	13717.29
507.78	12326.72
507.85	11960.14
507.91	11636.56
507.97	13307.70
508.04	13600.56
508.10	13993.77
508.17	13784.88
508.23	13408.05
508.30	12994.36
508.36	13612.85
508.43	12422.98
508.49	13053.75
508.56	11636.56
508.62	13078.33
508.69	12422.98
508.75	14059.31
508.81	13657.90
508.88	14325.54
508.94	13481.78
509.01	13696.82
509.07	13401.91
509.14	13741.87
509.20	14524.19
509.27	14999.32
509.33	13940.52
509.39	13725.49
509.46	12642.11
509.52	12668.73
509.59	13252.41
509.65	14405.41
509.72	15253.27
509.78	15234.84
509.85	15521.56
509.91	15415.06
509.97	14004.01
510.04	14540.58
510.10	14792.48
510.17	15466.26
510.23	15234.84
510.30	15157.02
510.36	14960.41
510.42	15689.49
510.49	15855.37
510.55	15675.15
510.62	14737.18
510.68	15165.21
510.75	15011.61
510.81	16338.69
510.88	16486.15
510.94	15431.44
511.00	14325.54
511.07	15628.05
511.13	15984.40
511.20	15470.36
511.26	15949.58
511.32	16396.04
511.39	15728.40
511.45	16045.84
511.52	15566.61
511.58	16834.30
511.65	16592.64
511.71	16629.51
511.77	16011.02
511.84	16133.90
511.90	15572.75
511.97	16570.12
512.03	17749.75
512.09	18800.35
512.16	17452.79
512.22	17020.67
512.29	16719.62
512.35	18349.80
512.42	16899.84
512.48	17293.05
512.54	17473.27
512.61	17972.97
512.67	17325.82
512.74	18204.39
512.80	17159.93
512.86	17247.99
512.93	16428.81
512.99	16641.79
513.06	16203.53
513.12	17577.72
513.18	17762.03
513.25	17872.62
513.31	18259.69
513.38	18570.98
513.44	19185.37
513.50	19488.47
513.57	18446.05
513.63	19093.21
513.69	17866.48
513.76	19095.26
513.82	19711.70
513.89	20172.49
513.95	18679.52
514.01	19760.85
514.08	20469.45
514.14	20152.01
514.21	18691.81
514.27	19365.59
514.33	19392.22
514.40	19136.22
514.46	19238.62
514.53	20582.09
514.59	19603.16
514.65	19357.40
514.72	20106.96
514.78	21073.60
514.84	20590.28
514.91	20876.99
514.97	19656.40
515.04	19955.41
515.10	19738.32
515.16	20250.32
515.23	21067.45
515.29	21335.74
515.35	18482.92
515.42	19531.48
515.48	20528.84
515.54	19881.68
515.61	19508.95
515.67	20301.51
515.74	19611.35
515.80	20278.99
515.86	22134.45
515.93	23891.60
515.99	21333.69
516.05	21909.17
516.12	19984.08
516.18	19048.16
516.24	18697.95
516.31	20299.47
516.37	21081.79
516.44	20790.98
516.50	21561.02
516.56	20827.84
516.63	20496.07
516.69	20692.68
516.75	19435.22
516.82	20088.53
516.88	19760.85
516.94	20948.67
517.01	22183.60
517.07	22689.45
517.13	21092.03
517.20	22800.04
517.26	23389.85
517.32	23811.73
517.39	22472.36
517.45	22019.76
517.52	21229.24
517.58	22087.34
517.64	21888.69
517.71	22517.42
517.77	21382.84
517.83	22634.15
517.90	21753.52
517.96	23518.87
518.02	24102.54
518.09	24034.96
518.15	23680.66
518.21	23768.73
518.28	23940.75
518.34	24200.85
518.40	22673.06
518.47	23955.09
518.53	23129.76
518.59	23029.41
518.66	22566.57
518.72	23117.47
518.78	22015.66
518.85	22939.30
518.91	23963.28
518.97	24434.32
519.03	23244.45
519.10	25935.48
519.16	24979.07
519.22	25915.00
519.29	24655.50
519.35	23189.15
519.41	24030.87
519.48	25769.59
519.54	24549.00
519.60	23717.53
519.67	23971.47
519.73	26080.88
519.79	24886.92
519.86	26338.93
519.92	24895.11
519.98	25208.45
520.05	24661.64
520.11	25413.24
520.17	25056.90
520.23	25110.14
520.30	24917.64
520.36	25544.31
520.42	25497.21
520.49	27309.66
520.55	26453.61
520.61	26420.84
520.68	27592.28
520.74	28558.92
520.80	26377.84
520.87	24807.05
520.93	23379.61
520.99	24456.84
521.05	24911.49
521.12	26359.41
521.18	27741.78
521.24	27332.19
521.31	27389.53
521.37	28558.92
521.43	27194.98
521.49	27510.36
521.56	27178.59
521.62	27295.33
521.68	26723.94
521.75	27700.83
521.81	27082.34
521.87	27080.29
521.93	25349.76
522.00	27606.62
522.06	29636.16
522.12	29552.19
522.19	29892.15
522.25	32521.74
522.31	32413.20
522.37	32384.53
522.44	28255.82
522.50	28804.68
522.56	28266.06
522.63	28622.41
522.69	27764.31
522.75	29693.50
522.81	26949.22
522.88	28347.98
522.94	28010.07
523.00	28929.61
523.06	28184.15
523.13	28157.52
523.19	29779.51
523.25	29347.39
523.32	29302.34
523.38	29457.98
523.44	31499.81
523.50	29744.70
523.57	28413.52
523.63	31143.46
523.69	30866.98
523.75	30754.35
523.82	28999.24
523.88	28544.59
523.94	29642.30
524.00	31127.08
524.07	31532.57
524.13	31391.26
524.19	31198.76
524.25	32581.13
524.32	31823.39
524.38	32947.72
524.44	31772.19
524.50	34119.16
524.57	32859.66
524.63	32411.15
524.69	32828.94
524.75	32556.56
524.82	29394.50
524.88	30662.19
524.94	32349.71
525.00	33048.07
525.07	33074.70
525.13	34330.10
525.19	34657.78
525.25	34756.08
525.32	33211.91
525.38	31456.80
525.44	30697.00
525.50	31985.18
525.57	33545.73
525.63	32980.49
525.69	29648.44
525.75	28704.33
525.82	29302.34
525.88	31096.36
525.94	32032.28
526.00	32206.36
526.07	32767.50
526.13	33814.01
526.19	33025.54
526.25	33080.84
526.31	33537.54
526.38	35220.97
526.44	36378.07
526.50	34921.96
526.56	33592.83
526.63	34563.57
526.69	35722.72
526.75	35890.65
526.81	32589.33
526.87	33021.45
526.94	34055.67
527.00	35935.71
527.06	33201.67
527.12	32849.42
527.19	34289.14
527.25	36378.07
527.31	35528.16
527.37	36773.33
527.43	37922.24
527.50	37852.61
527.56	34926.06
527.62	32773.64
527.68	32734.73
527.75	36169.18
527.81	34508.27
527.87	34559.47
527.93	33226.24
527.99	31600.16
528.06	32398.87
528.12	34104.82
528.18	34907.63
528.24	35087.85
528.30	34063.86
528.37	37115.34
528.43	37518.79
528.49	36017.63
528.55	35694.05
528.61	36742.61
528.68	35870.17
528.74	34563.57
528.80	34964.97
528.86	36701.65
528.92	35157.48
528.99	32585.23
529.05	33863.16
529.11	37537.22
529.17	39718.31
529.23	38151.61
529.29	36851.15
529.36	39495.08
529.42	40926.61
529.48	36627.92
529.54	34907.63
529.60	36163.03
529.67	36830.67
529.73	37094.86
529.79	36474.32
529.85	35263.97
529.91	35325.41
529.98	36951.50
530.04	37858.75
530.10	40342.94
530.16	40027.55
530.22	36503.00
530.28	36144.60
530.35	37342.66
530.41	41899.39
530.47	41207.18
530.53	36072.92
530.59	36863.44
530.65	38186.43
530.72	38647.22
530.78	35360.23
530.84	36414.93
530.90	36443.60
530.96	39048.62
531.02	40791.44
531.09	41928.06
531.15	41008.53
531.21	41954.69
531.27	41207.18
531.33	42038.65
531.39	40078.75
531.46	39701.92
531.52	37107.15
531.58	35405.28
531.64	37606.85
531.70	39595.43
531.76	38225.34
531.83	39507.37
531.89	41145.74
531.95	41282.95
532.01	38016.44
532.07	40424.86
532.13	37711.30
532.19	36908.49
532.26	37113.29
532.32	40385.94
532.38	39671.20
532.44	38618.55
532.50	38962.61
532.56	39237.03
532.63	38669.75
532.69	41282.95
532.75	44197.21
532.81	42435.96
532.87	40301.98
532.93	39300.52
532.99	38956.46
533.06	41160.08
533.12	42063.23
533.18	39984.54
533.24	36468.18
533.30	37320.13
533.36	41553.29
533.42	42220.92
533.48	38823.34
533.55	39886.24
533.61	38684.08
533.67	41106.83
533.73	42501.50
533.79	44082.53
533.85	41803.14
533.91	38016.44
533.98	37637.57
534.04	38886.83
534.10	42820.98
534.16	44039.52
534.22	38899.12
534.28	42749.30
534.34	44488.03
534.40	41514.37
534.47	36265.43
534.53	36040.15
534.59	35210.73
534.65	39382.44
534.71	42022.27
534.77	40768.91
534.83	40449.43
534.89	42417.53
534.95	44211.55
535.02	46591.29
535.08	46658.87
535.14	43705.70
535.20	39699.87
535.26	37780.93
535.32	38622.64
535.38	39749.03
535.44	37901.76
535.50	36900.30
535.57	35610.08
535.63	37176.78
535.69	40988.05
535.75	43132.27
535.81	42681.72
535.87	44631.38
535.93	41514.37
535.99	37664.19
536.05	35616.22
536.11	38567.35
536.18	39505.32
536.24	44107.10
536.30	42433.91
536.36	40375.70
536.42	40037.79
536.48	40443.29
536.54	41598.34
536.60	39822.75
536.66	39374.25
536.72	39880.10
536.79	39929.25
536.85	42388.86
536.91	43761.00
536.97	42098.05
537.03	38854.06
537.09	38571.44
537.15	40830.35
537.21	41352.58
537.27	41420.17
537.33	39949.73
537.39	38262.20
537.45	40764.82
537.52	39189.93
537.58	38636.98
537.64	39048.62
537.70	40680.85
537.76	41887.10
537.82	38731.18
537.88	36675.02
537.94	38657.46
538.00	39370.15
538.06	40246.68
538.12	43201.90
538.18	44160.35
538.24	41172.36
538.31	40607.12
538.37	41366.92
538.43	43115.89
538.49	39581.09
538.55	38667.70
538.61	37666.24
538.67	37338.57
538.73	40060.32
538.79	41778.56
538.85	40795.54
538.91	39577.00
538.97	40177.05
539.03	41229.71
539.09	41168.27
539.15	43117.93
539.21	42259.84
539.28	42255.74
539.34	42675.57
539.40	41147.79
539.46	37371.33
539.52	37424.58
539.58	39921.05
539.64	40482.20
539.70	39265.70
539.76	38725.04
539.82	40342.94
539.88	40912.27
539.94	40783.25
540.00	43650.41
540.06	42481.02
540.12	41680.26
540.18	38247.86
540.24	39738.79
540.30	42163.58
540.36	42478.97
540.42	40119.71
540.49	39957.92
540.55	40676.76
540.61	41368.97
540.67	40557.97
540.73	41766.27
540.79	43801.96
540.85	43636.07
540.91	44006.75
540.97	38768.05
541.03	37221.83
541.09	38127.03
541.15	37815.74
541.21	40869.26
541.27	43294.06
541.33	43324.78
541.39	44332.38
541.45	43681.13
541.51	43505.00
541.57	43326.83
541.63	39787.94
541.69	38571.44
541.75	36896.20
541.81	40218.01
541.87	41454.98
541.93	42345.85
541.99	41485.70
542.05	40889.74
542.11	41930.11
542.17	43384.17
542.23	42046.85
542.29	42444.15
542.35	41788.80
542.41	42245.50
542.47	42704.24
542.53	40551.83
542.59	39935.39
542.65	39562.66
542.71	38925.74
542.77	40033.69
542.83	41727.36
542.89	42775.92
542.95	40947.09
543.01	41313.67
543.07	43304.30
543.13	41872.77
543.19	38899.12
543.25	41293.19
543.31	43169.13
543.37	40287.64
543.43	40818.07
543.49	42169.72
543.55	42571.13
543.61	41405.83
543.67	42718.58
543.73	46705.98
543.79	45911.36
543.85	43521.38
543.91	40711.57
543.97	41405.83
544.03	41739.65
544.09	41481.61
544.15	39566.76
544.21	38077.88
544.27	39339.43
544.33	39683.49
544.39	37699.01
544.45	38755.76
544.51	40127.90
544.57	40844.69
544.63	42294.65
544.69	42605.94
544.75	39185.83
544.81	37385.67
544.87	38348.21
544.93	40119.71
544.99	40414.62
545.05	43971.94
545.11	46089.54
545.17	45229.39
545.23	44578.14
545.29	44131.68
545.35	41117.07
545.41	43537.77
545.47	43732.32
545.53	40007.07
545.59	40205.72
545.65	41239.95
545.71	37965.24
545.77	38722.99
545.83	39964.06
545.89	42014.08
545.95	41614.72
546.01	40818.07
546.07	40621.46
546.13	39052.72
546.19	37934.53
546.25	38786.48
546.31	40867.22
546.37	44541.27
546.42	44885.33
546.48	40418.71
546.54	39904.67
546.60	43507.05
546.66	43091.31
546.72	40138.14
546.78	38561.20
546.84	38831.54
546.90	38086.07
546.96	36697.55
547.02	38397.37
547.08	40076.70
547.14	39550.37
547.20	40095.13
547.26	45110.61
547.32	44070.24
547.38	41227.66
547.44	41690.50
547.50	41930.11
547.56	41020.81
547.62	39685.54
547.67	39464.36
547.73	39679.39
547.79	41143.69
547.85	40553.88
547.91	39609.76
547.97	40562.07
548.03	43922.79
548.09	42569.08
548.15	43687.27
548.21	43218.28
548.27	41282.95
548.33	41504.13
548.39	41356.68
548.45	39081.39
548.51	36660.69
548.56	35806.69
548.62	39024.04
548.68	42556.79
548.74	43838.82
548.80	43758.95
548.86	39873.95
548.92	38722.99
548.98	41553.29
549.04	41241.99
549.10	40715.67
549.16	40351.13
549.22	40703.38
549.28	43591.01
549.34	43767.14
549.39	41958.78
549.45	38485.43
549.51	35472.87
549.57	40084.89
549.63	40773.01
549.69	38708.66
549.75	39873.95
549.81	41098.64
549.87	40521.11
549.93	38712.75
549.99	39763.36
550.04	40908.18
550.10	41637.25
550.16	41289.10
550.22	42433.91
550.28	43330.92
550.34	45999.43
550.40	43959.65
550.46	41416.07
550.52	37357.00
550.58	37457.35
550.64	38606.26
550.69	38481.33
550.75	40967.57
550.81	44379.48
550.87	44514.65
550.93	42601.85
550.99	44744.02
551.05	45628.74
551.11	43011.44
551.17	40420.76
551.23	42571.13
551.28	46546.23
551.34	44346.72
551.40	40396.18
551.46	39642.53
551.52	38770.10
551.58	36318.68
551.64	38985.13
551.70	40580.50
551.76	40074.65
551.81	40818.07
551.87	41837.95
551.93	41645.44
551.99	41833.86
552.05	41504.13
552.11	40562.07
552.17	40820.11
552.23	41344.39
552.28	45260.11
552.34	44694.87
552.40	42980.72
552.46	41106.83
552.52	40394.14
552.58	38823.34
552.64	41356.68
552.70	42257.79
552.75	42929.52
552.81	44705.11
552.87	42767.73
552.93	42855.79
552.99	42022.27
553.05	40572.31
553.11	42345.85
553.17	45358.41
553.22	45559.11
553.28	43007.34
553.34	38460.85
553.40	36017.63
553.46	37285.32
553.52	39347.62
553.58	41706.88
553.63	42929.52
553.69	43949.41
553.75	43345.26
553.81	43386.22
553.87	41608.58
553.93	38610.35
553.99	42386.81
554.04	44406.11
554.10	42771.83
554.16	41663.88
554.22	41014.67
554.28	40015.26
554.34	41201.04
554.40	42198.40
554.45	42564.98
554.51	40730.00
554.57	42241.40
554.63	43642.21
554.69	41942.40
554.75	41239.95
554.80	40404.38
554.86	40080.80
554.92	39153.07
554.98	37510.60
555.04	41055.63
555.10	42351.99
555.16	43662.69
555.21	43738.47
555.27	39493.03
555.33	39275.94
555.39	42190.20
555.45	42868.08
555.51	43783.52
555.56	41708.93
555.62	40119.71
555.68	41405.83
555.74	41536.90
555.80	39675.30
555.86	38616.50
555.91	39120.30
555.97	41993.60
556.03	44191.07
556.09	42988.91
556.15	41688.45
556.20	39005.61
556.26	39919.01
556.32	38856.11
556.38	41098.64
556.44	38743.47
556.50	35997.15
556.55	37412.29
556.61	40592.79
556.67	41211.28
556.73	40261.02
556.79	37598.66
556.84	38821.30
556.90	43040.11
556.96	43390.31
557.02	40086.94
557.08	38487.48
557.14	38946.22
557.19	41502.09
557.25	41012.62
557.31	39611.81
557.37	39312.81
557.43	38800.82
557.48	39552.42
557.54	41424.26
557.60	41086.35
557.66	41696.64
557.72	40889.74
557.77	40039.84
557.83	41461.13
557.89	40734.10
557.95	38919.60
558.01	38522.29
558.06	38444.47
558.12	37598.66
558.18	39032.24
558.24	38360.50
558.30	38987.18
558.35	41305.48
558.41	42808.69
558.47	41389.45
558.53	39939.49
558.59	36611.54
558.64	37553.60
558.70	35126.76
558.76	36445.65
558.82	39615.91
558.88	39134.63
558.93	38766.00
558.99	41893.25
559.05	42368.38
559.11	40719.76
559.16	39857.57
559.22	40109.47
559.28	38692.27
559.34	38102.46
559.40	39316.90
559.45	38155.71
559.51	39048.62
559.57	37604.80
559.63	40091.04
559.68	40715.67
559.74	39335.34
559.80	37459.40
559.86	37971.39
559.92	36203.99
559.97	39019.95
560.03	41846.15
560.09	40443.29
560.15	41727.36
560.20	40531.35
560.26	37635.52
560.32	37924.29
560.38	38981.04
560.43	42147.20
560.49	41592.20
560.55	39591.33
560.61	38286.78
560.66	39167.40
560.72	37696.96
560.78	37887.42
560.84	38294.97
560.90	41155.98
560.95	41579.91
561.01	41166.22
561.07	42780.02
561.13	41414.02
561.18	39024.04
561.24	40400.28
561.30	41883.01
561.36	42161.53
561.41	38323.64
561.47	36459.99
561.53	36933.07
561.59	35532.26
561.64	37801.41
561.70	38794.67
561.76	40340.89
561.82	42790.26
561.87	41805.19
561.93	37268.94
561.99	38129.08
562.05	37752.26
562.10	41700.74
562.16	44539.22
562.22	41399.69
562.27	39185.83
562.33	39011.76
562.39	36998.60
562.45	36099.55
562.50	35059.18
562.56	36580.82
562.62	38421.94
562.68	41641.35
562.73	40002.97
562.79	36971.98
562.85	37201.35
562.91	35818.97
562.96	36789.71
563.02	39630.24
563.08	39425.45
563.13	41000.33
563.19	44297.56
563.25	41524.61
563.31	38735.28
563.36	37506.50
563.42	36689.36
563.48	35335.65
563.53	36939.21
563.59	37965.24
563.65	39751.07
563.71	39572.90
563.76	40621.46
563.82	42757.49
563.88	41293.19
563.94	38534.58
563.99	37166.54
564.05	38141.37
564.11	38014.40
564.16	37250.50
564.22	38931.89
564.28	39941.53
564.33	37991.87
564.39	36427.22
564.45	36625.87
564.51	36996.56
564.56	39364.01
564.62	40132.00
564.68	40848.78
564.73	41117.07
564.79	37707.20
564.85	41147.79
564.91	40166.81
564.96	38327.74
565.02	37580.23
565.08	37561.79
565.13	35778.01
565.19	36687.31
565.25	38452.66
565.30	37193.16
565.36	38071.74
565.42	38827.44
565.47	38903.21
565.53	38325.69
565.59	35253.73
565.65	33537.54
565.70	37049.80
565.76	38356.41
565.82	37602.75
565.87	38133.18
565.93	38454.71
565.99	35474.91
566.04	36308.44
566.10	37985.72
566.16	38763.95
566.21	38989.23
566.27	37856.70
566.33	36904.40
566.38	36416.98
566.44	38618.55
566.50	40326.55
566.55	41782.66
566.61	39740.83
566.67	37520.84
566.73	37672.39
566.78	38745.52
566.84	37182.92
566.90	36435.41
566.95	36726.22
567.01	38380.98
567.07	40123.80
567.12	40506.77
567.18	36845.01
567.24	33990.14
567.29	33281.54
567.35	35888.60
567.41	37785.02
567.46	36953.55
567.52	39650.72
567.58	37602.75
567.63	36703.70
567.69	39308.71
567.75	38624.69
567.80	37479.88
567.86	39425.45
567.91	41606.53
567.97	39949.73
568.03	40074.65
568.08	38450.61
568.14	36228.57
568.20	36394.45
568.25	35894.75
568.31	33641.98
568.37	36335.06
568.42	38454.71
568.48	38774.19
568.54	37576.13
568.59	37887.42
568.65	37225.93
568.71	36482.52
568.76	35700.19
568.82	37969.34
568.88	39898.53
568.93	40711.57
568.99	42409.34
569.04	40934.80
569.10	35018.22
569.16	32085.53
569.21	34352.63
569.27	35704.29
569.33	35024.36
569.38	38372.79
569.44	39318.95
569.50	37512.64
569.55	37680.58
569.61	38503.86
569.66	39132.59
569.72	37025.23
569.78	36468.18
569.83	37813.70
569.89	40664.47
569.95	41219.47
570.00	37793.22
570.06	35411.43
570.11	34702.83
570.17	33816.06
570.23	34346.48
570.28	36398.55
570.34	40279.45
570.40	40836.50
570.45	39853.47
570.51	37778.88
570.56	36853.20
570.62	38481.33
570.68	38856.11
570.73	40715.67
570.79	36744.66
570.85	33375.75
570.90	33236.48
570.96	34293.24
571.01	35081.70
571.07	34233.85
571.13	34602.48
571.18	36079.07
571.24	36974.03
571.29	39263.66
571.35	40639.89
571.41	40035.74
571.46	38102.46
571.52	34379.25
571.57	32443.92
571.63	34133.50
571.69	36785.61
571.74	38845.87
571.80	36601.30
571.85	34637.30
571.91	32253.46
571.97	35698.14
572.02	38751.66
572.08	38983.09
572.13	39329.19
572.19	37744.06
572.25	35431.91
572.30	35747.29
572.36	38235.58
572.41	39529.89
572.47	35632.61
572.53	32869.90
572.58	33828.35
572.64	37234.12
572.69	38811.06
572.75	38467.00
572.80	39671.20
572.86	39810.46
572.92	38985.13
572.97	38278.58
573.03	34907.63
573.08	33658.37
573.14	34057.72
573.20	34309.62
573.25	34608.62
573.31	35653.09
573.36	36683.22
573.42	37172.68
573.47	35923.42
573.53	35020.27
573.59	37080.52
573.64	37920.19
573.70	34412.02
573.75	33629.69
573.81	35585.50
573.86	38755.76
573.92	36070.87
573.98	33641.98
574.03	35048.94
574.09	37731.78
574.14	38856.11
574.20	33588.74
574.25	30840.36
574.31	32542.22
574.37	35085.80
574.42	35349.99
574.48	35843.55
574.53	36967.88
574.59	36656.59
574.64	35843.55
574.70	34745.84
574.75	36066.78
574.81	35702.24
574.87	35419.62
574.92	34704.88
574.98	38409.65
575.03	37881.28
575.09	37793.22
575.14	35673.57
575.20	32921.10
575.25	33885.69
575.31	34575.86
575.37	36900.30
575.42	36146.65
575.48	34352.63
575.53	32462.35
575.59	34551.28
575.64	37281.22
575.70	36734.42
575.75	35954.14
575.81	35900.89
575.86	34442.74
575.92	33799.68
575.98	37324.23
576.03	38972.85
576.09	36230.62
576.14	34588.14
576.20	33648.13
576.25	33009.16
576.31	33775.10
576.36	35093.99
576.42	33512.96
576.47	35190.25
576.53	35702.24
576.58	34483.70
576.64	35984.86
576.69	37201.35
576.75	35864.03
576.81	33531.39
576.86	32699.92
576.92	33091.08
576.97	33736.19
577.03	35210.73
577.08	39325.10
577.14	37672.39
577.19	36652.50
577.25	33832.44
577.30	33121.80
577.36	32069.14
577.41	33742.33
577.47	33474.05
577.52	34756.08
577.58	34999.79
577.63	36232.66
577.69	35960.28
577.74	35173.86
577.80	36357.59
577.85	34713.07
577.91	35425.76
577.96	35937.76
578.02	34932.20
578.07	33508.86
578.13	34176.50
578.18	36943.31
578.24	33842.68
578.29	32577.04
578.35	34424.31
578.40	35395.04
578.46	34790.89
578.51	34737.65
578.57	35532.26
578.62	34616.82
578.68	34094.58
578.73	34483.70
578.79	35433.96
578.84	32001.56
578.90	31172.13
578.95	32316.95
579.01	31807.00
579.06	33945.08
579.12	36314.58
579.17	36156.89
579.23	35345.89
579.28	33627.65
579.34	33576.45
579.39	32034.33
579.45	33715.71
579.50	32826.89
579.56	33787.39
579.61	36560.34
579.67	35274.21
579.72	33992.19
579.78	33431.04
579.83	31966.74
579.89	32019.99
579.94	33324.55
580.00	32499.22
580.05	32005.66
580.11	32996.87
580.16	33340.93
580.22	33502.72
580.27	32777.74
580.32	34608.62
580.38	36724.18
580.43	34432.50
580.49	33897.98
580.54	35122.66
580.60	37078.47
580.65	35153.38
580.71	32282.13
580.76	32316.95
580.82	34117.11
580.87	32265.75
580.93	32673.29
580.98	33211.91
581.04	33291.78
581.09	34944.49
581.14	36623.83
581.20	36296.15
581.25	35042.79
581.31	31856.15
581.36	30234.16
581.42	31716.89
581.47	33451.52
581.53	35317.22
581.58	34432.50
581.64	32089.62
581.69	32505.36
581.75	34967.02
581.80	32345.62
581.85	32964.10
581.91	34455.03
581.96	35800.54
582.02	35268.07
582.07	33799.68
582.13	33940.99
582.18	35182.06
582.24	35427.81
582.29	32853.51
582.34	32235.03
582.40	32314.90
582.45	32857.61
582.51	34330.10
582.56	34389.49
582.62	31704.60
582.67	30275.12
582.73	32587.28
582.78	31356.45
582.83	31389.22
582.89	32595.47
582.94	33455.62
583.00	30555.69
583.05	30789.16
583.11	32953.87
583.16	35335.65
583.21	32929.29
583.27	30875.18
583.32	30549.55
583.38	29400.64
583.43	29566.52
583.49	30168.63
583.54	31213.09
583.59	32278.04
583.65	33347.08
583.70	33949.18
583.76	33986.04
583.81	33762.81
583.87	33330.69
583.92	31974.94
583.97	31954.46
584.03	30133.81
584.08	30383.66
584.14	30398.00
584.19	28794.44
584.24	28778.06
584.30	31378.98
584.35	31168.04
584.41	29187.65
584.46	29980.21
584.52	31358.50
584.57	31903.26
584.62	31473.18
584.68	31446.56
584.73	32325.14
584.79	32865.80
584.84	33621.50
584.89	33408.51
584.95	32007.70
585.00	30490.16
585.06	29298.24
585.11	28419.66
585.16	29296.19
585.22	31364.64
585.27	33965.56
585.33	31809.05
585.38	28386.89
585.43	30236.21
585.49	31542.81
585.54	32591.37
585.60	29273.67
585.65	28876.36
585.70	31209.00
585.76	33670.65
585.81	32046.62
585.87	32265.75
585.92	28966.47
585.97	27395.68
586.03	30000.69
586.08	33596.93
586.13	33168.90
586.19	32857.61
586.24	33809.92
586.30	32550.42
586.35	31305.25
586.40	29560.38
586.46	29869.62
586.51	32200.21
586.57	31602.21
586.62	33027.59
586.67	29777.47
586.73	27164.26
586.78	28356.18
586.83	29234.75
586.89	29695.55
586.94	28612.17
587.00	28966.47
587.05	30002.74
587.10	32462.35
587.16	33199.62
587.21	30250.55
587.26	29498.94
587.32	29564.48
587.37	29881.91
587.42	31102.50
587.48	32542.22
587.53	33242.63
587.59	31098.41
587.64	28102.23
587.69	30783.02
587.75	34401.78
587.80	34489.84
587.85	33363.46
587.91	32052.76
587.96	31594.01
588.01	33082.89
588.07	33089.03
588.12	33074.70
588.17	31233.57
588.23	28487.25
588.28	29113.92
588.34	31315.49
588.39	32187.92
588.44	31401.50
588.50	30793.26
588.55	29439.55
588.60	27786.84
588.66	27416.16
588.71	29216.32
588.76	31878.68
588.82	31254.05
588.87	30815.79
588.92	31575.58
588.98	32441.87
589.03	32101.91
589.08	30758.44
589.14	30932.52
589.19	33009.16
589.24	33037.83
589.30	30897.70
589.35	29869.62
589.40	30508.59
589.46	29738.55
589.51	29941.30
589.56	30029.37
589.62	29556.28
589.67	29494.85
589.72	27328.10
589.78	29222.47
589.83	32675.34
589.88	29257.28
589.94	29730.36
589.99	32618.00
590.04	32622.09
590.10	31821.34
590.15	29134.40
590.20	29609.53
590.26	30774.83
590.31	30496.30
590.36	28966.47
590.42	29371.97
590.47	29324.86
590.52	28585.55
590.58	27944.53
590.63	28261.97
590.68	28984.90
590.74	31073.83
590.79	31129.12
590.84	31933.98
590.89	32091.67
590.95	31901.21
591.00	29597.24
591.05	29509.18
591.11	30869.03
591.16	30539.31
591.21	28083.80
591.27	29058.63
591.32	28128.85
591.37	28814.92
591.43	28868.17
591.48	28919.37
591.53	28599.88
591.58	28098.13
591.64	25931.38
591.69	27287.14
591.74	28272.21
591.80	28294.74
591.85	30289.46
591.90	30430.77
591.96	30606.89
592.01	28894.79
592.06	27899.48
592.11	29095.49
592.17	29613.63
592.22	29124.16
592.27	27401.82
592.33	27504.22
592.38	27530.84
592.43	28622.41
592.48	28425.81
592.54	28634.70
592.59	30180.92
592.64	28855.88
592.70	28653.13
592.75	29183.55
592.80	29802.04
592.85	28583.50
592.91	27395.68
592.96	28603.98
593.01	29591.10
593.07	31149.60
593.12	30522.93
593.17	29472.32
593.22	29257.28
593.28	28862.02
593.33	29060.68
593.38	29824.57
593.44	27778.65
593.49	27461.21
593.54	28323.41
593.59	29400.64
593.65	27197.02
593.70	26852.97
593.75	27919.96
593.80	29353.54
593.86	26951.27
593.91	27985.49
593.96	29029.96
594.01	29337.15
594.07	28841.54
594.12	28485.20
594.17	28790.34
594.23	28542.54
594.28	28278.35
594.33	27688.54
594.38	25472.64
594.44	26314.35
594.49	26445.42
594.54	27573.85
594.59	28487.25
594.65	27850.33
594.70	29775.42
594.75	30807.59
594.80	32665.10
594.86	31102.50
594.91	26979.94
594.96	26873.45
595.01	28171.86
595.07	27776.60
595.12	25374.33
595.17	24678.02
595.22	26297.97
595.28	28673.61
595.33	30152.24
595.38	27686.49
595.43	26185.33
595.49	25806.45
595.54	27059.81
595.59	27616.86
595.64	28782.15
595.69	27297.38
595.75	27676.25
595.80	26812.01
595.85	27496.03
595.90	28276.30
595.96	28186.19
596.01	27479.64
596.06	25824.89
596.11	24739.46
596.17	26084.98
596.22	28296.78
596.27	27111.01
596.32	25290.37
596.38	24776.33
596.43	26705.51
596.48	26918.50
596.53	27754.07
596.58	28477.01
596.64	27053.67
596.69	27154.02
596.74	27367.01
596.79	27520.60
596.85	26998.37
596.90	26459.76
596.95	25144.96
597.00	25376.38
597.05	26140.27
597.11	24821.38
597.16	24467.08
597.21	25843.32
597.26	25063.04
597.31	25411.20
597.37	27477.60
597.42	26580.59
597.47	23408.28
597.52	23217.82
597.57	23529.11
597.63	25298.56
597.68	26101.36
597.73	24813.19
597.78	24039.06
597.84	24694.41
597.89	26279.54
597.94	27250.27
597.99	27358.81
598.04	27016.80
598.10	26590.83
598.15	26406.51
598.20	25886.32
598.25	24034.96
598.30	24936.07
598.36	26918.50
598.41	26934.88
598.46	26447.47
598.51	26760.81
598.56	25437.82
598.61	24184.46
598.67	25370.24
598.72	25663.10
598.77	25857.65
598.82	25736.82
598.87	25001.60
598.93	24667.78
598.98	25618.04
599.03	25448.06
599.08	26013.30
599.13	26441.32
599.19	26762.86
599.24	26404.46
599.29	26437.23
599.34	25482.88
599.39	24532.62
599.44	23633.56
599.50	23066.27
599.55	23563.93
599.60	24856.20
599.65	29437.50
599.70	29032.00
599.75	26936.93
599.81	24993.41
599.86	24641.16
599.91	25085.57
599.96	25812.60
600.01	25785.97
600.07	27092.58
600.12	26824.29
600.17	25624.18
600.22	24542.86
600.27	23977.62
600.32	24301.20
600.38	25632.38
600.43	26988.13
600.48	27842.14
600.53	28347.98
600.58	26988.13
600.63	26351.21
600.68	26857.06
600.74	25595.51
600.79	26054.26
600.84	26080.88
600.89	27158.11
600.94	27758.17
600.99	26965.60
601.05	25372.28
601.10	24946.31
601.15	27913.81
601.20	26758.76
601.25	25906.80
601.30	25839.22
601.35	22998.69
601.41	23953.04
601.46	23496.35
601.51	23930.51
601.56	25962.10
601.61	28636.75
601.66	27395.68
601.71	24755.85
601.77	25247.36
601.82	26316.40
601.87	26908.26
601.92	28364.37
601.97	26969.70
602.02	23279.26
602.07	23422.62
602.13	25065.09
602.18	25276.03
602.23	25122.43
602.28	25708.15
602.33	27838.04
602.38	27213.41
602.43	26254.96
602.48	24983.17
602.54	25222.78
602.59	26578.54
602.64	25439.87
602.69	23967.38
602.74	23406.23
602.79	25771.64
602.84	26603.11
602.89	24465.03
602.95	24493.71
603.00	24260.24
603.05	24362.64
603.10	23678.61
603.15	23301.79
603.20	25400.96
603.25	25564.79
603.30	25126.53
603.36	25007.75
603.41	24831.62
603.46	25192.06
603.51	26463.85
603.56	26166.90
603.61	25824.89
603.66	26529.39
603.71	26855.01
603.76	24915.59
603.82	25429.63
603.87	25106.05
603.92	22857.38
603.97	21925.55
604.02	24673.93
604.07	26936.93
604.12	27186.79
604.17	24534.67
604.22	24637.06
604.28	25673.34
604.33	24176.27
604.38	22867.62
604.43	21857.97
604.48	21733.04
604.53	22517.42
604.58	21384.89
604.63	21470.90
604.68	22097.58
604.73	23342.75
604.78	24057.49
604.84	24381.07
604.89	24317.58
604.94	24161.94
604.99	24149.65
605.04	22869.67
605.09	21860.02
605.14	21198.52
605.19	22869.67
605.24	24104.59
605.29	24708.74
605.34	24133.26
605.40	23940.75
605.45	24735.37
605.50	24254.09
605.55	25233.02
605.60	25175.68
605.65	24127.12
605.70	23236.25
605.75	23013.02
605.80	21354.17
605.85	21352.12
605.90	21880.50
605.95	23010.98
606.00	23023.26
606.06	22402.73
606.11	21497.53
606.16	20020.94
606.21	20410.06
606.26	22134.45
606.31	23092.90
606.36	23770.77
606.41	23764.63
606.46	24264.33
606.51	25665.14
606.56	24936.07
606.61	23701.14
606.66	22433.45
606.71	22187.69
606.76	22736.55
606.81	22449.83
606.87	22249.13
606.92	22525.61
606.97	23236.25
607.02	21978.80
607.07	20967.10
607.12	19652.31
607.17	21413.56
607.22	22478.50
607.27	23619.22
607.32	24968.84
607.37	27246.18
607.42	26334.83
607.47	23047.84
607.52	23844.50
607.57	22175.41
607.62	21847.73
607.67	21536.44
607.72	22265.52
607.77	22163.12
607.83	21886.64
607.88	21649.08
607.93	21587.64
607.98	22531.75
608.03	23590.55
608.08	24213.13
608.13	22648.49
608.18	22302.38
608.23	22423.21
608.28	22763.17
608.33	24125.07
608.38	25222.78
608.43	26316.40
608.48	24688.26
608.53	21765.81
608.58	20555.46
608.63	21896.88
608.68	23082.66
608.73	22693.54
608.78	23672.47
608.83	23932.56
608.88	23502.49
608.93	23811.73
608.98	23109.28
609.03	21860.02
609.08	21599.93
609.13	20448.97
609.18	20692.68
609.23	22574.76
609.28	22775.46
609.33	22705.83
609.38	23467.67
609.43	23660.18
609.48	21663.41
609.53	22447.79
609.58	23178.91
609.63	23242.40
609.69	21190.33
609.74	21610.17
609.79	23807.64
609.84	23508.63
609.89	23869.08
609.94	22869.67
609.99	20881.09
610.04	19392.22
610.09	20991.68
610.14	21638.84
610.19	21837.49
610.24	21884.59
610.29	22908.58
610.34	23633.56
610.39	23027.36
610.44	21358.27
610.49	20786.88
610.54	21350.07
610.59	22001.33
610.64	22613.67
610.69	23324.32
610.74	22333.10
610.79	21690.04
610.84	23623.32
610.89	22843.04
610.94	21163.71
610.99	20770.50
611.04	21311.16
611.09	20700.87
611.14	20618.95
611.18	20397.77
611.23	21573.30
611.28	22486.70
611.33	20700.87
611.38	19771.09
611.43	21339.83
611.48	24280.72
611.53	23531.16
611.58	23273.12
611.63	22462.12
611.68	21870.26
611.73	21872.31
611.78	23410.33
611.83	24630.92
611.88	22013.62
611.93	20289.23
611.98	21200.57
612.03	20838.08
612.08	19697.36
612.13	19285.72
612.18	20143.82
612.23	20444.87
612.28	21206.72
612.33	22003.38
612.38	22251.18
612.43	20999.87
612.48	20739.78
612.53	20801.22
612.58	20967.10
612.63	21671.61
612.68	21206.72
612.73	20733.64
612.78	20606.66
612.83	21270.20
612.88	20829.89
612.93	20088.53
612.97	20168.40
613.02	20594.37
613.07	19392.22
613.12	18020.08
613.17	17884.91
613.22	18734.82
613.27	19443.42
613.32	20580.04
613.37	22240.94
613.42	23910.04
613.47	22609.58
613.52	22376.11
613.57	21274.30
613.62	19728.08
613.67	20209.36
613.72	20125.39
613.77	19449.56
613.82	19861.20
613.87	20901.57
613.92	19885.78
613.96	18444.01
614.01	19615.44
614.06	19871.44
614.11	19332.82
614.16	18802.40
614.21	17921.77
614.26	18259.69
614.31	17778.42
614.36	19322.59
614.41	21509.82
614.46	22224.56
614.51	21046.97
614.56	19748.56
614.61	19162.84
614.66	18982.62
614.70	18405.10
614.75	19076.83
614.80	20317.90
614.85	20520.65
614.90	21288.64
614.95	21429.94
615.00	21159.61
615.05	20301.51
615.10	19427.03
615.15	18030.32
615.20	16985.85
615.25	17516.28
615.30	17635.06
615.34	20084.43
615.39	19011.29
615.44	18700.00
615.49	19189.47
615.54	21284.54
615.59	23062.18
615.64	23221.92
615.69	22685.35
615.74	21429.94
615.79	21044.93
615.84	20149.96
615.89	19089.12
615.93	18734.82
615.98	18282.22
616.03	19197.66
616.08	19967.70
616.13	19320.54
616.18	18382.57
616.23	17725.17
616.28	17596.15
616.33	18126.57
616.38	19556.05
616.42	18925.28
616.47	20164.30
616.52	21935.79
616.57	20856.51
616.62	20772.55
616.67	19928.78
616.72	19089.12
616.77	17217.27
616.82	17749.75
616.87	19914.45
616.91	18663.14
616.96	17573.62
617.01	17759.98
617.06	18095.85
617.11	18939.62
617.16	19742.42
617.21	19422.94
617.26	20307.66
617.31	21223.10
617.35	20090.57
617.40	20121.29
617.45	20145.87
617.50	22169.26
617.55	21823.16
617.60	20356.81
617.65	19728.08
617.70	19308.25
617.74	19564.25
617.79	19896.02
617.84	18919.14
617.89	18544.36
617.94	18702.05
617.99	19033.82
618.04	20246.22
618.09	20135.63
618.13	19887.82
618.18	19226.33
618.23	18673.38
618.28	19433.18
618.33	19459.80
618.38	19855.06
618.43	20276.94
618.48	20387.53
618.52	19695.32
618.57	20606.66
618.62	20113.10
618.67	18591.46
618.72	18560.74
618.77	20223.69
618.82	20088.53
618.86	20350.67
618.91	19148.51
618.96	19226.33
619.01	19898.06
619.06	20192.97
619.11	21167.80
619.16	21063.36
619.20	20393.67
619.25	19465.94
619.30	20297.42
619.35	20369.10
619.40	20575.94
619.45	18839.26
619.49	19394.26
619.54	19353.30
619.59	18978.53
619.64	17516.28
619.69	17850.10
619.74	18079.47
619.79	20180.68
619.83	19859.15
619.88	18642.66
619.93	18171.63
619.98	17997.55
620.03	18030.32
620.08	18157.29
620.12	20004.56
620.17	20936.38
620.22	20336.33
620.27	19599.06
620.32	20219.60
620.37	18814.69
620.41	17952.49
620.46	19027.68
620.51	19551.96
620.56	18964.19
620.61	17489.65
620.66	16668.42
620.70	17600.24
620.75	18104.04
620.80	17770.22
620.85	16490.24
620.90	16842.50
620.95	18390.76
620.99	19660.50
621.04	20639.43
621.09	19848.91
621.14	18499.30
621.19	18575.08
621.23	19187.42
621.28	19142.36
621.33	18362.09
621.38	18392.81
621.43	18413.29
621.48	17966.83
621.52	17706.74
621.57	18786.02
621.62	20635.33
621.67	21157.57
621.72	21239.48
621.76	18929.38
621.81	18910.94
621.86	19293.91
621.91	17786.61
621.96	18112.24
622.00	19091.16
622.05	18681.57
622.10	18274.03
622.15	19558.10
622.20	19285.72
622.24	18061.04
622.29	16973.56
622.34	16656.13
622.39	15757.07
622.44	16242.44
622.48	17858.29
622.53	19042.01
622.58	20119.24
622.63	20637.38
622.68	20201.16
622.72	19781.33
622.77	18288.36
622.82	17051.39
622.87	17299.19
622.92	18667.24
622.96	19255.00
623.01	18476.77
623.06	17422.07
623.11	17307.38
623.15	17876.72
623.20	18224.87
623.25	18912.99
623.30	20408.01
623.35	19345.11
623.39	18740.96
623.44	17909.49
623.49	17321.72
623.54	16695.04
623.58	16346.89
623.63	16242.44
623.68	17147.64
623.73	18757.35
623.78	18695.91
623.82	18360.04
623.87	17436.41
623.92	18435.81
623.97	18833.12
624.01	17676.02
624.06	17260.28
624.11	16963.33
624.16	15816.46
624.21	16066.31
624.25	17358.58
624.30	17719.03
624.35	17049.34
624.40	17575.67
624.44	18347.75
624.49	18425.57
624.54	17458.93
624.59	17389.30
624.63	17919.73
624.68	17995.50
624.73	18058.99
624.78	18800.35
624.82	18124.52
624.87	16287.50
624.92	15793.93
624.97	16912.13
625.01	16891.65
625.06	17047.29
625.11	17665.78
625.16	18605.80
625.20	18540.26
625.25	17745.65
625.30	17886.96
625.35	18814.69
625.39	17821.42
625.44	16682.75
625.49	15650.58
625.54	14911.26
625.58	14874.40
625.63	15748.88
625.68	16744.19
625.73	18826.98
625.77	18890.46
625.82	17233.66
625.87	16297.74
625.92	15494.93
625.96	17260.28
626.01	16951.04
626.06	15990.54
626.10	15832.85
626.15	16660.23
626.20	16774.91
626.25	15857.42
626.29	14952.22
626.34	15189.78
626.39	15906.57
626.44	15968.01
626.48	14794.53
626.53	15195.93
626.58	15945.48
626.62	16226.06
626.67	16254.73
626.72	16541.44
626.77	16920.32
626.81	16369.41
626.86	16015.12
626.91	15546.13
626.96	15585.04
627.00	16107.27
627.05	17168.12
627.10	16543.49
627.14	15220.50
627.19	15073.05
627.24	15726.35
627.29	15501.08
627.33	15408.92
627.38	15433.49
627.43	14858.01
627.47	14708.51
627.52	14665.50
627.57	15310.61
627.62	15748.88
627.66	16090.89
627.71	15890.19
627.76	15042.33
627.80	14935.84
627.85	15310.61
627.90	14817.05
627.94	13756.21
627.99	13909.80
628.04	14675.74
628.09	14886.68
628.13	14661.41
628.18	14618.40
628.23	14540.58
628.27	14460.71
628.32	14239.53
628.37	13823.79
628.41	13279.03
628.46	13569.84
628.51	13707.05
628.55	15144.73
628.60	15636.24
628.65	15970.06
628.70	16019.21
628.74	15306.52
628.79	15603.47
628.84	16719.62
628.88	17121.02
628.93	15828.75
628.98	14282.53
629.02	13037.37
629.07	12916.54
629.12	12748.61
629.16	13590.32
629.21	15372.05
629.26	16355.08
629.30	17479.41
629.35	16539.40
629.40	14323.49
629.44	13752.11
629.49	13647.66
629.54	13186.87
629.58	13281.08
629.63	14133.03
629.68	13860.65
629.72	14432.04
629.77	14989.08
629.82	15228.70
629.86	15075.10
629.91	14993.18
629.96	14384.93
630.00	13725.49
630.05	13524.79
630.10	13324.08
630.14	12330.82
630.19	12707.65
630.24	13866.80
630.28	14059.31
630.33	14622.50
630.38	14604.07
630.42	15003.42
630.47	15537.94
630.52	15628.05
630.56	15482.64
630.61	15087.39
630.66	14929.69
630.70	14843.68
630.75	14786.33
630.80	13887.28
630.84	13424.44
630.89	13817.65
630.94	13893.42
630.98	13842.22
631.03	14173.99
631.07	13545.27
631.12	13725.49
631.17	14198.57
631.21	14163.75
631.26	13223.73
631.31	13655.86
631.35	14542.63
631.40	14962.46
631.45	14905.12
631.49	14880.54
631.54	16107.27
631.59	16494.34
631.63	15757.07
631.68	15427.35
631.72	14245.67
631.77	12461.89
631.82	12539.71
631.86	12652.35
631.91	12818.24
631.96	12562.24
632.00	12877.63
632.05	13252.41
632.09	13797.17
632.14	13623.09
632.19	13506.35
632.23	13225.78
632.28	12969.79
632.33	13508.40
632.37	13942.57
632.42	14876.44
632.46	16191.24
632.51	15828.75
632.56	16021.26
632.60	14993.18
632.65	14284.58
632.70	13416.24
632.74	14282.53
632.79	13993.77
632.83	13788.97
632.88	13668.14
632.93	12470.08
632.97	11509.58
633.02	11464.53
633.06	12375.88
633.11	13066.04
633.16	13858.60
633.20	14163.75
633.25	13866.80
633.29	14284.58
633.34	14685.98
633.39	14962.46
633.43	14589.73
633.48	13788.97
633.52	13496.11
633.57	13041.46
633.62	12898.11
633.66	13328.18
633.71	12580.67
633.75	12971.83
633.80	13063.99
633.85	13291.32
633.89	12250.95
633.94	11312.98
633.98	11677.52
634.03	12209.99
634.08	13569.84
634.12	13999.91
634.17	14278.44
634.21	15068.95
634.26	14587.68
634.31	13719.34
634.35	13195.06
634.40	13360.95
634.44	13385.52
634.49	13754.16
634.54	12508.99
634.58	12064.58
634.63	12095.30
634.67	12316.48
634.72	12209.99
634.76	12316.48
634.81	12638.02
634.86	12943.16
634.90	13031.23
634.95	12660.54
634.99	12713.79
635.04	12539.71
635.08	13401.91
635.13	14094.12
635.18	14972.70
635.22	14100.26
635.27	13551.41
635.31	12943.16
635.36	11949.90
635.40	11267.92
635.45	11902.79
635.50	12377.92
635.54	12654.40
635.59	13682.48
635.63	13627.18
635.68	12730.17
635.72	11523.92
635.77	12013.38
635.81	12713.79
635.86	12738.37
635.91	13127.48
635.95	13467.44
636.00	12883.77
636.04	12578.62
636.09	11671.37
636.13	11724.62
636.18	11982.67
636.22	12156.74
636.27	12805.95
636.32	13303.60
636.36	13860.65
636.41	13961.00
636.45	12674.88
636.50	12762.94
636.54	12795.71
636.59	11968.33
636.63	11960.14
636.68	12097.35
636.73	12312.39
636.77	12693.31
636.82	14507.81
636.86	14855.97
636.91	13733.68
636.95	12009.29
637.00	11143.00
637.04	10901.34
637.09	11485.01
637.13	11607.89
637.18	11720.53
637.22	11380.56
637.27	11392.85
637.31	11855.69
637.36	12117.83
637.41	12267.33
637.45	12050.25
637.50	12085.06
637.54	12713.79
637.59	12994.36
637.63	13616.94
637.68	13016.89
637.72	13678.38
637.77	12930.87
637.81	11581.26
637.86	12236.61
637.90	13307.70
637.95	13307.70
637.99	12906.30
638.04	13004.60
638.08	12009.29
638.13	11560.78
638.17	11509.58
638.22	12103.50
638.26	12218.18
638.31	12599.10
638.35	12160.84
638.40	12375.88
638.45	11843.40
638.49	11827.02
638.54	11595.60
638.58	11454.29
638.63	11587.41
638.67	12298.05
638.72	12156.74
638.76	11956.04
638.81	12095.30
638.85	12218.18
638.90	13301.56
638.94	13893.42
638.99	14042.92
639.03	13309.75
639.08	13516.59
639.12	13449.01
639.17	12728.13
639.21	12459.84
639.26	12164.93
639.30	11587.41
639.35	10829.66
639.39	11065.18
639.44	11149.14
639.48	12083.02
639.53	12296.00
639.57	12619.58
639.62	11951.95
639.66	11984.71
639.70	11519.82
639.75	11734.86
639.79	11298.64
639.84	10948.44
639.88	11466.58
639.93	11648.85
639.97	11769.68
640.02	11616.08
640.06	11208.53
640.11	11245.40
640.15	12019.53
640.20	11878.22
640.24	12402.50
640.29	12437.31
640.33	12887.87
640.38	12046.15
640.42	10993.50
640.47	11765.58
640.51	12146.50
640.56	12107.59
640.60	11654.99
640.65	12076.87
640.69	12500.80
640.73	12394.31
640.78	11403.09
640.82	11122.52
640.87	10434.40
640.91	10362.72
640.96	10264.42
641.00	10919.77
641.05	10854.23
641.09	10837.85
641.14	11112.28
641.18	11059.03
641.23	11478.86
641.27	11530.06
641.32	11528.02
641.36	11775.82
641.40	11149.14
641.45	11229.01
641.49	10686.30
641.54	11036.50
641.58	10536.80
641.63	10401.63
641.67	10882.91
641.72	11315.03
641.76	11251.54
641.80	11603.79
641.85	12169.03
641.89	12281.67
641.94	11679.57
641.98	10897.24
642.03	10749.79
642.07	10356.58
642.12	10205.03
642.16	10141.54
642.20	11261.78
642.25	12621.63
642.29	11964.23
642.34	12154.69
642.38	12926.78
642.43	12896.06
642.47	12736.32
642.52	12107.59
642.56	10725.21
642.60	10712.92
642.65	10536.80
642.69	9918.31
642.74	9985.90
642.78	9705.32
642.83	10024.81
642.87	10471.26
642.91	10790.75
642.96	11120.47
643.00	12300.10
643.05	12965.69
643.09	12142.41
643.14	12093.26
643.18	12025.67
643.22	11761.48
643.27	11747.15
643.31	11538.26
643.36	10626.91
643.40	9723.76
643.45	9662.32
643.49	9932.65
643.53	10307.43
643.58	10800.99
643.62	11048.79
643.67	11317.08
643.71	11280.21
643.75	11614.03
643.80	11685.71
643.84	11114.33
643.89	10590.05
643.93	10631.01
643.97	10528.61
644.02	10913.63
644.06	10692.44
644.11	10690.40
644.15	10839.90
644.19	11075.42
644.24	10626.91
644.28	9934.70
644.33	9197.43
644.37	9443.18
644.42	10082.15
644.46	10125.16
644.50	10041.19
644.55	11333.46
644.59	11046.74
644.63	10846.04
644.68	11147.09
644.72	11487.06
644.77	10891.10
644.81	10721.12
644.85	10135.40
644.90	9951.08
644.94	10135.40
644.99	10551.14
645.03	10442.59
645.07	10565.47
645.12	10628.96
645.16	11026.26
645.21	10571.61
645.25	10057.57
645.29	9793.39
645.34	9490.29
645.38	9797.48
645.42	9779.05
645.47	10188.64
645.51	10739.55
645.56	10757.98
645.60	10479.46
645.64	10274.66
645.69	10192.74
645.73	10473.31
645.77	10067.81
645.82	9871.21
645.86	9533.29
645.91	10006.38
645.95	9758.57
645.99	9633.64
646.04	9813.87
646.08	10381.15
646.12	10002.28
646.17	9514.86
646.21	9545.58
646.26	10004.33
646.30	11009.88
646.34	10647.39
646.39	10100.58
646.43	9918.31
646.47	9826.15
646.52	10276.71
646.56	10014.57
646.60	9402.22
646.65	9170.80
646.69	9402.22
646.73	9394.03
646.78	9871.21
646.82	9824.11
646.87	9570.16
646.91	9711.47
646.95	9961.32
647.00	10588.00
647.04	10372.96
647.08	10678.11
647.13	10633.05
647.17	10762.08
647.21	10907.48
647.26	10991.45
647.30	11073.37
647.34	11136.85
647.39	10501.98
647.43	9987.94
647.47	9490.29
647.52	9506.67
647.56	9959.27
647.60	9824.11
647.65	9140.08
647.69	8707.96
647.73	8929.14
647.78	9299.83
647.82	9647.98
647.86	9985.90
647.91	10196.84
647.95	9576.30
647.99	9394.03
648.04	8918.90
648.08	8705.92
648.12	8759.16
648.17	9072.50
648.21	9316.21
648.25	9654.12
648.30	9721.71
648.34	9373.55
648.38	9168.76
648.43	9574.25
648.47	9521.01
648.51	9183.09
648.56	8875.90
648.60	8447.87
648.64	9011.06
648.69	10078.05
648.73	9729.90
648.77	9865.07
648.82	10266.47
648.86	10639.20
648.90	10368.87
648.95	9854.83
648.99	9754.48
649.03	9803.63
649.07	9283.44
649.12	9262.96
649.16	9217.91
649.20	9451.38
649.25	8935.29
649.29	8613.76
649.33	7862.15
649.38	8089.48
649.42	8105.86
649.46	8300.42
649.51	8732.54
649.55	9115.51
649.59	9142.13
649.63	8476.54
649.68	8509.31
649.72	8904.57
649.76	9074.55
649.81	8812.41
649.85	8771.45
649.89	8955.77
649.93	9185.14
649.98	9248.63
650.02	9699.18
650.06	10243.94
650.11	9846.63
650.15	9979.75
650.19	10092.39
650.24	10162.02
650.28	9926.50
650.32	9443.18
650.36	9144.18
650.41	9314.16
650.45	9258.87
650.49	8253.31
650.54	8439.68
650.58	8112.00
650.62	7890.82
650.66	7880.58
650.71	8077.19
650.75	8281.99
650.79	8568.70
650.83	8923.00
650.88	8744.83
650.92	9064.31
650.96	8703.87
651.01	8234.88
651.05	8103.81
651.09	8400.77
651.13	8527.74
651.18	8705.92
651.22	8509.31
651.26	8779.64
651.30	8646.52
651.35	8406.91
651.39	7694.22
651.43	8255.36
651.48	8652.67
651.52	8703.87
651.56	9072.50
651.60	9320.31
651.65	9068.41
651.69	9459.57
651.73	9301.87
651.77	8980.34
651.82	8380.29
651.86	8056.71
651.90	7894.92
651.94	7942.02
651.99	8228.74
652.03	8300.42
652.07	8759.16
652.11	8888.18
652.16	9021.30
652.20	8830.84
652.24	8499.07
652.28	8208.26
652.33	8200.07
652.37	8554.37
652.41	8089.48
652.45	8333.18
652.50	8025.99
652.54	7933.83
652.58	8124.29
652.62	8322.94
652.67	8435.58
652.71	8427.39
652.75	8515.45
652.79	8433.54
652.84	8634.24
652.88	8935.29
652.92	8494.97
652.96	8392.58
653.00	8574.85
653.05	8189.83
653.09	8271.75
653.13	7862.15
653.17	8337.28
653.22	8302.47
653.26	8898.42
653.30	8984.44
653.34	8554.37
653.39	7917.45
653.43	7862.15
653.47	8124.29
653.51	8290.18
653.55	8640.38
653.60	8273.79
653.64	7761.80
653.68	8093.57
653.72	8589.18
653.77	8832.89
653.81	8271.75
653.85	8046.47
653.89	8234.88
653.93	8697.72
653.98	8331.14
654.02	8380.29
654.06	7806.86
654.10	7688.07
654.14	8021.89
654.19	7972.74
654.23	7958.41
654.27	8232.83
654.31	7825.29
654.35	7788.43
654.40	8310.66
654.44	8632.19
654.48	8181.64
654.52	7874.44
654.57	7458.70
654.61	7692.17
654.65	7999.37
654.69	8314.75
654.73	8050.57
654.78	7632.78
654.82	7196.56
654.86	6850.46
654.90	7247.76
654.94	7673.74
654.98	8478.59
655.03	7884.68
655.07	7819.14
655.11	7466.89
655.15	7769.99
655.19	7567.24
655.24	7630.73
655.28	7827.34
655.32	7952.26
655.36	7995.27
655.40	8357.76
655.45	7628.68
655.49	7497.61
655.53	7055.25
655.57	6918.04
655.61	7223.19
655.65	8185.73
655.70	8294.27
655.74	8030.09
655.78	7759.75
655.82	7686.03
655.86	7749.51
655.91	7360.40
655.95	7143.32
655.99	6801.30
656.03	6713.24
656.07	7098.26
656.11	7700.36
656.16	7802.76
656.20	7462.80
656.24	7415.69
656.28	8069.00
656.32	8656.76
656.36	8542.08
656.41	8075.14
656.45	7651.21
656.49	7620.49
656.53	7700.36
656.57	8058.76
656.61	8126.34
656.66	7640.97
656.70	7327.63
656.74	6997.91
656.78	6383.52
656.82	6410.14
656.86	7137.17
656.91	6913.94
656.95	6709.15
656.99	6705.05
657.03	6866.84
657.07	7268.24
657.11	7354.26
657.15	6911.89
657.20	6897.56
657.24	7667.59
657.28	8058.76
657.32	7831.43
657.36	7819.14
657.40	7542.67
657.44	7305.10
657.49	7069.59
657.53	7165.84
657.57	7057.30
657.61	6086.56
657.65	6393.76
657.69	6369.18
657.73	7094.16
657.78	7274.38
657.82	7507.85
657.86	7290.77
657.90	7100.31
657.94	7509.90
657.98	7825.29
658.02	8001.41
658.07	7853.96
658.11	7438.22
658.15	7096.21
658.19	7311.25
658.23	7628.68
658.27	7671.69
658.31	7073.68
658.35	6453.15
658.40	5853.09
658.44	6313.89
658.48	6422.43
658.52	6231.97
658.56	6072.23
658.60	6199.20
658.64	6727.58
658.68	6870.94
658.73	6918.04
658.77	6406.05
658.81	6221.73
658.85	6354.85
658.89	6643.61
658.93	7153.55
658.97	7188.37
659.01	6674.33
659.06	6635.42
659.10	6844.31
659.14	6995.86
659.18	7186.32
659.22	7139.22
659.26	7102.36
659.30	6989.72
659.34	6739.87
659.38	6723.48
659.42	6932.37
659.47	6778.78
659.51	6791.06
659.55	6948.76
659.59	6838.17
659.63	6815.64
659.67	7262.10
659.71	7094.16
659.75	6801.30
659.79	6664.09
659.83	6645.66
659.88	6672.28
659.92	6475.68
659.96	6592.41
660.00	6746.01
660.04	6938.52
660.08	6981.53
660.12	6954.90
660.16	6934.42
660.20	7174.03
660.24	7466.89
660.28	7198.61
660.33	7376.78
660.37	7278.48
660.41	6619.04
660.45	6131.62
660.49	6117.28
660.53	6627.23
660.57	6578.08
660.61	6203.30
660.65	6150.05
660.69	5900.20
660.73	5767.08
660.77	5533.61
660.82	5965.73
660.86	6436.77
660.90	6457.25
660.94	6635.42
660.98	6696.86
661.02	6791.06
661.06	7219.09
661.10	6895.51
661.14	6659.99
661.18	6365.09
661.22	6743.96
661.26	6385.57
661.30	6186.91
661.34	6164.39
661.39	6182.82
661.43	6586.27
661.47	6424.48
661.51	6145.95
661.55	6201.25
661.59	6266.78
661.63	6264.74
661.67	6414.24
661.71	6422.43
661.75	6467.49
661.79	6416.29
661.83	6158.24
661.87	6307.74
661.91	6518.68
661.95	6895.51
661.99	6606.75
662.03	6506.40
662.08	6795.16
662.12	7012.24
662.16	6479.77
662.20	6272.93
662.24	6252.45
662.28	6082.47
662.32	6127.52
662.36	6154.15
662.40	5990.31
662.44	6174.63
662.48	6193.06
662.52	6010.79
662.56	5996.45
662.60	6295.46
662.64	6225.83
662.68	6115.23
662.72	6336.42
662.76	6537.12
662.80	6557.60
662.84	6602.65
662.88	6580.12
662.92	6430.62
662.96	6207.39
663.00	6055.84
663.04	6113.19
663.09	6240.16
663.13	6461.34
663.17	6756.25
663.21	6408.09
663.25	5908.39
663.29	6012.84
663.33	6162.34
663.37	6336.42
663.41	6328.22
663.45	6367.13
663.49	6537.12
663.53	6580.12
663.57	6606.75
663.61	6907.80
663.65	8933.24
663.69	6713.24
663.73	6451.10
663.77	6350.75
663.81	6309.79
663.85	6053.80
663.89	5691.31
663.93	5441.45
663.97	5799.85
664.01	5980.07
664.05	5832.62
664.09	5918.63
664.13	5730.22
664.17	6006.69
664.21	6090.66
664.25	6125.47
664.29	5992.36
664.33	5871.53
664.37	5914.53
664.41	5894.05
664.45	5709.74
664.49	5971.88
664.53	6121.38
664.57	5795.75
664.61	5412.78
664.65	5570.48
664.69	5550.00
664.73	5818.28
664.77	5633.96
664.81	5695.40
664.85	6031.27
664.89	6260.64
664.93	5910.44
664.97	6174.63
665.01	6057.89
665.05	6285.22
665.09	5959.59
665.13	5998.50
665.17	5713.83
665.21	5842.85
665.25	5566.38
665.29	5572.52
665.33	5506.99
665.37	5466.03
665.41	5326.77
665.45	4970.42
665.49	5101.49
665.53	5337.01
665.57	5566.38
665.61	5550.00
665.65	5447.60
665.69	5345.20
665.73	5468.08
665.77	5472.17
665.81	5924.77
665.85	6051.75
665.89	6043.56
665.92	6244.26
665.96	5664.68
666.00	5455.79
666.04	5832.62
666.08	5963.68
666.12	5949.35
666.16	5732.26
666.20	5928.87
666.24	5808.04
666.28	5961.64
666.32	5709.74
666.36	6057.89
666.40	6274.98
666.44	6492.06
666.48	5816.23
666.52	5646.25
666.56	5425.07
666.60	5584.81
666.64	5466.03
666.68	4911.03
666.72	4995.00
666.76	4796.34
666.80	4974.52
666.84	4896.69
666.88	5021.62
666.91	5343.15
666.95	5461.93
666.99	5590.95
667.03	5580.71
667.07	5296.05
667.11	5089.20
667.15	4980.66
667.19	4786.10
667.23	4911.03
667.27	5076.91
667.31	5396.40
667.35	5892.01
667.39	5947.30
667.43	6066.08
667.47	5941.16
667.51	5885.86
667.55	6041.51
667.58	5773.22
667.62	5805.99
667.66	6150.05
667.70	5506.99
667.74	5255.09
667.78	5222.32
667.82	5119.92
667.86	5183.41
667.90	5402.54
667.94	5588.91
667.98	5115.83
668.02	5369.77
668.06	5349.29
668.10	4700.09
668.13	4765.62
668.17	5013.43
668.21	5191.60
668.25	5453.74
668.29	5742.50
668.33	5541.80
668.37	5371.82
668.41	5334.96
668.45	5087.15
668.49	5025.72
668.53	5070.77
668.57	5095.35
668.60	4902.84
668.64	5357.49
668.68	5347.25
668.72	5203.89
668.76	5158.83
668.80	4892.60
668.84	4491.20
668.88	4583.35
668.92	4597.69
668.96	4847.54
669.00	5021.62
669.03	5205.94
669.07	5318.57
669.11	5046.20
669.15	4816.82
669.19	5341.10
669.23	4892.60
669.27	4896.69
669.31	4665.27
669.35	4534.20
669.39	4429.76
669.42	4585.40
669.46	4304.83
669.50	4415.42
669.54	4358.08
669.58	4509.63
669.62	4669.37
669.66	4685.75
669.70	4874.17
669.74	4806.58
669.78	4995.00
669.81	5265.33
669.85	5216.18
669.89	5138.35
669.93	5261.23
669.97	5005.24
670.01	5160.88
670.05	4925.36
670.09	4728.76
670.12	4390.84
670.16	4751.29
670.20	4683.70
670.24	4517.82
670.28	4458.43
670.32	4431.80
670.36	4579.26
670.40	4501.44
670.43	4288.45
670.47	4464.57
670.51	4351.93
670.55	4476.86
670.59	4487.10
670.63	4319.17
670.67	4642.75
670.71	4452.28
670.74	4413.37
670.78	4413.37
670.82	4493.24
670.86	4493.24
670.90	4329.41
670.94	4433.85
670.98	4519.87
671.01	4489.15
671.05	4423.61
671.09	4300.73
671.13	4794.29
671.17	4462.52
671.21	4753.34
671.25	4337.60
671.28	4380.61
671.32	4247.49
671.36	4067.27
671.40	4077.51
671.44	4130.75
671.48	4102.08
671.52	4321.21
671.55	4655.03
671.59	4323.26
671.63	4276.16
671.67	4396.99
671.71	4509.63
671.75	4456.38
671.79	4693.94
671.82	4714.42
671.86	4566.97
671.90	4255.68
671.94	3940.29
