lambda  n
476.77	36.86
476.84	36.86
476.91	36.86
476.98	2.05
477.04	-59.39
477.11	122.88
477.18	30.72
477.25	346.11
477.32	88.06
477.39	40.96
477.45	-163.84
477.52	20.48
477.59	-16.38
477.66	286.72
477.73	436.22
477.80	352.25
477.86	452.60
477.93	356.35
478.00	1640.42
478.07	2777.05
478.14	2824.15
478.21	2981.84
478.27	2742.23
478.34	2955.22
478.41	3076.05
478.48	3286.99
478.55	3168.21
478.62	3252.17
478.68	3391.44
478.75	2901.97
478.82	2602.97
478.89	3106.77
478.96	3151.82
479.02	2858.96
479.09	2740.18
479.16	3061.71
479.23	3006.42
479.30	3153.87
479.37	3342.28
479.43	3069.91
479.50	2926.55
479.57	3094.48
479.64	2936.79
479.71	2969.55
479.77	3041.23
479.84	3194.83
479.91	3256.27
479.98	3205.07
480.05	3098.58
480.11	2893.78
480.18	3262.41
480.25	3633.10
480.32	3071.95
480.39	3444.68
480.45	3305.42
480.52	3252.17
480.59	3051.47
480.66	3207.12
480.73	3332.05
480.79	3330.00
480.86	3168.21
480.93	3088.34
481.00	3295.18
481.07	3286.99
481.13	2938.84
481.20	3035.09
481.27	2891.73
481.34	3112.91
481.41	3223.50
481.47	3319.76
481.54	2938.84
481.61	3321.81
481.68	3200.98
481.74	3559.37
481.81	3432.40
481.88	3375.05
481.95	3442.64
482.02	3950.53
482.08	3323.85
482.15	3141.58
482.22	3272.65
482.29	3839.94
482.35	3502.03
482.42	3231.69
482.49	3033.04
482.56	3471.31
482.63	3321.81
482.69	3524.55
482.76	3055.57
482.83	3432.40
482.90	3403.72
482.96	3416.01
483.03	3792.84
483.10	4067.27
483.17	3594.19
483.24	3370.96
483.30	3612.62
483.37	3561.42
483.44	3157.97
483.51	3764.17
483.57	3477.45
483.64	3696.58
483.71	3246.03
483.78	3411.92
483.84	3575.75
483.91	3592.14
483.98	3352.52
484.05	3479.50
484.11	3567.56
484.18	3616.71
484.25	3459.02
484.32	3813.32
484.38	3350.48
484.45	3600.33
484.52	3653.58
484.59	3887.04
484.65	3803.08
484.72	3520.46
484.79	3325.90
484.86	3188.69
484.92	3727.30
484.99	4040.64
485.06	3907.52
485.13	3602.38
485.19	3950.53
485.26	4071.36
485.33	3532.75
485.40	3844.04
485.46	3692.49
485.53	3604.42
485.60	3805.13
485.67	3905.48
485.73	3663.82
485.80	3903.43
485.87	3524.55
485.94	3688.39
486.00	3553.23
486.07	3733.45
486.14	3733.45
486.20	3979.20
486.27	3760.07
486.34	4050.88
486.41	4130.75
486.47	4388.80
486.54	4308.93
486.61	4372.41
486.68	3897.28
486.74	3688.39
486.81	3917.76
486.88	3968.96
486.94	3588.04
487.01	4095.94
487.08	4044.74
487.15	4018.11
487.21	3971.01
487.28	3745.73
487.35	3645.38
487.41	3872.71
487.48	4194.24
487.55	4339.65
487.62	3778.50
487.68	3925.96
487.75	4202.43
487.82	4075.46
487.88	3817.41
487.95	4216.77
488.02	4132.80
488.09	4333.50
488.15	4566.97
488.22	4208.58
488.29	3872.71
488.35	4028.35
488.42	4456.38
488.49	4685.75
488.56	4128.70
488.62	4351.93
488.69	4456.38
488.76	4415.42
488.82	4683.70
488.89	4579.26
488.96	4276.16
489.02	4360.13
489.09	4648.89
489.16	4710.33
489.22	4347.84
489.29	4835.25
489.36	4902.84
489.43	5173.17
489.49	4716.47
489.56	4917.17
489.63	4663.22
489.69	4663.22
489.76	4345.79
489.83	4452.28
489.89	4499.39
489.96	4755.38
490.03	4718.52
490.09	4671.42
490.16	4716.47
490.23	4714.42
490.29	4542.39
490.36	4493.24
490.43	4777.91
490.50	5033.91
490.56	5285.81
490.63	4792.25
490.70	4667.32
490.76	4483.00
490.83	4511.68
490.90	4777.91
490.96	4583.35
491.03	4458.43
491.10	4358.08
491.16	4880.31
491.23	4069.31
491.30	4704.18
491.36	5048.24
491.43	5253.04
491.50	4812.73
491.56	4636.60
491.63	4941.75
491.70	5310.38
491.76	4788.15
491.83	4802.49
491.90	4972.47
491.96	4851.64
492.03	4968.37
492.10	5119.92
492.16	5398.45
492.23	5623.72
492.30	5273.52
492.36	4814.77
492.43	5674.92
492.50	5341.10
492.56	5031.86
492.63	5433.26
492.70	5265.33
492.76	5224.37
492.83	5724.07
492.89	5693.35
492.96	5418.93
493.03	5607.34
493.09	5439.40
493.16	5752.74
493.23	5173.17
493.29	5416.88
493.36	5803.94
493.43	5959.59
493.49	5480.36
493.56	5142.45
493.63	5167.03
493.69	6184.87
493.76	5808.04
493.82	5951.40
493.89	5865.38
493.96	5154.74
494.02	5574.57
494.09	5824.42
494.16	5885.86
494.22	5990.31
494.29	5904.29
494.36	6137.76
494.42	5607.34
494.49	5294.00
494.55	5674.92
494.62	5570.48
494.69	5801.90
494.75	6068.13
494.82	6215.59
494.89	6561.69
494.95	5961.64
495.02	6324.13
495.08	6680.47
495.15	6289.31
495.22	6262.69
495.28	6262.69
495.35	5771.18
495.42	5822.38
495.48	6381.47
495.55	6739.87
495.61	6438.81
495.68	6983.57
495.75	6872.98
495.81	7036.82
495.88	6363.04
495.94	7028.63
496.01	6616.99
496.08	6770.58
496.14	6524.83
496.21	6506.40
496.28	6256.54
496.34	6283.17
496.41	5971.88
496.47	6565.79
496.54	6336.42
496.61	6610.84
496.67	6207.39
496.74	6324.13
496.80	6913.94
496.87	6852.50
496.94	7128.98
497.00	7542.67
497.07	7628.68
497.13	7985.03
497.20	7382.93
497.27	7581.58
497.33	7067.54
497.40	7301.01
497.46	7235.47
497.53	7503.76
497.60	7315.34
497.66	7280.53
497.73	7036.82
497.79	7073.68
497.86	6973.33
497.93	7069.59
497.99	6774.68
498.06	7313.30
498.12	7298.96
498.19	8374.14
498.25	8173.44
498.32	7620.49
498.39	7851.91
498.45	8421.25
498.52	7714.70
498.58	8533.89
498.65	8054.66
498.72	8103.81
498.78	7348.11
498.85	6936.47
498.91	7194.51
498.98	7571.34
499.04	8265.60
499.11	7882.63
499.18	8179.59
499.24	7937.93
499.31	8095.62
499.37	7696.27
499.44	7710.60
499.50	8048.52
499.57	8093.57
499.64	8361.86
499.70	8726.39
499.77	9158.52
499.83	8265.60
499.90	8630.14
499.96	8294.27
500.03	8578.94
500.09	8624.00
500.16	8869.75
500.23	8630.14
500.29	8597.37
500.36	8013.70
500.42	8433.54
500.49	8155.01
500.55	8781.69
500.62	8566.65
500.68	8425.34
500.75	7774.09
500.82	8062.85
500.88	8114.05
500.95	8667.00
501.01	8632.19
501.08	9305.97
501.14	9041.78
501.21	9092.98
501.27	8857.46
501.34	9283.44
501.41	9238.39
501.47	9377.65
501.54	9432.94
501.60	9611.12
501.67	10063.72
501.73	9883.50
501.80	9912.17
501.86	10354.53
501.93	10252.13
501.99	9967.46
502.06	9396.08
502.12	9779.05
502.19	9592.69
502.26	9879.40
502.32	9717.61
502.39	9979.75
502.45	10004.33
502.52	10389.35
502.58	9656.17
502.65	10454.88
502.71	9711.47
502.78	10086.25
502.84	10932.06
502.91	10565.47
502.97	10004.33
503.04	10829.66
503.10	10764.12
503.17	10919.77
503.23	10452.83
503.30	11358.03
503.37	10655.58
503.43	10501.98
503.50	11007.83
503.56	11132.76
503.63	10426.21
503.69	11364.18
503.76	11267.92
503.82	11263.83
503.89	10821.47
503.95	10817.37
504.02	11409.23
504.08	11261.78
504.15	9930.60
504.21	10303.33
504.28	11335.51
504.34	11962.19
504.41	12273.48
504.47	11333.46
504.54	11075.42
504.60	11650.89
504.67	10825.56
504.73	11007.83
504.80	11108.18
504.86	11435.86
504.93	11216.72
504.99	12220.23
505.06	11851.60
505.12	12361.54
505.19	12384.07
505.25	12459.84
505.32	11749.20
505.38	11892.55
505.45	12296.00
505.51	12379.97
505.58	11652.94
505.64	12097.35
505.71	12050.25
505.77	12240.71
505.84	12111.69
505.90	13322.04
505.97	13381.43
506.03	13002.55
506.10	12207.94
506.16	13199.16
506.23	13416.24
506.29	13328.18
506.36	13360.95
506.42	13268.79
506.49	12508.99
506.55	12703.55
506.62	12283.72
506.68	13260.60
506.75	13039.42
506.81	13455.15
506.87	13455.15
506.94	14860.06
507.00	14335.78
507.07	14313.25
507.13	13223.73
507.20	13500.21
507.26	13897.52
507.33	14147.37
507.39	13911.85
507.46	13381.43
507.52	13313.84
507.59	13643.57
507.65	13403.96
507.72	13483.83
507.78	13301.56
507.85	12762.94
507.91	12785.47
507.97	15310.61
508.04	14815.01
508.10	14772.00
508.17	15206.17
508.23	14552.87
508.30	15027.99
508.36	15986.44
508.43	14640.93
508.49	15626.00
508.56	14325.54
508.62	15290.13
508.69	14593.83
508.75	15568.66
508.81	14094.12
508.88	15355.67
508.94	15490.84
509.01	15703.82
509.07	15288.09
509.14	15922.96
509.20	15402.77
509.27	16041.74
509.33	15959.82
509.39	16369.41
509.46	15476.50
509.52	16064.27
509.59	14960.41
509.65	14917.40
509.72	15656.72
509.78	16187.14
509.85	16656.13
509.91	17262.33
509.97	15431.44
510.04	15802.13
510.10	16310.02
510.17	17837.81
510.23	17030.91
510.30	17022.72
510.36	16113.42
510.42	16125.71
510.49	17026.81
510.55	17137.40
510.62	15607.57
510.68	16201.48
510.75	16523.01
510.81	17985.26
510.88	17805.04
510.94	17741.55
511.00	17250.04
511.07	18425.57
511.13	17493.75
511.20	17567.48
511.26	17495.80
511.32	17534.71
511.39	17426.17
511.45	18296.55
511.52	18073.32
511.58	18525.93
511.65	18038.51
511.71	18470.63
511.77	17196.79
511.84	17170.17
511.90	16740.10
511.97	18925.28
512.03	20369.10
512.09	20977.34
512.16	20801.22
512.22	21438.14
512.29	20479.69
512.35	21452.47
512.42	18794.21
512.48	18554.60
512.54	18198.25
512.61	18845.41
512.67	19078.88
512.74	19273.43
512.80	19984.08
512.86	20283.08
512.93	19211.99
512.99	20514.50
513.06	21550.78
513.12	22007.47
513.18	20911.81
513.25	20541.13
513.31	20741.83
513.38	21194.43
513.44	21081.79
513.50	21665.46
513.57	19238.62
513.63	20201.16
513.69	19807.95
513.76	22226.60
513.82	21530.30
513.89	20115.15
513.95	19513.05
514.01	21796.53
514.08	22675.11
514.14	23248.54
514.21	20881.09
514.27	21147.33
514.33	21245.63
514.40	21821.11
514.46	20811.46
514.53	21012.16
514.59	21845.68
514.65	22202.03
514.72	22396.59
514.78	23684.76
514.84	22111.92
514.91	21718.71
514.97	21518.01
515.04	22173.36
515.10	22394.54
515.16	23836.31
515.23	23314.08
515.29	23006.88
515.35	20227.79
515.42	21593.78
515.48	22666.92
515.54	21212.86
515.61	21040.83
515.67	22478.50
515.74	22806.18
515.80	24139.41
515.86	24688.26
515.93	25106.05
515.99	24667.78
516.05	24704.65
516.12	23475.87
516.18	22359.72
516.24	20973.25
516.31	22826.66
516.37	23639.70
516.44	23840.40
516.50	24065.68
516.56	23721.62
516.63	23150.24
516.69	22990.50
516.75	22617.77
516.82	24176.27
516.88	25302.65
516.94	25351.81
517.01	26134.13
517.07	27033.19
517.13	22881.95
517.20	24569.48
517.26	25376.38
517.32	26111.60
517.39	26121.84
517.45	24061.58
517.52	22822.56
517.58	23328.41
517.64	23391.90
517.71	24254.09
517.77	24946.31
517.83	27262.56
517.90	24925.83
517.96	26433.13
518.02	24751.75
518.09	23690.90
518.15	22021.81
518.21	20287.18
518.28	18341.61
518.34	17168.12
518.40	15609.62
518.47	15550.23
518.53	12377.92
518.59	11095.89
518.66	10344.29
518.72	8687.48
518.78	6639.51
518.85	5668.78
518.91	4769.72
518.97	4063.17
519.03	2967.51
519.10	2297.82
519.16	1544.17
519.22	1400.81
519.29	1087.47
519.35	720.89
519.41	647.16
519.48	643.06
519.54	401.40
519.60	364.54
519.67	219.13
519.73	253.95
519.79	51.20
519.86	184.32
519.92	75.77
519.98	155.65
520.05	116.73
520.11	202.75
520.17	229.37
520.23	71.68
520.30	120.83
520.36	57.34
520.42	133.12
520.49	141.31
520.55	57.34
520.61	133.12
520.68	131.07
520.74	57.34
520.80	77.82
520.87	196.61
520.93	137.21
520.99	178.17
521.05	120.83
521.12	165.89
521.18	176.13
521.24	36.86
521.31	202.75
521.37	194.56
521.43	45.06
521.49	96.25
521.56	169.98
521.62	141.31
521.68	-22.53
521.75	114.69
521.81	47.10
521.87	-8.19
521.93	110.59
522.00	178.17
522.06	43.01
522.12	83.97
522.19	16.38
522.25	110.59
522.31	86.01
522.37	124.93
522.44	112.64
522.50	174.08
522.56	30.72
522.63	-40.96
522.69	96.25
522.75	112.64
522.81	182.27
522.88	149.50
522.94	-10.24
523.00	-30.72
523.06	188.41
523.13	88.06
523.19	79.87
523.25	182.27
523.32	-8.19
523.38	133.12
523.44	145.41
523.50	57.34
523.57	-38.91
523.63	104.45
523.69	-79.87
523.75	49.15
523.82	-12.29
523.88	10.24
523.94	124.93
524.00	198.65
524.07	102.40
524.13	20.48
524.19	141.31
524.25	165.89
524.32	88.06
524.38	53.25
524.44	131.07
524.50	88.06
524.57	61.44
524.63	235.52
524.69	79.87
524.75	174.08
524.82	98.30
524.88	4.10
524.94	83.97
525.00	2.05
525.07	83.97
525.13	24.58
525.19	38.91
525.25	239.61
525.32	81.92
525.38	137.21
525.44	147.45
525.50	120.83
525.57	178.17
525.63	55.30
525.69	40.96
525.75	129.02
525.82	20.48
525.88	55.30
525.94	81.92
526.00	57.34
526.07	2.05
526.13	141.31
526.19	-86.01
526.25	-6.14
526.31	102.40
526.38	36.86
526.44	-32.77
526.50	114.69
526.56	-73.73
526.63	0.00
526.69	38.91
526.75	108.54
526.81	20.48
526.87	90.11
526.94	157.69
527.00	102.40
527.06	53.25
527.12	124.93
527.19	49.15
527.25	145.41
527.31	16.38
527.37	32.77
527.43	69.63
527.50	153.60
527.56	-77.82
527.62	55.30
527.68	239.61
527.75	114.69
527.81	43.01
527.87	96.25
527.93	59.39
527.99	106.49
528.06	139.26
528.12	114.69
528.18	-51.20
528.24	241.66
528.30	65.53
528.37	36.86
528.43	-49.15
528.49	73.73
528.55	30.72
528.61	118.78
528.68	141.31
528.74	43.01
528.80	71.68
528.86	141.31
528.92	90.11
528.99	47.10
529.05	55.30
529.11	153.60
529.17	204.80
529.23	53.25
529.29	104.45
529.36	92.16
529.42	106.49
529.48	112.64
529.54	114.69
529.60	40.96
529.67	51.20
529.73	212.99
529.79	266.24
529.85	-10.24
529.91	118.78
529.98	22.53
530.04	108.54
530.10	120.83
530.16	86.01
530.22	49.15
530.28	40.96
530.35	100.35
530.41	94.21
530.47	110.59
530.53	77.82
530.59	114.69
530.65	88.06
530.72	30.72
530.78	192.51
530.84	147.45
530.90	10.24
530.96	102.40
531.02	75.77
531.09	86.01
531.15	172.03
531.21	75.77
531.27	118.78
531.33	159.74
531.39	40.96
531.46	186.37
531.52	114.69
531.58	149.50
531.64	94.21
531.70	137.21
531.76	106.49
531.83	141.31
531.89	79.87
531.95	200.70
532.01	149.50
532.07	161.79
532.13	73.73
532.19	69.63
532.26	217.08
532.32	241.66
532.38	65.53
532.44	94.21
532.50	212.99
532.56	198.65
532.63	286.72
532.69	223.23
532.75	200.70
532.81	382.97
532.87	387.07
532.93	430.07
532.99	432.12
533.06	425.98
533.12	475.13
533.18	657.40
533.24	714.74
533.30	811.00
533.36	1120.24
533.42	1267.69
533.48	1615.85
533.55	2080.74
533.61	2623.45
533.67	3559.37
533.73	4695.99
533.79	6766.49
533.85	8660.86
533.91	10164.07
533.98	11882.31
534.04	15327.00
534.10	17907.44
534.16	20948.67
534.22	23357.08
534.28	28014.16
534.34	29156.93
534.40	29793.85
534.47	32366.10
534.53	35491.30
534.59	36396.50
534.65	38102.46
534.71	41016.72
534.77	41278.86
534.83	42003.84
534.89	43955.55
534.95	46011.71
535.02	46341.44
535.08	43976.03
535.14	42671.48
535.20	42235.26
535.26	43275.63
535.32	43152.75
535.38	43957.60
535.44	44674.39
535.50	41913.73
535.57	39554.47
535.63	40912.27
535.69	43269.48
535.75	45567.30
535.81	44143.97
535.87	44506.46
535.93	44100.96
535.99	42145.15
536.05	40807.83
536.11	40512.92
536.18	40768.91
536.24	43464.04
536.30	44057.95
536.36	44723.54
536.42	45425.99
536.48	47205.68
536.54	45159.76
536.60	44557.66
536.66	43627.88
536.72	43392.36
536.79	44211.55
536.85	45618.50
536.91	45118.80
536.97	44025.18
537.03	45188.43
537.09	44907.86
537.15	44522.84
537.21	44805.46
537.27	44094.82
537.33	42593.65
537.39	41745.80
537.45	43398.51
537.52	41590.15
537.58	43642.21
537.64	45063.50
537.70	44244.32
537.76	44559.70
537.82	44432.73
537.88	43965.79
537.94	45165.90
538.00	43844.96
538.06	43982.18
538.12	41291.15
538.18	45387.08
538.24	45913.41
538.31	45339.98
538.37	45188.43
538.43	45940.04
538.49	42849.65
538.55	41944.45
538.61	41069.97
538.67	43648.36
538.73	44690.77
538.79	47115.57
538.85	46507.32
538.91	47263.02
538.97	48262.43
539.03	44240.22
539.09	43206.00
539.15	47260.97
539.21	47334.70
539.28	45227.34
539.34	44741.97
539.40	45141.33
539.46	44053.86
539.52	42302.84
539.58	45772.10
539.64	44209.50
539.70	44264.80
539.76	47265.07
539.82	48940.31
539.88	45935.94
539.94	43683.17
540.00	44750.17
540.06	44719.45
540.12	46300.48
540.18	46118.21
540.24	48817.43
540.30	48049.44
540.36	45716.81
540.42	43328.87
540.49	42118.53
540.55	42773.88
540.61	45403.47
540.67	48538.91
540.73	49945.86
540.79	50433.28
540.85	49046.80
540.91	48491.80
540.97	46734.65
541.03	45690.18
541.09	46830.90
541.15	47844.65
541.21	47402.28
541.27	44289.37
541.33	44823.89
541.39	46345.53
541.45	46914.87
541.51	49675.53
541.57	52141.28
541.63	49749.26
541.69	47592.75
541.75	45241.68
541.81	46730.55
541.87	45823.30
541.93	47265.07
541.99	47869.22
542.05	47058.23
542.11	46171.46
542.17	46087.49
542.23	43408.75
542.29	44129.63
542.35	47727.91
542.41	48401.69
542.47	49827.08
542.53	46849.33
542.59	45094.22
542.65	41043.34
542.71	41735.56
542.77	44309.85
542.83	46134.59
542.89	45198.67
542.95	45321.55
543.01	48987.41
543.07	52026.60
543.13	49196.31
543.19	45331.79
543.25	48471.32
543.31	49794.31
543.37	48981.27
543.43	48905.49
543.49	51139.83
543.55	48518.43
543.61	46003.52
543.67	45841.73
543.73	49204.50
543.79	46875.96
543.85	46550.33
543.91	45512.01
543.97	48532.76
544.03	47539.50
544.09	47627.56
544.15	44676.44
544.21	41135.50
544.27	41209.23
544.33	42665.33
544.39	43130.22
544.45	44197.21
544.51	43343.21
544.57	41856.39
544.63	43232.62
544.69	46183.74
544.75	43791.72
544.81	41819.52
544.87	43933.03
544.93	43552.10
544.99	43998.56
545.05	47656.23
545.11	48710.94
545.17	48375.07
545.23	46882.10
545.29	44940.63
545.35	43003.25
545.41	46349.63
545.47	48495.90
545.53	46949.68
545.59	44881.24
545.65	43425.13
545.71	43832.68
545.77	45188.43
545.83	43505.00
545.89	44600.66
545.95	44180.83
546.01	44776.79
546.07	44524.89
546.13	45018.45
546.19	44899.67
546.25	44698.97
546.31	41977.22
546.37	44410.20
546.42	44383.58
546.48	44580.18
546.54	44279.13
546.60	44307.80
546.66	44666.20
546.72	43122.03
546.78	44729.69
546.84	46089.54
546.90	44215.65
546.96	44219.74
547.02	44701.01
547.08	45063.50
547.14	41616.77
547.20	41696.64
547.26	45266.25
547.32	42517.88
547.38	41461.13
547.44	43412.84
547.50	41936.26
547.56	40361.37
547.62	42882.42
547.67	44418.39
547.73	43593.06
547.79	44600.66
547.85	44856.66
547.91	45507.91
547.97	45524.30
548.03	47762.73
548.09	49460.49
548.15	47586.60
548.21	45014.35
548.27	44543.32
548.33	43724.13
548.39	44356.96
548.45	43507.05
548.51	42716.53
548.56	44713.30
548.62	44993.87
548.68	45149.52
548.74	46714.17
548.80	46064.96
548.86	45794.63
548.92	46538.04
548.98	45206.86
549.04	42268.03
549.10	43109.74
549.16	45495.63
549.22	45247.82
549.28	47064.37
549.34	46425.40
549.39	44647.77
549.45	44381.53
549.51	44432.73
549.57	45299.02
549.63	45690.18
549.69	42593.65
549.75	43812.20
549.81	47484.20
549.87	47000.88
549.93	41493.89
549.99	39968.16
550.04	40897.94
550.10	43156.85
550.16	44473.69
550.22	45266.25
550.28	45167.95
550.34	44916.05
550.40	43259.24
550.46	43947.36
550.52	42855.79
550.58	43513.19
550.64	46230.85
550.69	47168.82
550.75	47062.32
550.81	48764.18
550.87	51131.64
550.93	48209.18
550.99	45579.59
551.05	46814.52
551.11	47469.87
551.17	48223.52
551.23	49044.76
551.28	47809.83
551.34	44926.29
551.40	42063.23
551.46	42202.49
551.52	44006.75
551.58	43464.04
551.64	43728.23
551.70	43756.90
551.76	45030.74
551.81	47244.59
551.87	47498.54
551.93	46740.79
551.99	47791.40
552.05	47957.28
552.11	45303.12
552.17	42863.99
552.23	42786.16
552.28	45008.21
552.34	45841.73
552.40	44219.74
552.46	43275.63
552.52	45804.87
552.58	44365.15
552.64	43054.45
552.70	42351.99
552.75	43119.98
552.81	45776.20
552.87	46974.26
552.93	48907.54
552.99	46800.18
553.05	43490.66
553.11	41336.20
553.17	41833.86
553.22	44545.37
553.28	45962.56
553.34	43877.73
553.40	42444.15
553.46	41624.96
553.52	41805.19
553.58	44352.86
553.63	44969.30
553.69	46804.28
553.75	44043.62
553.81	45268.30
553.87	47125.81
553.93	46939.44
553.99	46611.77
554.04	44305.76
554.10	45411.66
554.16	45120.85
554.22	44332.38
554.28	45335.88
554.34	47123.76
554.40	45993.28
554.45	45063.50
554.51	44096.86
554.57	42108.29
554.63	40383.90
554.69	42868.08
554.75	43990.37
554.80	42317.18
554.86	42096.00
554.92	43973.98
554.98	44678.49
555.04	45057.36
555.10	47818.02
555.16	47938.85
555.21	45509.96
555.27	43777.38
555.33	44139.87
555.39	43443.56
555.45	43126.13
555.51	43437.42
555.56	41852.29
555.62	42431.86
555.68	42906.99
555.74	44744.02
555.80	46058.82
555.86	44686.68
555.91	41424.26
555.97	41817.47
556.03	46134.59
556.09	43548.01
556.15	43343.21
556.20	43009.39
556.26	44035.42
556.32	47318.32
556.38	50830.58
556.44	45788.49
556.50	42351.99
556.55	41446.79
556.61	45163.85
556.67	46794.04
556.73	43685.22
556.79	42845.55
556.84	41829.76
556.90	42296.70
556.96	41913.73
557.02	41719.17
557.08	41289.10
557.14	42083.71
557.19	43660.65
557.25	45247.82
557.31	47404.33
557.37	49671.43
557.43	46976.31
557.48	43382.12
557.54	44039.52
557.60	45645.13
557.66	46165.31
557.72	45135.18
557.77	43855.20
557.83	43488.62
557.89	39898.53
557.95	40439.19
558.01	40893.84
558.06	41002.38
558.12	42888.56
558.18	42149.24
558.24	41522.57
558.30	41186.70
558.35	42546.55
558.41	46060.87
558.47	45927.75
558.53	46409.02
558.59	44488.03
558.64	44289.37
558.70	41643.40
558.76	40340.89
558.82	42771.83
558.88	43844.96
558.93	44580.18
558.99	44690.77
559.05	45559.11
559.11	46286.14
559.16	43609.45
559.22	40897.94
559.28	41293.19
559.34	43361.64
559.40	45458.76
559.45	44598.62
559.51	46222.65
559.57	43804.00
559.63	44965.20
559.68	42708.34
559.74	43896.16
559.80	43892.07
559.86	43738.47
559.92	41033.10
559.97	39546.28
560.03	39321.00
560.09	39898.53
560.15	44367.20
560.20	46579.00
560.26	42929.52
560.32	41780.61
560.38	43345.26
560.43	44615.00
560.49	42798.45
560.55	42653.05
560.61	41160.08
560.66	39568.80
560.72	40990.09
560.78	40996.24
560.84	41917.82
560.90	41942.40
560.95	38766.00
561.01	40965.52
561.07	43851.11
561.13	44260.70
561.18	40398.23
561.24	41831.81
561.30	43054.45
561.36	43281.77
561.41	42317.18
561.47	40150.43
561.53	40459.67
561.59	40525.21
561.64	40643.99
561.70	42859.89
561.76	42640.76
561.82	42603.89
561.87	42347.90
561.93	41244.04
561.99	40226.20
562.05	39404.97
562.10	41366.92
562.16	43367.79
562.22	44127.58
562.27	44916.05
562.33	43617.64
562.39	42861.94
562.45	40539.54
562.50	41121.16
562.56	42564.98
562.62	42503.54
562.68	43738.47
562.73	43285.87
562.79	40201.63
562.85	39749.03
562.91	39898.53
562.96	40865.17
563.02	40850.83
563.08	40152.48
563.13	41622.92
563.19	42378.62
563.25	42950.00
563.31	43136.37
563.36	42265.98
563.42	43390.31
563.48	42126.72
563.53	41813.38
563.59	40478.10
563.65	41010.57
563.71	40721.81
563.76	41321.87
563.82	41424.26
563.88	39136.68
563.94	38804.91
563.99	43021.68
564.05	45014.35
564.11	42151.29
564.16	40611.22
564.22	42296.70
564.28	44522.84
564.33	44084.58
564.39	42548.60
564.45	41180.56
564.51	42186.11
564.56	44404.06
564.62	42550.65
564.68	39906.72
564.73	42239.36
564.79	41883.01
564.85	41497.99
564.91	38862.26
564.96	38651.31
565.02	39513.51
565.08	42671.48
565.13	41221.52
565.19	40129.95
565.25	42638.71
565.30	43244.91
565.36	44746.07
565.42	41907.58
565.47	39714.21
565.53	39583.14
565.59	38450.61
565.65	38118.84
565.70	41584.01
565.76	40930.70
565.82	39493.03
565.87	38579.64
565.93	41674.12
565.99	39640.48
566.04	37858.75
566.10	38421.94
566.16	39044.52
566.21	39478.69
566.27	38180.28
566.33	37350.85
566.38	37912.00
566.44	39714.21
566.50	41366.92
566.55	42390.91
566.61	41416.07
566.67	39464.36
566.73	39364.01
566.78	40654.23
566.84	38655.41
566.90	38845.87
566.95	40052.12
567.01	39093.68
567.07	38262.20
567.12	39628.20
567.18	37520.84
567.24	37627.33
567.29	38823.34
567.35	40496.53
567.41	43115.89
567.46	43021.68
567.52	44565.85
567.58	40998.29
567.63	40355.22
567.69	39826.85
567.75	39071.15
567.80	40627.60
567.86	41809.28
567.91	41270.67
567.97	40246.68
568.03	38069.69
568.08	38483.38
568.14	40957.33
568.20	41663.88
568.25	40627.60
568.31	40088.99
568.37	40707.47
568.42	41508.23
568.48	41371.02
568.54	40484.25
568.59	43064.69
568.65	41471.37
568.71	38397.37
568.76	40256.92
568.82	44502.36
568.88	46069.06
568.93	42794.35
568.99	43681.13
569.04	45909.32
569.10	43410.79
569.16	39554.47
569.21	37940.67
569.27	39159.21
569.33	38047.16
569.38	39065.00
569.44	41506.18
569.50	39865.76
569.55	39708.07
569.61	41276.81
569.66	43246.96
569.72	43437.42
569.78	43060.59
569.83	40803.73
569.89	41874.82
569.95	43013.49
570.00	40639.89
570.06	40756.63
570.11	40639.89
570.17	40101.28
570.23	41766.27
570.28	39906.72
570.34	42476.92
570.40	41772.42
570.45	42132.86
570.51	40992.14
570.56	40949.14
570.62	42081.66
570.68	41342.35
570.73	41442.70
570.79	41006.48
570.85	41727.36
570.90	43386.22
570.96	44582.23
571.01	42782.07
571.07	39415.21
571.13	40611.22
571.18	40869.26
571.24	40134.04
571.29	41086.35
571.35	44469.59
571.41	46718.26
571.46	46247.23
571.52	43380.07
571.57	39988.64
571.63	37699.01
571.69	38747.57
571.74	41649.54
571.80	41633.16
571.85	42243.45
571.91	39583.14
571.97	40504.73
572.02	42124.67
572.08	44035.42
572.13	44911.95
572.19	41264.52
572.25	36318.68
572.30	36156.89
572.36	40074.65
572.41	43599.21
572.47	41020.81
572.53	40994.19
572.58	41803.14
572.64	39417.25
572.69	39144.87
572.75	39538.08
572.80	40670.61
572.86	40351.13
572.92	40058.27
572.97	37565.89
573.03	35116.52
573.08	33854.97
573.14	36146.65
573.20	38313.40
573.25	37156.30
573.31	37209.54
573.36	39421.35
573.42	38280.63
573.47	37606.85
573.53	37744.06
573.59	37522.88
573.64	37524.93
573.70	36632.02
573.75	36744.66
573.81	39024.04
573.86	41182.60
573.92	37670.34
573.98	37123.53
574.03	37258.70
574.09	37627.33
574.14	38479.28
574.20	39067.05
574.25	37043.66
574.31	37645.76
574.37	39054.76
574.42	38585.78
574.48	37729.73
574.53	38442.42
574.59	37348.81
574.64	37332.42
574.70	38804.91
574.75	40007.07
574.81	39873.95
574.87	37516.74
574.92	34926.06
574.98	37232.07
575.03	35263.97
575.09	34541.04
575.14	36744.66
575.20	35948.00
575.25	37758.40
575.31	38243.77
575.37	38000.06
575.42	38335.93
575.48	36050.39
575.53	33054.22
575.59	35581.41
575.64	34911.72
575.70	34635.25
575.75	35126.76
575.81	33805.82
575.86	36019.67
575.92	40383.90
575.98	40334.74
576.03	38417.85
576.09	38432.18
576.14	37184.97
576.20	35395.04
576.25	36296.15
576.31	37483.97
576.36	36163.03
576.42	36333.01
576.47	37260.74
576.53	37725.63
576.58	37524.93
576.64	38473.14
576.69	37770.69
576.75	36967.88
576.81	36949.45
576.86	35728.86
576.92	36984.27
576.97	37457.35
577.03	36523.47
577.08	40887.70
577.14	42495.35
577.19	40387.99
577.25	34596.34
577.30	32206.36
577.36	31985.18
577.41	33666.56
577.47	35042.79
577.52	35935.71
577.58	37590.47
577.63	37008.84
577.69	36736.46
577.74	37000.65
577.80	41258.38
577.85	40779.15
577.91	37981.63
577.96	39220.65
578.02	38163.90
578.07	35358.18
578.13	36732.37
578.18	39368.10
578.24	37543.36
578.29	36728.27
578.35	39175.59
578.40	38104.51
578.46	34129.40
578.51	34493.94
578.57	34780.65
578.62	35739.10
578.68	35892.70
578.73	35223.01
578.79	35300.84
578.84	33037.83
578.90	32894.47
578.95	32144.92
579.01	33027.59
579.06	36802.00
579.12	36373.97
579.17	36363.73
579.23	36056.54
579.28	35968.48
579.34	37752.26
579.39	36867.53
579.45	37268.94
579.50	36253.14
579.56	37215.69
579.61	36316.63
579.67	35681.76
579.72	35452.39
579.78	35059.18
579.83	34864.62
579.89	34293.24
579.94	35403.24
580.00	35524.07
580.05	34864.62
580.11	36648.40
580.16	37686.72
580.22	37979.58
580.27	38630.83
580.32	38440.37
580.38	39044.52
580.43	37404.10
580.49	34741.74
580.54	35644.90
580.60	37139.91
580.65	35149.29
580.71	34641.39
580.76	37860.80
580.82	38397.37
580.87	36259.29
580.93	38434.23
580.98	37574.08
581.04	38069.69
581.09	38659.51
581.14	38012.35
581.20	38817.20
581.25	38163.90
581.31	35995.10
581.36	34487.79
581.42	35315.17
581.47	36531.67
581.53	38641.07
581.58	36707.79
581.64	34303.48
581.69	36232.66
581.75	37172.68
581.80	35059.18
581.85	30875.18
581.91	34838.00
581.96	36068.83
582.02	35415.52
582.07	34549.23
582.13	34903.53
582.18	36990.41
582.24	37133.77
582.29	34133.50
582.34	32253.46
582.40	32427.54
582.45	34000.38
582.51	37807.55
582.56	39015.85
582.62	37529.03
582.67	35327.46
582.73	35399.14
582.78	33781.24
582.83	35083.75
582.89	36003.29
582.94	36842.96
583.00	36701.65
583.05	37017.04
583.11	36126.17
583.16	35921.37
583.21	35808.73
583.27	32474.64
583.32	31575.58
583.38	31987.22
583.43	34995.69
583.49	38673.84
583.54	39560.61
583.59	39781.79
583.65	40314.26
583.70	41057.68
583.76	38387.13
583.81	37975.48
583.87	34964.97
583.92	35323.36
583.97	36333.01
584.03	35259.88
584.08	33390.08
584.14	34369.01
584.19	36351.45
584.24	35919.32
584.30	35421.67
584.35	35093.99
584.41	34145.78
584.46	36468.18
584.52	38993.32
584.57	38034.88
584.62	35532.26
584.68	36503.00
584.73	37080.52
584.79	38514.10
584.84	40105.37
584.89	40734.10
584.95	38645.17
585.00	35042.79
585.06	30998.06
585.11	30973.48
585.16	34452.98
585.22	36077.02
585.27	35073.51
585.33	33463.81
585.38	32202.26
585.43	32583.18
585.49	31989.27
585.54	30875.18
585.60	28847.69
585.65	30565.93
585.70	33035.78
585.76	35753.44
585.81	36013.53
585.87	36435.41
585.92	33500.67
585.97	31561.25
586.03	32769.55
586.08	35149.29
586.13	36664.78
586.19	35241.45
586.24	38147.51
586.30	36214.23
586.35	36146.65
586.40	35196.39
586.46	33914.36
586.51	33148.42
586.57	31874.59
586.62	32835.08
586.67	32142.87
586.73	33508.86
586.78	35444.20
586.83	34280.95
586.89	35773.92
586.94	33070.60
587.00	33156.61
587.05	35610.08
587.10	38579.64
587.16	37907.90
587.21	38290.87
587.26	36052.44
587.32	35784.16
587.37	35001.83
587.42	33105.41
587.48	34002.43
587.53	36531.67
587.59	35626.46
587.64	33646.08
587.69	33531.39
587.75	36941.26
587.80	38084.03
587.85	36726.22
587.91	33181.19
587.96	33590.78
588.01	35415.52
588.07	37168.58
588.12	36365.78
588.17	34797.04
588.23	32966.15
588.28	31626.78
588.34	33572.35
588.39	36089.31
588.44	33687.04
588.50	31391.27
588.55	32060.95
588.60	34516.47
588.66	34928.11
588.71	33353.22
588.76	33230.34
588.82	35892.70
588.87	35923.42
588.92	32476.69
588.98	31919.64
589.03	34115.06
589.08	33967.61
589.14	33113.61
589.19	33271.30
589.24	34080.25
589.30	34059.77
589.35	33820.16
589.40	33414.66
589.46	33322.50
589.51	33293.83
589.56	32679.44
589.62	33523.20
589.67	32087.57
589.72	30371.38
589.78	32189.97
589.83	34158.07
589.88	32210.45
589.94	33371.65
589.99	34444.79
590.04	33957.37
590.10	33070.60
590.15	33175.05
590.20	35562.98
590.26	37721.54
590.31	37066.19
590.36	35823.07
590.42	35442.15
590.47	33912.31
590.52	33529.34
590.58	33050.12
590.63	32599.57
590.68	31860.25
590.74	33981.95
590.79	34764.27
590.84	35595.74
590.89	34549.23
590.95	34745.84
591.00	33525.25
591.05	30150.20
591.11	30664.24
591.16	31403.55
591.21	30078.52
591.27	31053.35
591.32	31178.28
591.37	31907.35
591.43	32923.15
591.48	32523.79
591.53	34473.46
591.58	34422.26
591.64	32947.72
591.69	31368.74
591.74	31483.42
591.80	31268.39
591.85	31481.38
591.90	30660.14
591.96	31448.61
592.01	31190.56
592.06	31209.00
592.11	31120.93
592.17	31026.73
592.22	31200.80
592.27	30092.85
592.33	30385.71
592.38	30219.83
592.43	31190.56
592.48	30694.96
592.54	30008.89
592.59	31370.79
592.64	32024.09
592.70	31831.58
592.75	32738.83
592.80	33617.41
592.85	31565.34
592.91	31102.50
592.96	31647.26
593.01	32235.03
593.07	34616.82
593.12	34156.02
593.17	31428.13
593.22	31407.65
593.28	35106.28
593.33	35737.05
593.38	34188.79
593.44	31952.41
593.49	30938.66
593.54	31438.37
593.59	30930.47
593.65	28970.57
593.70	28833.35
593.75	29453.89
593.80	29587.00
593.86	29890.10
593.91	32077.33
593.96	33492.48
594.01	35438.05
594.07	33873.40
594.12	33209.86
594.17	34004.47
594.23	34182.65
594.28	32439.82
594.33	30723.63
594.38	29306.43
594.44	30174.77
594.49	31594.01
594.54	32288.28
594.59	30983.72
594.65	30795.31
594.70	33074.70
594.75	32587.28
594.80	31866.39
594.86	27833.94
594.91	26173.04
594.96	28020.31
595.01	28857.93
595.07	30889.51
595.12	32824.84
595.17	35323.36
595.22	34790.89
595.28	33588.74
595.33	31827.48
595.38	28485.20
595.43	26654.31
595.49	25939.57
595.54	29044.29
595.59	32042.52
595.64	33115.65
595.69	31712.80
595.75	31690.27
595.80	30930.47
595.85	29961.78
595.90	29515.33
595.96	29148.74
596.01	29898.30
596.06	30385.71
596.11	29818.42
596.17	29136.45
596.22	31647.26
596.27	29292.10
596.32	27965.01
596.38	26914.41
596.43	27166.31
596.48	27285.09
596.53	28827.21
596.58	30391.86
596.64	29806.14
596.69	30539.31
596.74	30811.69
596.79	31637.02
596.85	33334.79
596.90	33369.60
596.95	31723.04
597.00	33283.59
597.05	31753.76
597.11	27614.81
597.16	28141.14
597.21	29400.64
597.26	28900.93
597.31	28884.55
597.37	30219.83
597.42	28575.31
597.47	26859.11
597.52	28438.09
597.57	29732.41
597.63	30826.03
597.68	31602.21
597.73	29244.99
597.78	28167.76
597.84	27848.28
597.89	30461.49
597.94	33385.99
597.99	35419.62
598.04	31305.25
598.10	28833.35
598.15	28401.23
598.20	29052.48
598.25	28255.82
598.30	27336.29
598.36	26543.72
598.41	28261.97
598.46	29500.99
598.51	30238.26
598.56	30752.30
598.61	29738.55
598.67	29765.18
598.72	29781.56
598.77	29214.27
598.82	28180.05
598.87	27285.09
598.93	28046.93
598.98	28350.03
599.03	27242.08
599.08	28016.21
599.13	30119.48
599.19	32343.57
599.24	31477.28
599.29	29990.45
599.34	27297.38
599.39	26689.13
599.44	29122.12
599.50	28849.74
599.55	27545.18
599.60	27029.09
599.65	28907.08
599.70	31366.69
599.75	31090.21
599.81	29470.27
599.86	30170.68
599.91	30768.68
599.96	28317.26
600.01	26244.72
600.07	28075.60
600.12	29582.91
600.17	29304.38
600.22	30109.24
600.27	30080.57
600.32	31079.97
600.38	31712.80
600.43	33025.54
600.48	31479.33
600.53	33138.18
600.58	31426.08
600.63	30649.90
600.68	30375.47
600.74	27946.58
600.79	27416.16
600.84	28026.45
600.89	29032.00
600.94	27713.11
600.99	29171.27
601.05	31817.24
601.10	30711.34
601.15	32679.44
601.20	31450.66
601.25	28642.89
601.30	29038.15
601.35	29353.54
601.41	27913.81
601.46	27057.76
601.51	26791.53
601.56	28268.11
601.61	29204.03
601.66	29222.47
601.71	27547.23
601.77	27590.24
601.82	29382.21
601.87	29111.88
601.92	31264.29
601.97	33093.13
602.02	30088.76
602.07	26486.38
602.13	25642.62
602.18	25828.98
602.23	27901.53
602.28	28255.82
602.33	29044.29
602.38	28927.56
602.43	28819.02
602.48	27868.76
602.54	26725.99
602.59	26027.63
602.64	25529.98
602.69	25712.25
602.74	24870.53
602.79	26885.73
602.84	28087.89
602.89	27891.29
602.95	28997.19
603.00	29230.66
603.05	28700.23
603.10	28712.52
603.15	28290.64
603.20	27367.01
603.25	28575.31
603.30	27666.01
603.36	26840.68
603.41	26445.42
603.46	27031.14
603.51	26824.29
603.56	27561.56
603.61	27936.34
603.66	28253.78
603.71	29152.84
603.76	27790.94
603.82	30225.97
603.87	30426.67
603.92	28866.12
603.97	26859.11
604.02	26990.18
604.07	29144.64
604.12	31374.88
604.17	30105.14
604.22	28708.43
604.28	29089.35
604.33	28599.88
604.38	27840.09
604.43	26195.57
604.48	24168.08
604.53	23961.23
604.58	23557.78
604.63	23348.89
604.68	22380.20
604.73	23916.18
604.78	25777.78
604.84	25550.46
604.89	26054.26
604.94	26926.69
604.99	27336.29
605.04	26938.98
605.09	26773.10
605.14	25681.53
605.19	26041.97
605.24	26033.78
605.29	25081.47
605.34	24497.80
605.40	25808.50
605.45	26082.93
605.50	25149.06
605.55	24450.70
605.60	23166.62
605.65	24049.30
605.70	24960.64
605.75	26793.58
605.80	24147.60
605.85	25001.60
605.90	26021.49
605.95	26214.00
606.00	25388.67
606.06	23842.45
606.11	23838.36
606.16	23447.19
606.21	22853.28
606.26	23910.04
606.31	24354.44
606.36	24839.81
606.41	25577.08
606.46	26617.45
606.51	25943.67
606.56	24315.53
606.61	23858.84
606.66	25136.77
606.71	26322.54
606.76	25144.96
606.81	24233.61
606.87	24028.82
606.92	25591.42
606.97	28352.08
607.02	28952.13
607.07	28456.53
607.12	26332.78
607.17	26642.03
607.22	26189.42
607.27	24952.45
607.32	25751.16
607.37	26572.39
607.42	26312.30
607.47	24557.19
607.52	24325.77
607.57	24800.90
607.62	27879.00
607.67	28640.84
607.72	28448.33
607.77	27913.81
607.83	26945.12
607.88	25329.28
607.93	23074.46
607.98	23123.62
608.03	24968.84
608.08	25667.19
608.13	24880.77
608.18	26639.98
608.23	25796.21
608.28	25087.62
608.33	26680.94
608.38	28982.85
608.43	22435.50
608.48	25826.93
608.53	25521.79
608.58	24686.22
608.63	24680.07
608.68	24481.42
608.73	23946.90
608.78	23090.85
608.83	24282.77
608.88	26381.93
608.93	25894.52
608.98	24342.16
609.03	24282.77
609.08	24452.75
609.13	22806.18
609.18	21139.13
609.23	21309.11
609.28	21612.21
609.33	23725.72
609.38	24497.80
609.43	24800.90
609.48	23142.05
609.53	23883.41
609.58	24626.82
609.63	24645.26
609.69	23537.30
609.74	23015.07
609.79	23965.33
609.84	23684.76
609.89	25388.67
609.94	25751.16
609.99	22484.65
610.04	21737.14
610.09	23430.81
610.14	23668.37
610.19	23148.19
610.24	23840.40
610.29	24370.83
610.34	23269.02
610.39	22478.50
610.44	23565.98
610.49	23561.88
610.54	24485.51
610.59	24665.74
610.64	23213.73
610.69	21712.56
610.74	21077.69
610.79	22292.14
610.84	24034.96
610.89	23301.79
610.94	24536.71
610.99	25056.90
611.04	25501.31
611.09	25003.65
611.14	25378.43
611.18	24118.93
611.23	23248.54
611.28	21800.63
611.33	21421.75
611.38	23348.89
611.43	25654.90
611.48	26502.76
611.53	25882.23
611.58	24985.22
611.63	24630.92
611.68	23889.56
611.73	23905.94
611.78	25515.64
611.83	25749.11
611.88	24241.81
611.93	23563.93
611.98	23963.28
612.03	23053.98
612.08	22060.72
612.13	22578.86
612.18	22898.34
612.23	22345.39
612.28	22199.98
612.33	23789.20
612.38	25011.84
612.43	24196.75
612.48	22914.72
612.53	22515.37
612.58	23457.43
612.63	23897.75
612.68	23424.67
612.73	21952.18
612.78	20750.02
612.83	21112.51
612.88	22478.50
612.93	22216.36
612.97	21692.08
613.02	22738.60
613.07	21837.49
613.12	20528.84
613.17	19343.06
613.22	20532.93
613.27	22070.96
613.32	23910.04
613.37	25020.03
613.42	22984.35
613.47	21235.39
613.52	21868.21
613.57	21173.95
613.62	21423.80
613.67	22167.21
613.72	23211.68
613.77	23705.24
613.82	22736.55
613.87	23455.39
613.92	21948.08
613.96	21243.58
614.01	20582.09
614.06	19941.07
614.11	21575.35
614.16	22546.09
614.21	22060.72
614.26	23733.91
614.31	22834.85
614.36	22060.72
614.41	21200.57
614.46	21061.31
614.51	21464.76
614.56	20293.32
614.61	19977.94
614.66	19556.05
614.70	19687.12
614.75	20534.98
614.80	21806.77
614.85	21837.49
614.90	23264.92
614.95	23246.49
615.00	22623.91
615.05	23027.36
615.10	23881.36
615.15	24120.98
615.20	23578.26
615.25	23658.14
615.30	23066.27
615.34	24034.96
615.39	22898.34
615.44	21835.44
615.49	21237.44
615.54	20584.13
615.59	21638.84
615.64	23729.81
615.69	23719.57
615.74	24284.81
615.79	23803.54
615.84	22570.66
615.89	20534.98
615.93	19982.03
615.98	20641.48
616.03	21786.29
616.08	23463.58
616.13	22486.70
616.18	21362.36
616.23	21028.54
616.28	19936.98
616.33	18693.86
616.38	20782.79
616.42	21872.31
616.47	22339.24
616.52	24510.09
616.57	24567.43
616.62	24454.79
616.67	23928.47
616.72	22890.15
616.77	21788.34
616.82	21372.60
616.87	21225.15
616.91	20694.72
616.96	19842.77
617.01	20342.47
617.06	20778.69
617.11	21216.96
617.16	22789.80
617.21	22726.31
617.26	23416.47
617.31	24243.85
617.35	22795.94
617.40	20899.52
617.45	19238.62
617.50	20233.93
617.55	20829.89
617.60	21010.11
617.65	20129.48
617.70	19351.26
617.74	20436.68
617.79	21960.37
617.84	22341.29
617.89	21309.11
617.94	21397.18
617.99	21720.76
618.04	22814.37
618.09	23637.66
618.13	23314.08
618.18	21241.53
618.23	19726.04
618.28	20496.07
618.33	20686.53
618.38	22187.69
618.43	23795.35
618.48	25493.12
618.52	22906.53
618.57	22517.42
618.62	22748.84
618.67	21538.49
618.72	20485.83
618.77	21395.13
618.82	22034.10
618.86	23226.01
618.91	24002.19
618.96	24503.95
619.01	23801.49
619.06	23330.46
619.11	23619.22
619.16	22576.81
619.20	21118.65
619.25	20328.14
619.30	20692.68
619.35	21087.93
619.40	22214.32
619.45	21360.31
619.49	20711.11
619.54	20260.55
619.59	20594.37
619.64	19957.46
619.69	21735.09
619.74	22220.46
619.79	22167.21
619.83	20381.38
619.88	19236.57
619.93	19234.52
619.98	19519.19
620.03	20588.23
620.08	21409.47
620.12	22501.03
620.17	21284.54
620.22	21634.74
620.27	20383.43
620.32	20573.89
620.37	19631.83
620.41	18542.31
620.46	18597.60
620.51	18910.94
620.56	19074.78
620.61	19179.23
620.66	18491.11
620.70	20170.44
620.75	20360.91
620.80	19427.03
620.85	17176.31
620.90	17022.72
620.95	18415.34
620.99	20405.96
621.04	22455.98
621.09	22746.79
621.14	19932.88
621.19	20504.26
621.23	20227.79
621.28	19715.80
621.33	19144.41
621.38	19230.43
621.43	18990.81
621.48	19732.18
621.52	20166.35
621.57	20166.35
621.62	21006.02
621.67	20446.92
621.72	20977.34
621.76	20483.78
621.81	20022.99
621.86	19793.62
621.91	18839.26
621.96	20737.73
622.00	22415.02
622.05	21931.70
622.10	21538.49
622.15	22320.81
622.20	19971.79
622.24	18513.64
622.29	17766.13
622.34	17585.91
622.39	17962.73
622.44	18290.41
622.48	20027.09
622.53	20981.44
622.58	21089.98
622.63	21417.66
622.68	21694.13
622.72	22396.59
622.77	22277.80
622.82	20612.81
622.87	18822.88
622.92	19816.15
622.96	20106.96
623.01	19955.41
623.06	20260.55
623.11	19128.03
623.15	18472.68
623.20	18185.96
623.25	18347.75
623.30	21675.70
623.35	20889.28
623.39	19601.11
623.44	18370.28
623.49	17143.55
623.54	16721.66
623.58	16437.00
623.63	17254.14
623.68	18478.82
623.73	19171.04
623.78	19173.08
623.82	19783.38
623.87	19375.83
623.92	18734.82
623.97	18810.59
624.01	17819.38
624.06	17499.89
624.11	16262.92
624.16	15355.67
624.21	16918.27
624.25	18808.54
624.30	18689.76
624.35	18640.61
624.40	18890.46
624.44	18489.06
624.49	16858.88
624.54	16893.69
624.59	17299.19
624.63	17444.60
624.68	17430.26
624.73	17917.68
624.78	18777.83
624.82	19109.60
624.87	19058.40
624.92	19259.10
624.97	19400.41
625.01	18573.03
625.06	18941.66
625.11	17796.85
625.16	17547.00
625.20	18857.70
625.25	17958.64
625.30	16885.50
625.35	17088.25
625.39	16717.57
625.44	17010.43
625.49	17118.97
625.54	18372.33
625.58	18530.02
625.63	17716.98
625.68	17444.60
625.73	17553.14
625.77	17553.14
625.82	17258.23
625.87	17811.18
625.92	17555.19
625.96	19341.02
626.01	18448.10
626.06	17501.94
626.10	16869.12
626.15	16924.41
626.20	16846.59
626.25	16912.13
626.29	17252.09
626.34	16979.71
626.39	16807.68
626.44	16635.65
626.48	16299.78
626.53	16373.51
626.58	16338.69
626.62	16602.88
626.67	16940.80
626.72	16342.79
626.77	17770.22
626.81	17813.23
626.86	17735.41
626.91	16688.90
626.96	15472.40
627.00	15269.66
627.05	15482.64
627.10	15830.80
627.14	16326.41
627.19	16553.73
627.24	16082.70
627.29	15634.19
627.33	15392.53
627.38	15732.50
627.43	16088.84
627.47	15978.25
627.52	15507.22
627.57	16086.79
627.62	16217.86
627.66	16170.76
627.71	14788.38
627.76	14714.66
627.80	15984.40
627.85	16899.84
627.90	16473.86
627.94	15701.78
627.99	15712.02
628.04	16381.70
628.09	16551.68
628.13	16973.57
628.18	18130.67
628.23	17168.12
628.27	15931.15
628.32	15615.76
628.37	14518.05
628.41	14067.50
628.46	14796.57
628.51	15075.10
628.55	15650.58
628.60	15511.32
628.65	15071.00
628.70	14358.31
628.74	14305.06
628.79	15804.17
628.84	16824.06
628.88	17219.32
628.93	16680.71
628.98	16123.66
629.02	15832.85
629.07	16656.13
629.12	16604.93
629.16	16416.52
629.21	17301.24
629.26	18792.16
629.30	18304.74
629.35	17790.70
629.40	17180.41
629.44	16418.57
629.49	15861.52
629.54	15834.89
629.58	15517.46
629.63	16060.17
629.68	15664.91
629.72	16045.84
629.77	16600.83
629.82	16840.45
629.86	16983.80
629.91	17096.44
629.96	17358.58
630.00	16332.55
630.05	15882.00
630.10	15587.09
630.14	15820.56
630.19	16545.54
630.24	17532.66
630.28	16445.19
630.33	15505.17
630.38	14769.95
630.42	15171.35
630.47	14757.66
630.52	15814.41
630.56	17000.19
630.61	16641.79
630.66	15173.40
630.70	14098.22
630.75	14581.54
630.80	14380.84
630.84	14614.30
630.89	14305.06
630.94	13797.17
630.98	14126.89
631.03	14833.44
631.07	15191.83
631.12	16178.95
631.17	17180.41
631.21	16086.79
631.26	14792.48
631.31	15083.29
631.35	14980.89
631.40	14651.17
631.45	13866.80
631.49	14456.61
631.54	15214.36
631.59	15046.43
631.63	14071.59
631.68	14407.46
631.72	14542.63
631.77	13825.84
631.82	13639.47
631.86	13526.83
631.91	12957.50
631.96	13139.77
632.00	13764.40
632.05	14944.03
632.09	16017.16
632.14	15183.64
632.19	14272.29
632.23	14192.42
632.28	13692.72
632.33	14145.32
632.37	14462.76
632.42	14468.90
632.46	15003.42
632.51	14907.16
632.56	14335.78
632.60	13641.52
632.65	13668.14
632.70	13319.99
632.74	14196.52
632.79	14477.09
632.83	14110.50
632.88	13426.48
632.93	13651.76
632.97	13565.74
633.02	14638.88
633.06	15071.00
633.11	14399.27
633.16	13231.93
633.20	12910.40
633.25	13063.99
633.29	13348.66
633.34	13913.90
633.39	14292.77
633.43	13680.43
633.48	12922.68
633.52	12785.47
633.57	13981.48
633.62	14313.25
633.66	14626.59
633.71	13348.66
633.75	13158.20
633.80	12525.38
633.85	12156.74
633.89	12349.25
633.94	13262.65
633.98	14231.33
634.03	13131.58
634.08	12615.49
634.12	12730.17
634.17	14014.25
634.21	15216.41
634.26	15128.35
634.31	14358.31
634.35	13834.03
634.40	13539.12
634.44	13203.25
634.49	13479.73
634.54	13195.06
634.58	12910.40
634.63	13469.49
634.67	12988.22
634.72	12126.02
634.76	12146.50
634.81	12347.20
634.86	12468.03
634.90	12924.73
634.95	12961.59
634.99	12672.83
635.04	12685.12
635.08	13944.62
635.13	15427.35
635.18	15679.25
635.22	15138.58
635.27	14683.94
635.31	12947.26
635.36	11728.72
635.40	11482.96
635.45	12046.15
635.50	12980.03
635.54	13221.69
635.59	12967.74
635.63	12879.68
635.68	12881.72
635.72	12568.38
635.77	13178.68
635.81	13975.34
635.86	13934.38
635.91	14540.58
635.95	13760.30
636.00	12803.90
636.04	13203.25
636.09	13715.25
636.13	13825.84
636.18	13516.59
636.22	12980.03
636.27	13109.05
636.32	13375.28
636.36	13244.21
636.41	13420.34
636.45	13825.84
636.50	13311.80
636.54	13061.94
636.59	12570.43
636.63	12148.55
636.68	12429.12
636.73	13764.40
636.77	14812.96
636.82	16051.98
636.86	15443.73
636.91	14133.03
636.95	13440.82
637.00	13483.83
637.04	12951.35
637.09	12904.25
637.13	12902.20
637.18	13510.45
637.22	13846.32
637.27	13072.18
637.31	12715.84
637.36	12173.13
637.41	13031.23
637.45	13418.29
637.50	13170.49
637.54	13422.39
637.59	12808.00
637.63	13537.07
637.68	14378.79
637.72	14700.32
637.77	14071.59
637.81	12865.34
637.86	12828.48
637.90	12951.35
637.95	13074.23
637.99	13541.17
638.04	13614.90
638.08	13580.08
638.13	13858.60
638.17	13461.30
638.22	13143.86
638.26	12535.62
638.31	12439.36
638.35	11845.45
638.40	11605.84
638.45	11833.16
638.49	12607.30
638.54	12238.66
638.58	12212.04
638.63	12463.94
638.67	13936.43
638.72	13887.28
638.76	13688.62
638.81	12308.29
638.85	11638.61
638.90	11994.95
638.94	12068.68
638.99	12582.72
639.03	12607.30
639.08	12980.03
639.12	13068.09
639.17	12498.75
639.21	11745.10
639.26	11781.96
639.30	11573.07
639.35	11194.20
639.39	11378.51
639.44	12128.07
639.48	13051.70
639.53	12554.05
639.57	12678.97
639.62	12570.43
639.66	12701.50
639.70	12539.71
639.75	11808.59
639.79	10405.73
639.84	9989.99
639.88	10520.42
639.93	10463.07
639.97	11355.99
640.02	11978.57
640.06	12017.48
640.11	12359.49
640.15	12107.59
640.20	11491.15
640.24	10975.06
640.29	10903.39
640.33	11931.47
640.38	12703.55
640.42	13145.91
640.47	13088.57
640.51	12930.87
640.56	12257.09
640.60	11855.69
640.65	12169.03
640.69	11935.56
640.73	11474.77
640.78	10770.27
640.82	10606.43
640.87	11079.51
640.91	10792.80
640.96	10786.65
641.00	11634.51
641.05	11822.92
641.09	11669.33
641.14	11372.37
641.18	11532.11
641.23	12058.44
641.27	12654.40
641.32	12685.12
641.36	12670.78
641.40	12083.02
641.45	11208.53
641.49	10657.63
641.54	10598.24
641.58	11114.33
641.63	11130.71
641.67	11183.96
641.72	10784.60
641.76	11239.25
641.80	11706.19
641.85	12226.37
641.89	12113.74
641.94	11296.60
641.98	11063.13
642.03	11116.37
642.07	11138.90
642.12	10973.02
642.16	10651.49
642.20	10889.05
642.25	11657.04
642.29	11947.85
642.34	12490.56
642.38	13033.27
642.43	12312.39
642.47	12259.14
642.52	12242.76
642.56	11511.63
642.60	10602.33
642.65	9951.08
642.69	9701.23
642.74	9994.09
642.78	10403.68
642.83	10563.42
642.87	11192.15
642.91	11865.93
642.96	11927.37
643.00	11958.09
643.05	11577.17
643.09	10540.90
643.14	10684.25
643.18	10940.25
643.22	11761.48
643.27	12693.31
643.31	12564.29
643.36	11986.76
643.40	11431.76
643.45	11315.03
643.49	10762.08
643.53	10551.14
643.58	10733.40
643.62	10889.05
643.67	11163.48
643.71	11956.04
643.75	12011.34
643.80	11927.37
643.84	11781.96
643.89	11902.79
643.93	11368.27
643.97	11562.83
644.02	11372.37
644.06	10651.49
644.11	10977.11
644.15	11087.70
644.19	11562.83
644.24	11659.09
644.28	11204.44
644.33	10803.04
644.37	10975.06
644.42	11755.34
644.46	11534.16
644.50	11280.21
644.55	12185.41
644.59	12672.83
644.63	12726.08
644.68	12169.03
644.72	11222.87
644.77	10389.35
644.81	9877.35
644.85	9811.82
644.90	10233.70
644.94	10540.90
644.99	10631.01
645.03	10442.59
645.07	10899.29
645.12	11964.23
645.16	12453.70
645.21	11972.43
645.25	11296.60
645.29	10854.23
645.34	11106.13
645.38	11358.03
645.42	10659.68
645.47	11038.55
645.51	11583.31
645.56	12025.67
645.60	12166.98
645.64	12097.35
645.69	11700.05
645.73	11769.68
645.77	11310.93
645.82	10651.49
645.86	10342.24
645.91	10047.33
645.95	9041.78
645.99	9080.69
646.04	9787.24
646.08	10471.26
646.12	10340.19
646.17	9873.26
646.21	9946.98
646.26	10235.75
646.30	10487.65
646.34	10544.99
646.39	9803.63
646.43	9615.21
646.47	9725.80
646.52	10366.82
646.56	10375.01
646.60	10014.57
646.65	9146.23
646.69	9340.79
646.73	9803.63
646.78	9717.61
646.82	9330.55
646.87	9295.73
646.91	9424.75
646.95	9623.41
647.00	9987.94
647.04	10092.39
647.08	10020.71
647.13	9983.85
647.17	10131.30
647.21	10352.48
647.26	10889.05
647.30	10876.76
647.34	10583.90
647.39	9992.04
647.43	9959.27
647.47	9953.13
647.52	9690.99
647.56	9297.78
647.60	8976.25
647.65	9029.49
647.69	9463.66
647.73	9295.73
647.78	9084.79
647.82	9361.27
647.86	8984.44
647.91	9500.53
647.95	9088.89
647.99	8701.82
648.04	8492.93
648.08	8791.93
648.12	9131.89
648.17	9459.57
648.21	9559.92
648.25	9658.22
648.30	9650.03
648.34	9291.63
648.38	9015.16
648.43	9394.03
648.47	9963.37
648.51	9760.62
648.56	9375.60
648.60	9365.36
648.64	9619.31
648.69	9891.69
648.73	9342.83
648.77	9555.82
648.82	10051.43
648.86	10252.13
648.90	10717.02
648.95	10901.34
648.99	10841.95
649.03	10946.39
649.07	10805.08
649.12	9805.67
649.16	9389.94
649.20	9570.16
649.25	9662.32
649.29	9463.66
649.33	9332.59
649.38	9308.02
649.42	9062.26
649.46	9193.33
649.51	9234.29
649.55	9611.12
649.59	9441.14
649.63	8525.69
649.68	8230.79
649.72	8081.28
649.76	8638.33
649.81	9371.51
649.85	9285.49
649.89	9570.16
649.93	9860.97
649.98	9652.08
650.02	9686.89
650.06	9789.29
650.11	9506.67
650.15	9772.91
650.19	9748.33
650.24	9678.70
650.28	9592.69
650.32	9676.65
650.36	9633.64
650.41	8857.46
650.45	8607.61
650.49	8288.13
650.54	8824.70
650.58	8650.62
650.62	8507.26
650.66	8501.12
650.71	8750.97
650.75	8298.37
650.79	7946.12
650.83	8505.21
650.88	9021.30
650.92	9525.10
650.96	8728.44
651.01	8757.11
651.05	8867.70
651.09	9357.17
651.13	9244.53
651.18	9148.28
651.22	8916.86
651.26	8482.69
651.30	8615.80
651.35	8236.93
651.39	8021.89
651.43	8439.68
651.48	9015.16
651.52	9281.39
651.56	9236.34
651.60	8998.77
651.65	8714.11
651.69	8503.17
651.73	8361.86
651.77	8843.13
651.82	9047.93
651.86	9525.10
651.90	9758.57
651.94	9725.80
651.99	9357.17
652.03	9316.21
652.07	9019.25
652.11	8826.75
652.16	8867.70
652.20	9009.01
652.24	9406.32
652.28	9129.84
652.33	9037.69
652.37	8722.30
652.41	8105.86
652.45	8372.10
652.50	8335.23
652.54	8460.16
652.58	8599.42
652.62	8636.28
652.67	9049.97
652.71	8884.09
652.75	9187.19
652.79	9580.40
652.84	9678.70
652.88	9207.67
652.92	8599.42
652.96	8247.17
653.00	8456.06
653.05	8722.30
653.09	8540.03
653.13	8628.09
653.17	8785.79
653.22	8662.91
653.26	9084.79
653.30	9430.90
653.34	9291.63
653.39	8693.63
653.43	8716.15
653.47	9041.78
653.51	9396.08
653.55	9361.27
653.60	9183.09
653.64	8814.46
653.68	9297.78
653.72	9363.31
653.77	9373.55
653.81	8777.59
653.85	8597.37
653.89	8859.51
653.93	8902.52
653.98	8615.80
654.02	8415.10
654.06	8198.02
654.10	7970.69
654.14	7800.71
654.19	7620.49
654.23	7624.59
654.27	7491.47
654.31	7540.62
654.35	8126.34
654.40	8763.26
654.44	8855.42
654.48	8361.86
654.52	8075.14
654.57	7868.30
654.61	7899.02
654.65	7808.90
654.69	8247.17
654.73	8519.55
654.78	7974.79
654.82	7401.36
654.86	7475.09
654.90	8101.76
654.94	8757.11
654.98	8894.33
655.03	8542.08
655.07	8583.04
655.11	8605.56
655.15	8798.07
655.19	8441.73
655.24	8054.66
655.28	7802.76
655.32	8310.66
655.36	8621.95
655.40	8787.83
655.45	7813.00
655.49	7282.58
655.53	7071.64
655.57	7282.58
655.61	7497.61
655.65	7757.71
655.70	7991.17
655.74	7282.58
655.78	6879.13
655.82	7219.09
655.86	7554.96
655.91	7810.95
655.95	7602.06
655.99	7446.41
656.03	6883.22
656.07	7065.49
656.11	7237.52
656.16	7640.97
656.20	7370.64
656.24	7958.41
656.28	8875.90
656.32	9150.32
656.36	8542.08
656.41	8118.15
656.45	7350.16
656.49	7587.72
656.53	7749.51
656.57	7817.10
656.61	8259.46
656.66	7841.67
656.70	8036.23
656.74	8044.42
656.78	7622.54
656.82	7548.81
656.86	7542.67
656.91	7411.60
656.95	7202.71
656.99	7030.68
657.03	7292.82
657.07	7731.08
657.11	7790.47
657.15	7454.61
657.20	7559.05
657.24	8329.09
657.28	8906.62
657.32	8570.75
657.36	8578.94
657.40	8423.30
657.44	7622.54
657.49	7374.74
657.53	7395.22
657.57	7270.29
657.61	6709.15
657.65	7092.12
657.69	7389.07
657.73	7557.00
657.78	7251.86
657.82	6829.98
657.86	6635.42
657.90	7174.03
657.94	7317.39
657.98	7602.06
658.02	7847.82
658.07	8085.38
658.11	7825.29
658.15	8281.99
658.19	7944.07
658.23	7864.20
658.27	7931.78
658.31	7305.10
658.35	7116.69
658.40	6811.54
658.44	6877.08
658.48	7108.50
658.52	6647.71
658.56	6559.64
658.60	6907.80
658.64	7462.80
658.68	7606.16
658.73	7569.29
658.77	7417.74
658.81	7182.23
658.85	6641.56
658.89	6815.64
658.93	6983.57
658.97	7348.11
659.01	6739.87
659.06	6723.48
659.10	7096.21
659.14	7456.65
659.18	7518.09
659.22	7460.75
659.26	7380.88
659.30	7413.65
659.34	7231.38
659.38	7196.56
659.42	6967.19
659.47	6592.41
659.51	6729.63
659.55	6680.47
659.59	6979.48
659.63	7327.63
659.67	7239.57
659.71	7124.88
659.75	6938.52
659.79	6838.17
659.83	6752.15
659.88	7120.79
659.92	7047.06
659.96	7002.01
660.00	6961.05
660.04	6776.73
660.08	6995.86
660.12	7069.59
660.16	7489.42
660.20	7892.87
660.24	8064.90
660.28	7456.65
660.33	7407.50
660.37	7088.02
660.41	6625.18
660.45	6604.70
660.49	7284.62
660.53	7810.95
660.57	7999.37
660.61	7427.98
660.65	7094.16
660.69	6758.30
660.73	6465.44
660.77	6582.17
660.82	7403.41
660.86	7772.04
660.90	7401.36
660.94	7268.24
660.98	7085.97
661.02	6885.27
661.06	7143.32
661.10	6926.23
661.14	7346.06
661.18	7202.71
661.22	7143.32
661.26	6422.43
661.30	6317.98
661.34	6291.36
661.39	6762.39
661.43	7171.99
661.47	7432.08
661.51	7038.87
661.55	7344.02
661.59	6844.31
661.63	6367.13
661.67	6301.60
661.71	5869.48
661.75	6381.47
661.79	6758.30
661.83	6739.87
661.87	7094.16
661.91	7327.63
661.95	7466.89
661.99	7462.80
662.03	7620.49
662.08	7653.26
662.12	8042.37
662.16	7677.83
662.20	7305.10
662.24	6911.89
662.28	6756.25
662.32	6559.64
662.36	6442.91
662.40	6580.12
662.44	6721.43
662.48	6997.91
662.52	6991.77
662.56	7020.44
662.60	7370.64
662.64	7126.93
662.68	7356.30
662.72	7360.40
662.76	7481.23
662.80	7266.19
662.84	7014.29
662.88	6987.67
662.92	6791.06
662.96	6381.47
663.00	6264.74
663.04	6258.59
663.09	6051.75
663.13	6057.89
663.17	6209.44
663.21	6328.22
663.25	6352.80
663.29	6676.38
663.33	6631.32
663.37	6727.58
663.41	6789.02
663.45	6428.57
663.49	6346.66
663.53	6172.58
663.57	5904.29
663.61	6150.05
663.65	3788.74
663.69	6707.10
663.73	6774.68
663.77	6889.37
663.81	7006.10
663.85	7008.15
663.89	6631.32
663.93	6465.44
663.97	6627.23
664.01	6315.94
664.05	5797.80
664.09	5668.78
664.13	5519.28
664.17	5861.29
664.21	6176.67
664.25	6573.98
664.29	6447.01
664.33	6490.01
664.37	6084.52
664.41	6258.59
664.45	6094.76
664.49	6352.80
664.53	6322.08
664.57	6322.08
664.61	6281.12
664.65	6424.48
664.69	6215.59
664.73	6465.44
664.77	6246.30
664.81	6012.84
664.85	5998.50
664.89	5971.88
664.93	6090.66
664.97	6326.18
665.01	6285.22
665.05	6080.42
665.09	5865.38
665.13	5756.84
665.17	5701.54
665.21	6168.48
665.25	5818.28
665.29	5760.94
665.33	5509.04
665.37	5564.33
665.41	5629.87
665.45	5590.95
665.49	5697.45
665.53	5902.25
665.57	6254.50
665.61	6406.05
665.65	6535.07
665.69	6336.42
665.73	6438.81
665.77	6180.77
665.81	6170.53
665.85	6211.49
665.89	6057.89
665.92	5740.46
665.96	5828.52
666.00	5949.35
666.04	6332.32
666.08	6471.58
666.12	6381.47
666.16	5949.35
666.20	5924.77
666.24	5627.82
666.28	5617.58
666.32	5334.96
666.36	5642.15
666.40	5793.70
666.44	5937.06
666.48	5826.47
666.52	5611.43
666.56	5672.87
666.60	5511.08
666.64	5578.67
666.68	5357.49
666.72	5234.61
666.76	5349.29
666.80	5435.31
666.84	5357.49
666.88	5490.60
666.91	5793.70
666.95	5834.66
666.99	5808.04
667.03	5564.33
667.07	5597.10
667.11	5580.71
667.15	5492.65
667.19	5185.46
667.23	5005.24
667.27	5406.64
667.31	5515.18
667.35	5660.59
667.39	5658.54
667.43	5939.11
667.47	5824.42
667.51	6213.54
667.55	5564.33
667.58	5463.98
667.62	5300.14
667.66	5509.04
667.70	5433.26
667.74	5195.70
667.78	5445.55
667.82	5644.20
667.86	5726.12
667.90	5830.57
667.94	5683.11
667.98	5439.40
668.02	5699.50
668.06	5429.17
668.10	5025.72
668.13	4749.24
668.17	4632.51
668.21	4739.00
668.25	4865.97
668.29	4882.36
668.33	5109.68
668.37	5220.27
668.41	5527.47
668.45	5558.19
668.49	5611.43
668.53	5527.47
668.57	5330.86
668.60	4956.08
668.64	4825.01
668.68	5222.32
668.72	5246.90
668.76	4927.41
668.80	5035.96
668.84	4759.48
668.88	4816.82
668.92	4655.03
668.96	4747.19
669.00	5046.20
669.03	5093.30
669.07	5083.06
669.11	5021.62
669.15	4782.01
669.19	5087.15
669.23	4966.32
669.27	4962.23
669.31	4857.78
669.35	4759.48
669.39	4839.35
669.42	4839.35
669.46	4603.83
669.50	4630.46
669.54	4560.83
669.58	4802.49
669.62	4792.25
669.66	4689.85
669.70	4880.31
669.74	4765.62
669.78	4851.64
669.81	5105.59
669.85	5185.46
669.89	5126.07
669.93	5214.13
669.97	4949.94
670.01	4876.21
670.05	4677.56
670.09	4822.97
670.12	4497.34
670.16	4720.57
670.20	4564.92
670.24	4523.96
670.28	4624.31
670.32	4911.03
670.36	4808.63
670.40	5081.01
670.43	4749.24
670.47	4579.26
670.51	4517.82
670.55	4480.96
670.59	4292.54
670.63	4245.44
670.67	4440.00
670.71	4546.49
670.74	4745.14
670.78	4786.10
670.82	4630.46
670.86	4769.72
670.90	4755.38
670.94	4767.67
670.98	4894.65
671.01	4925.36
671.05	4859.83
671.09	4822.97
671.13	5009.33
671.17	4718.52
671.21	4693.94
671.25	4317.12
671.28	4292.54
671.32	4233.15
671.36	4487.10
671.40	4390.84
671.44	4339.65
671.48	4263.87
671.52	4257.73
671.55	4710.33
671.59	4542.39
671.63	4665.27
671.67	4286.40
671.71	4257.73
671.75	4071.36
671.79	4386.75
671.82	4270.01
671.86	4310.97
671.90	4233.15
671.94	3839.94
