lambda  n
476.77	-16.38
476.84	-16.38
476.91	-16.38
476.98	26.62
477.04	24.58
477.11	-110.59
477.18	-14.34
477.25	-126.97
477.32	32.77
477.39	-14.34
477.45	-88.06
477.52	12.29
477.59	26.62
477.66	129.02
477.73	-6.14
477.80	-16.38
477.86	-100.35
477.93	49.15
478.00	59.39
478.07	0.00
478.14	-30.72
478.21	-16.38
478.27	49.15
478.34	-2.05
478.41	-81.92
478.48	38.91
478.55	-86.01
478.62	55.30
478.68	-47.10
478.75	-36.86
478.82	-83.97
478.89	10.24
478.96	-38.91
479.02	-53.25
479.09	-2.05
479.16	-10.24
479.23	0.00
479.30	-28.67
479.37	4.10
479.43	55.30
479.50	-61.44
479.57	-26.62
479.64	67.58
479.71	22.53
479.77	-55.30
479.84	-94.21
479.91	22.53
479.98	18.43
480.05	-20.48
480.11	30.72
480.18	-38.91
480.25	28.67
480.32	-20.48
480.39	14.34
480.45	-96.25
480.52	-12.29
480.59	8.19
480.66	45.06
480.73	-53.25
480.79	10.24
480.86	63.49
480.93	-18.43
481.00	28.67
481.07	12.29
481.13	-100.35
481.20	-14.34
481.27	14.34
481.34	94.21
481.41	-34.82
481.47	36.86
481.54	-90.11
481.61	-34.82
481.68	-34.82
481.74	-63.49
481.81	102.40
481.88	102.40
481.95	38.91
482.02	20.48
482.08	6.14
482.15	-40.96
482.22	-49.15
482.29	49.15
482.35	55.30
482.42	-135.17
482.49	53.25
482.56	-4.10
482.63	-2.05
482.69	79.87
482.76	-8.19
482.83	-34.82
482.90	26.62
482.96	-53.25
483.03	-61.44
483.10	53.25
483.17	-22.53
483.24	-88.06
483.30	38.91
483.37	69.63
483.44	24.58
483.51	26.62
483.57	47.10
483.64	55.30
483.71	59.39
483.78	-22.53
483.84	-30.72
483.91	-8.19
483.98	65.54
484.05	-20.48
484.11	-4.10
484.18	-45.06
484.25	-4.10
484.32	73.73
484.38	-26.62
484.45	26.62
484.52	-30.72
484.59	36.86
484.65	53.25
484.72	-59.39
484.79	-53.25
484.86	-20.48
484.92	14.34
484.99	22.53
485.06	-32.77
485.13	-53.25
485.19	2.05
485.26	2.05
485.33	-81.92
485.40	49.15
485.46	-4.10
485.53	0.00
485.60	4.10
485.67	24.58
485.73	-16.38
485.80	-106.49
485.87	-12.29
485.94	20.48
486.00	-14.34
486.07	-83.97
486.14	-4.10
486.20	-12.29
486.27	55.30
486.34	-32.77
486.41	49.15
486.47	-55.30
486.54	63.49
486.61	-69.63
486.68	-26.62
486.74	40.96
486.81	-16.38
486.88	26.62
486.94	38.91
487.01	-32.77
487.08	-10.24
487.15	-30.72
487.21	-36.86
487.28	59.39
487.35	59.39
487.41	-36.86
487.48	-67.58
487.55	12.29
487.62	51.20
487.68	26.62
487.75	26.62
487.82	28.67
487.88	69.63
487.95	36.86
488.02	-47.10
488.09	100.35
488.15	-14.34
488.22	-34.82
488.29	14.34
488.35	28.67
488.42	-67.58
488.49	-51.20
488.56	83.97
488.62	57.34
488.69	26.62
488.76	-69.63
488.82	-28.67
488.89	59.39
488.96	32.77
489.02	73.73
489.09	24.58
489.16	-38.91
489.22	-10.24
489.29	-96.25
489.36	57.34
489.43	81.92
489.49	-63.49
489.56	63.49
489.63	-55.30
489.69	-18.43
489.76	-53.25
489.83	43.01
489.89	34.82
489.96	110.59
490.03	-81.92
490.09	-79.87
490.16	20.48
490.23	6.14
490.29	-45.06
490.36	102.40
490.43	116.73
490.50	-32.77
490.56	26.62
490.63	36.86
490.70	-8.19
490.76	-12.29
490.83	53.25
490.90	43.01
490.96	-47.10
491.03	-14.34
491.10	-28.67
491.16	47.10
491.23	16.38
491.30	-8.19
491.36	16.38
491.43	-61.44
491.50	-34.82
491.56	28.67
491.63	-14.34
491.70	-20.48
491.76	-69.63
491.83	-8.19
491.90	40.96
491.96	2.05
492.03	-59.39
492.10	-4.10
492.16	38.91
492.23	34.82
492.30	51.20
492.36	59.39
492.43	57.34
492.50	2.05
492.56	-38.91
492.63	47.10
492.70	40.96
492.76	61.44
492.83	-24.58
492.89	77.82
492.96	45.06
493.03	-4.10
493.09	79.87
493.16	63.49
493.23	75.77
493.29	59.39
493.36	-18.43
493.43	-61.44
493.49	-139.26
493.56	63.49
493.63	47.10
493.69	16.38
493.76	0.00
493.82	112.64
493.89	-63.49
493.96	26.62
494.02	-67.58
494.09	-131.07
494.16	20.48
494.22	28.67
494.29	-65.53
494.36	0.00
494.42	26.62
494.49	40.96
494.55	12.29
494.62	104.45
494.69	-22.53
494.75	-38.91
494.82	-75.77
494.89	75.77
494.95	10.24
495.02	-45.06
495.08	20.48
495.15	-98.30
495.22	53.25
495.28	-104.45
495.35	83.97
495.42	-112.64
495.48	4.10
495.55	-40.96
495.61	-22.53
495.68	-61.44
495.75	10.24
495.81	18.43
495.88	-4.10
495.94	-4.10
496.01	63.49
496.08	-24.58
496.14	-10.24
496.21	12.29
496.28	-100.35
496.34	14.34
496.41	-141.31
496.47	-12.29
496.54	4.10
496.61	-47.10
496.67	45.06
496.74	-6.14
496.80	34.82
496.87	43.01
496.94	-10.24
497.00	57.34
497.07	-55.30
497.13	51.20
497.20	61.44
497.27	-26.62
497.33	-32.77
497.40	61.44
497.46	47.10
497.53	-79.87
497.60	49.15
497.66	22.53
497.73	2.05
497.79	-22.53
497.86	0.00
497.93	-47.10
497.99	2.05
498.06	-16.38
498.12	57.34
498.19	45.06
498.25	90.11
498.32	-12.29
498.39	4.10
498.45	-59.39
498.52	-53.25
498.58	-2.05
498.65	28.67
498.72	-8.19
498.78	40.96
498.85	-10.24
498.91	83.97
498.98	-34.82
499.04	32.77
499.11	-106.49
499.18	-2.05
499.24	-8.19
499.31	-98.30
499.37	20.48
499.44	-40.96
499.50	26.62
499.57	18.43
499.64	4.10
499.70	24.58
499.77	-30.72
499.83	55.30
499.90	16.38
499.96	43.01
500.03	-36.86
500.09	59.39
500.16	88.06
500.23	43.01
500.29	18.43
500.36	-71.68
500.42	90.11
500.49	-94.21
500.55	0.00
500.62	18.43
500.68	-14.34
500.75	0.00
500.82	83.97
500.88	43.01
500.95	30.72
501.01	-30.72
501.08	-63.49
501.14	-16.38
501.21	-69.63
501.27	184.32
501.34	-12.29
501.41	88.06
501.47	86.01
501.54	57.34
501.60	6.14
501.67	206.84
501.73	6.14
501.80	129.02
501.86	55.30
501.93	69.63
501.99	32.77
502.06	-30.72
502.12	-38.91
502.19	34.82
502.26	38.91
502.32	2.05
502.39	-135.17
502.45	77.82
502.52	10.24
502.58	-49.15
502.65	67.58
502.71	-32.77
502.78	32.77
502.84	108.54
502.91	57.34
502.97	-90.11
503.04	-24.58
503.10	0.00
503.17	-32.77
503.23	2.05
503.30	-43.01
503.37	-38.91
503.43	2.05
503.50	0.00
503.56	-12.29
503.63	55.30
503.69	63.49
503.76	30.72
503.82	55.30
503.89	45.06
503.95	-24.58
504.02	28.67
504.08	-69.63
504.15	-10.24
504.21	-28.67
504.28	-12.29
504.34	92.16
504.41	16.38
504.47	-61.44
504.54	14.34
504.60	14.34
504.67	81.92
504.73	43.01
504.80	-131.07
504.86	6.14
504.93	-22.53
504.99	36.86
505.06	22.53
505.12	0.00
505.19	-16.38
505.25	-73.73
505.32	-4.10
505.38	122.88
505.45	110.59
505.51	-47.10
505.58	45.06
505.64	0.00
505.71	-4.10
505.77	49.15
505.84	18.43
505.90	20.48
505.97	-2.05
506.03	53.25
506.10	-16.38
506.16	71.68
506.23	-28.67
506.29	-38.91
506.36	-12.29
506.42	55.30
506.49	20.48
506.55	-28.67
506.62	12.29
506.68	-79.87
506.75	71.68
506.81	-45.06
506.87	-51.20
506.94	-59.39
507.00	14.34
507.07	51.20
507.13	-14.34
507.20	79.87
507.26	-129.02
507.33	16.38
507.39	57.34
507.46	-47.10
507.52	8.19
507.59	53.25
507.65	49.15
507.72	59.39
507.78	-2.05
507.85	-10.24
507.91	-22.53
507.97	-26.62
508.04	-6.14
508.10	-92.16
508.17	-81.92
508.23	-28.67
508.30	67.58
508.36	-36.86
508.43	-14.34
508.49	61.44
508.56	-67.58
508.62	10.24
508.69	86.01
508.75	-57.34
508.81	-2.05
508.88	57.34
508.94	79.87
509.01	71.68
509.07	-53.25
509.14	-53.25
509.20	-30.72
509.27	10.24
509.33	-55.30
509.39	-2.05
509.46	-32.77
509.52	73.73
509.59	34.82
509.65	-90.11
509.72	-133.12
509.78	92.16
509.85	-53.25
509.91	-26.62
509.97	73.73
510.04	53.25
510.10	-90.11
510.17	38.91
510.23	-57.34
510.30	-102.40
510.36	-40.96
510.42	47.10
510.49	-8.19
510.55	55.30
510.62	-30.72
510.68	18.43
510.75	-47.10
510.81	4.10
510.88	-10.24
510.94	-143.36
511.00	-59.39
511.07	-20.48
511.13	45.06
511.20	-14.34
511.26	-18.43
511.32	22.53
511.39	6.14
511.45	-135.17
511.52	-18.43
511.58	-71.68
511.65	118.78
511.71	10.24
511.77	30.72
511.84	14.34
511.90	20.48
511.97	22.53
512.03	-14.34
512.09	12.29
512.16	-12.29
512.22	-6.14
512.29	-4.10
512.35	8.19
512.42	0.00
512.48	14.34
512.54	-14.34
512.61	122.88
512.67	20.48
512.74	-20.48
512.80	10.24
512.86	-98.30
512.93	-65.54
512.99	10.24
513.06	-20.48
513.12	18.43
513.18	-49.15
513.25	-61.44
513.31	-63.49
513.38	24.58
513.44	28.67
513.50	75.77
513.57	-16.38
513.63	-45.06
513.69	59.39
513.76	-135.17
513.82	-14.34
513.89	0.00
513.95	104.45
514.01	90.11
514.08	57.34
514.14	-22.53
514.21	-4.10
514.27	16.38
514.33	-83.97
514.40	-22.53
514.46	32.77
514.53	-61.44
514.59	102.40
514.65	-2.05
514.72	16.38
514.78	24.58
514.84	53.25
514.91	-45.06
514.97	-71.68
515.04	59.39
515.10	-51.20
515.16	-43.01
515.23	12.29
515.29	53.25
515.35	32.77
515.42	-53.25
515.48	-2.05
515.54	-32.77
515.61	-2.05
515.67	45.06
515.74	-10.24
515.80	-16.38
515.86	-26.62
515.93	2.05
515.99	-96.25
516.05	-4.10
516.12	10.24
516.18	-141.31
516.24	-18.43
516.31	-73.73
516.37	63.49
516.44	32.77
516.50	8.19
516.56	32.77
516.63	63.49
516.69	159.74
516.75	-40.96
516.82	-12.29
516.88	-32.77
516.94	-53.25
517.01	-43.01
517.07	-10.24
517.13	22.53
517.20	45.06
517.26	24.58
517.32	-51.20
517.39	16.38
517.45	86.01
517.52	69.63
517.58	-90.11
517.64	-49.15
517.71	83.97
517.77	6.14
517.83	-10.24
517.90	-20.48
517.96	153.60
518.02	47.10
518.09	28.67
518.15	-79.87
518.21	8.19
518.28	-20.48
518.34	-69.63
518.40	-92.16
518.47	28.67
518.53	-6.14
518.59	20.48
518.66	-26.62
518.72	-24.58
518.78	4.10
518.85	-22.53
518.91	34.82
518.97	38.91
519.03	30.72
519.10	12.29
519.16	47.10
519.22	22.53
519.29	8.19
519.35	-32.77
519.41	-77.82
519.48	-55.30
519.54	34.82
519.60	57.34
519.67	-10.24
519.73	32.77
519.79	4.10
519.86	28.67
519.92	-20.48
519.98	-22.53
520.05	2.05
520.11	-49.15
520.17	75.77
520.23	8.19
520.30	14.34
520.36	4.10
520.42	-90.11
520.49	-28.67
520.55	38.91
520.61	-55.30
520.68	12.29
520.74	36.86
520.80	-63.49
520.87	-4.10
520.93	-6.14
520.99	-67.58
521.05	-30.72
521.12	-38.91
521.18	-43.01
521.24	-2.05
521.31	12.29
521.37	18.43
521.43	90.11
521.49	-59.39
521.56	-75.77
521.62	22.53
521.68	-71.68
521.75	16.38
521.81	77.82
521.87	69.63
521.93	-38.91
522.00	0.00
522.06	0.00
522.12	-90.11
522.19	38.91
522.25	-133.12
522.31	12.29
522.37	-22.53
522.44	-14.34
522.50	61.44
522.56	45.06
522.63	63.49
522.69	-67.58
522.75	-36.86
522.81	-24.58
522.88	12.29
522.94	104.45
523.00	-20.48
523.06	-47.10
523.13	-24.58
523.19	-26.62
523.25	-18.43
523.32	-10.24
523.38	28.67
523.44	26.62
523.50	32.77
523.57	-26.62
523.63	43.01
523.69	-51.20
523.75	-26.62
523.82	-6.14
523.88	-4.10
523.94	43.01
524.00	43.01
524.07	-22.53
524.13	-79.87
524.19	86.01
524.25	53.25
524.32	-61.44
524.38	12.29
524.44	22.53
524.50	14.34
524.57	-98.30
524.63	8.19
524.69	-94.21
524.75	59.39
524.82	-28.67
524.88	22.53
524.94	4.10
525.00	-65.54
525.07	69.63
525.13	30.72
525.19	-71.68
525.25	2.05
525.32	-4.10
525.38	104.45
525.44	108.54
525.50	18.43
525.57	43.01
525.63	-53.25
525.69	-22.53
525.75	-67.58
525.82	-6.14
525.88	38.91
525.94	26.62
526.00	20.48
526.07	32.77
526.13	-6.14
526.19	-67.58
526.25	-83.97
526.31	63.49
526.38	32.77
526.44	-98.30
526.50	-22.53
526.56	2.05
526.63	-47.10
526.69	20.48
526.75	57.34
526.81	-81.92
526.87	79.87
526.94	26.62
527.00	-36.86
527.06	59.39
527.12	-6.14
527.19	28.67
527.25	-32.77
527.31	-88.06
527.37	36.86
527.43	59.39
527.50	-36.86
527.56	53.25
527.62	-81.92
527.68	-45.06
527.75	0.00
527.81	-26.62
527.87	-30.72
527.93	-4.10
527.99	-34.82
528.06	32.77
528.12	12.29
528.18	-86.01
528.24	-79.87
528.30	-40.96
528.37	0.00
528.43	-67.58
528.49	-40.96
528.55	12.29
528.61	-2.05
528.68	-26.62
528.74	-40.96
528.80	4.10
528.86	-59.39
528.92	-14.34
528.99	-20.48
529.05	-51.20
529.11	-14.34
529.17	-180.22
529.23	51.20
529.29	-10.24
529.36	24.58
529.42	49.15
529.48	131.07
529.54	-40.96
529.60	4.10
529.67	6.14
529.73	0.00
529.79	12.29
529.85	-94.21
529.91	0.00
529.98	-18.43
530.04	-30.72
530.10	32.77
530.16	47.10
530.22	71.68
530.28	10.24
530.35	-57.34
530.41	-71.68
530.47	53.25
530.53	49.15
530.59	-38.91
530.65	-28.67
530.72	-14.34
530.78	32.77
530.84	51.20
530.90	-88.06
530.96	90.11
531.02	6.14
531.09	0.00
531.15	26.62
531.21	98.30
531.27	-32.77
531.33	65.53
531.39	59.39
531.46	40.96
531.52	-20.48
531.58	-77.82
531.64	14.34
531.70	51.20
531.76	20.48
531.83	12.29
531.89	47.10
531.95	75.77
532.01	-77.82
532.07	-24.58
532.13	67.58
532.19	0.00
532.26	-75.77
532.32	32.77
532.38	75.77
532.44	26.62
532.50	-43.01
532.56	-24.58
532.63	-22.53
532.69	-43.01
532.75	55.30
532.81	-24.58
532.87	12.29
532.93	59.39
532.99	-83.97
533.06	-12.29
533.12	47.10
533.18	71.68
533.24	0.00
533.30	-4.10
533.36	22.53
533.42	-6.14
533.48	-124.93
533.55	-96.25
533.61	49.15
533.67	18.43
533.73	69.63
533.79	-45.06
533.85	22.53
533.91	-22.53
533.98	0.00
534.04	-57.34
534.10	-61.44
534.16	16.38
534.22	-106.49
534.28	2.05
534.34	2.05
534.40	-94.21
534.47	81.92
534.53	22.53
534.59	-69.63
534.65	12.29
534.71	65.53
534.77	34.82
534.83	65.54
534.89	-51.20
534.95	12.29
535.02	20.48
535.08	-81.92
535.14	-43.01
535.20	-131.07
535.26	-47.10
535.32	-81.92
535.38	-40.96
535.44	-61.44
535.50	-26.62
535.57	0.00
535.63	-49.15
535.69	73.73
535.75	73.73
535.81	43.01
535.87	-55.30
535.93	34.82
535.99	10.24
536.05	57.34
536.11	10.24
536.18	10.24
536.24	-22.53
536.30	-53.25
536.36	77.82
536.42	30.72
536.48	2.05
536.54	-32.77
536.60	-88.06
536.66	-16.38
536.72	-75.77
536.79	-83.97
536.85	-77.82
536.91	38.91
536.97	-10.24
537.03	6.14
537.09	-30.72
537.15	55.30
537.21	34.82
537.27	-108.54
537.33	4.10
537.39	-14.34
537.45	24.58
537.52	10.24
537.58	92.16
537.64	-12.29
537.70	61.44
537.76	53.25
537.82	-45.06
537.88	18.43
537.94	-28.67
538.00	2.05
538.06	57.34
538.12	-28.67
538.18	6.14
538.24	-114.69
538.31	38.91
538.37	32.77
538.43	30.72
538.49	-30.72
538.55	-6.14
538.61	8.19
538.67	98.30
538.73	77.82
538.79	6.14
538.85	-28.67
538.91	-86.01
538.97	12.29
539.03	18.43
539.09	-10.24
539.15	-63.49
539.21	-75.77
539.28	-59.39
539.34	-73.73
539.40	-16.38
539.46	26.62
539.52	65.54
539.58	-26.62
539.64	-126.97
539.70	-10.24
539.76	-14.34
539.82	12.29
539.88	0.00
539.94	-100.35
540.00	51.20
540.06	-28.67
540.12	4.10
540.18	22.53
540.24	14.34
540.30	-79.87
540.36	18.43
540.42	40.96
540.49	-63.49
540.55	59.39
540.61	-55.30
540.67	8.19
540.73	65.54
540.79	-86.01
540.85	2.05
540.91	-83.97
540.97	-71.68
541.03	-22.53
541.09	38.91
541.15	-40.96
541.21	-63.49
541.27	43.01
541.33	-88.06
541.39	-32.77
541.45	26.62
541.51	24.58
541.57	157.69
541.63	32.77
541.69	-92.16
541.75	32.77
541.81	30.72
541.87	8.19
541.93	-63.49
541.99	104.45
542.05	-63.49
542.11	-49.15
542.17	-77.82
542.23	32.77
542.29	-124.93
542.35	-38.91
542.41	-53.25
542.47	69.63
542.53	4.10
542.59	-6.14
542.65	-12.29
542.71	2.05
542.77	-24.58
542.83	94.21
542.89	36.86
542.95	24.58
543.01	-51.20
543.07	26.62
543.13	8.19
543.19	-34.82
543.25	69.63
543.31	-20.48
543.37	110.59
543.43	2.05
543.49	-81.92
543.55	26.62
543.61	-36.86
543.67	-32.77
543.73	-18.43
543.79	-81.92
543.85	-94.21
543.91	26.62
543.97	-96.25
544.03	-98.30
544.09	-55.30
544.15	18.43
544.21	-100.35
544.27	75.77
544.33	-8.19
544.39	-51.20
544.45	8.19
544.51	22.53
544.57	-16.38
544.63	-45.06
544.69	-51.20
544.75	73.73
544.81	-47.10
544.87	71.68
544.93	-20.48
544.99	36.86
545.05	59.39
545.11	-86.01
545.17	36.86
545.23	71.68
545.29	-30.72
545.35	18.43
545.41	-12.29
545.47	-24.58
545.53	12.29
545.59	55.30
545.65	4.10
545.71	-98.30
545.77	-14.34
545.83	106.49
545.89	53.25
545.95	53.25
546.01	36.86
546.07	-10.24
546.13	12.29
546.19	34.82
546.25	59.39
546.31	12.29
546.37	-51.20
546.42	55.30
546.48	-28.67
546.54	49.15
546.60	81.92
546.66	32.77
546.72	0.00
546.78	55.30
546.84	-12.29
546.90	28.67
546.96	-65.54
547.02	22.53
547.08	-53.25
547.14	-40.96
547.20	-153.60
547.26	-59.39
547.32	-32.77
547.38	34.82
547.44	-75.77
547.50	-12.29
547.56	57.34
547.62	-2.05
547.67	32.77
547.73	43.01
547.79	-14.34
547.85	22.53
547.91	-55.30
547.97	24.58
548.03	-36.86
548.09	-40.96
548.15	-79.87
548.21	-24.58
548.27	-100.35
548.33	-36.86
548.39	-28.67
548.45	10.24
548.51	-18.43
548.56	-47.10
548.62	43.01
548.68	14.34
548.74	36.86
548.80	59.39
548.86	20.48
548.92	2.05
548.98	8.19
549.04	51.20
549.10	-28.67
549.16	-79.87
549.22	16.38
549.28	-22.53
549.34	45.06
549.39	-26.62
549.45	-28.67
549.51	-120.83
549.57	-14.34
549.63	34.82
549.69	77.82
549.75	30.72
549.81	12.29
549.87	49.15
549.93	-8.19
549.99	-90.11
550.04	-83.97
550.10	-20.48
550.16	16.38
550.22	-14.34
550.28	-6.14
550.34	2.05
550.40	81.92
550.46	32.77
550.52	-40.96
550.58	-77.82
550.64	-49.15
550.69	71.68
550.75	12.29
550.81	-24.58
550.87	22.53
550.93	-2.05
550.99	-20.48
551.05	51.20
551.11	65.54
551.17	-61.44
551.23	-73.73
551.28	-143.36
551.34	-71.68
551.40	8.19
551.46	-59.39
551.52	-77.82
551.58	47.10
551.64	-16.38
551.70	16.38
551.76	40.96
551.81	-10.24
551.87	-14.34
551.93	-36.86
551.99	98.30
552.05	14.34
552.11	6.14
552.17	-8.19
552.23	47.10
552.28	-51.20
552.34	-73.73
552.40	-10.24
552.46	18.43
552.52	-49.15
552.58	-30.72
552.64	-24.58
552.70	18.43
552.75	14.34
552.81	79.87
552.87	-12.29
552.93	-14.34
552.99	-18.43
553.05	55.30
553.11	-26.62
553.17	-30.72
553.22	-20.48
553.28	-51.20
553.34	38.91
553.40	-61.44
553.46	36.86
553.52	53.25
553.58	-6.14
553.63	-18.43
553.69	96.25
553.75	-57.34
553.81	-38.91
553.87	38.91
553.93	-38.91
553.99	14.34
554.04	-49.15
554.10	-2.05
554.16	26.62
554.22	20.48
554.28	-30.72
554.34	4.10
554.40	-10.24
554.45	14.34
554.51	114.69
554.57	-6.14
554.63	-38.91
554.69	-8.19
554.75	-34.82
554.80	-36.86
554.86	28.67
554.92	-65.53
554.98	26.62
555.04	32.77
555.10	-36.86
555.16	-26.62
555.21	-53.25
555.27	-6.14
555.33	-57.34
555.39	-55.30
555.45	-47.10
555.51	-28.67
555.56	-63.49
555.62	36.86
555.68	36.86
555.74	10.24
555.80	-22.53
555.86	-34.82
555.91	-18.43
555.97	34.82
556.03	34.82
556.09	-122.88
556.15	-45.06
556.20	77.82
556.26	-106.49
556.32	14.34
556.38	83.97
556.44	77.82
556.50	-81.92
556.55	-38.91
556.61	-153.60
556.67	-6.14
556.73	53.25
556.79	32.77
556.84	-16.38
556.90	20.48
556.96	-149.50
557.02	77.82
557.08	26.62
557.14	-28.67
557.19	-2.05
557.25	-34.82
557.31	-65.54
557.37	-14.34
557.43	-18.43
557.48	-16.38
557.54	12.29
557.60	-30.72
557.66	-28.67
557.72	-47.10
557.77	10.24
557.83	-8.19
557.89	2.05
557.95	20.48
558.01	30.72
558.06	-26.62
558.12	-16.38
558.18	-57.34
558.24	-18.43
558.30	28.67
558.35	20.48
558.41	-24.58
558.47	0.00
558.53	40.96
558.59	-2.05
558.64	6.14
558.70	18.43
558.76	-22.53
558.82	67.58
558.88	20.48
558.93	55.30
558.99	-4.10
559.05	-36.86
559.11	14.34
559.16	-43.01
559.22	-116.73
559.28	-38.91
559.34	-10.24
559.40	-12.29
559.45	18.43
559.51	16.38
559.57	-8.19
559.63	40.96
559.68	43.01
559.74	22.53
559.80	36.86
559.86	12.29
559.92	-47.10
559.97	77.82
560.03	45.06
560.09	-10.24
560.15	-120.83
560.20	-36.86
560.26	26.62
560.32	-55.30
560.38	-79.87
560.43	30.72
560.49	-49.15
560.55	-86.01
560.61	-4.10
560.66	-4.10
560.72	88.06
560.78	-8.19
560.84	-77.82
560.90	-59.39
560.95	75.77
561.01	-32.77
561.07	-30.72
561.13	-14.34
561.18	-104.45
561.24	12.29
561.30	-32.77
561.36	2.05
561.41	110.59
561.47	-51.20
561.53	36.86
561.59	14.34
561.64	22.53
561.70	-16.38
561.76	79.87
561.82	-65.54
561.87	-4.10
561.93	-114.69
561.99	73.73
562.05	22.53
562.10	-32.77
562.16	-34.82
562.22	-45.06
562.27	77.82
562.33	26.62
562.39	-10.24
562.45	-75.77
562.50	14.34
562.56	12.29
562.62	55.30
562.68	-86.01
562.73	-4.10
562.79	32.77
562.85	55.30
562.91	-16.38
562.96	34.82
563.02	-2.05
563.08	26.62
563.13	-12.29
563.19	-43.01
563.25	2.05
563.31	20.48
563.36	139.26
563.42	-32.77
563.48	-4.10
563.53	20.48
563.59	67.58
563.65	-24.58
563.71	-16.38
563.76	32.77
563.82	65.54
563.88	-16.38
563.94	57.34
563.99	65.53
564.05	-28.67
564.11	30.72
564.16	-38.91
564.22	10.24
564.28	67.58
564.33	-36.86
564.39	-26.62
564.45	47.10
564.51	22.53
564.56	40.96
564.62	-34.82
564.68	-92.16
564.73	-69.63
564.79	6.14
564.85	55.30
564.91	81.92
564.96	96.25
565.02	-45.06
565.08	49.15
565.13	8.19
565.19	-12.29
565.25	-32.77
565.30	20.48
565.36	24.58
565.42	4.10
565.47	-22.53
565.53	0.00
565.59	-49.15
565.65	86.01
565.70	16.38
565.76	59.39
565.82	20.48
565.87	-73.73
565.93	65.54
565.99	2.05
566.04	-18.43
566.10	79.87
566.16	-65.53
566.21	43.01
566.27	126.97
566.33	6.14
566.38	20.48
566.44	10.24
566.50	116.73
566.55	-36.86
566.61	-20.48
566.67	-47.10
566.73	-51.20
566.78	73.73
566.84	61.44
566.90	-14.34
566.95	22.53
567.01	102.40
567.07	71.68
567.12	-22.53
567.18	24.58
567.24	-20.48
567.29	-14.34
567.35	-73.73
567.41	-110.59
567.46	53.25
567.52	108.54
567.58	-28.67
567.63	-59.39
567.69	12.29
567.75	75.77
567.80	-32.77
567.86	2.05
567.91	-59.39
567.97	-30.72
568.03	32.77
568.08	-63.49
568.14	-26.62
568.20	-12.29
568.25	147.45
568.31	16.38
568.37	-34.82
568.42	-32.77
568.48	-77.82
568.54	-10.24
568.59	28.67
568.65	40.96
568.71	-12.29
568.76	-67.58
568.82	88.06
568.88	-8.19
568.93	67.58
568.99	51.20
569.04	47.10
569.10	61.44
569.16	43.01
569.21	57.34
569.27	69.63
569.33	57.34
569.38	12.29
569.44	-2.05
569.50	14.34
569.55	30.72
569.61	65.54
569.66	-69.63
569.72	81.92
569.78	-12.29
569.83	-53.25
569.89	2.05
569.95	-57.34
570.00	32.77
570.06	-12.29
570.11	6.14
570.17	-12.29
570.23	28.67
570.28	-135.17
570.34	-16.38
570.40	43.01
570.45	-8.19
570.51	-12.29
570.56	-32.77
570.62	122.88
570.68	47.10
570.73	30.72
570.79	73.73
570.85	57.34
570.90	18.43
570.96	45.06
571.01	4.10
571.07	-69.63
571.13	-73.73
571.18	-49.15
571.24	36.86
571.29	-88.06
571.35	-61.44
571.41	20.48
571.46	-75.77
571.52	63.49
571.57	-24.58
571.63	-86.01
571.69	-88.06
571.74	-26.62
571.80	-71.68
571.85	-2.05
571.91	-36.86
571.97	34.82
572.02	98.30
572.08	43.01
572.13	-16.38
572.19	24.58
572.25	-18.43
572.30	18.43
572.36	79.87
572.41	-22.53
572.47	-67.58
572.53	-45.06
572.58	-98.30
572.64	-10.24
572.69	-36.86
572.75	24.58
572.80	-67.58
572.86	61.44
572.92	-10.24
572.97	-16.38
573.03	40.96
573.08	47.10
573.14	79.87
573.20	-104.45
573.25	10.24
573.31	47.10
573.36	30.72
573.42	51.20
573.47	-2.05
573.53	-49.15
573.59	65.53
573.64	12.29
573.70	0.00
573.75	20.48
573.81	-20.48
573.86	-28.67
573.92	-8.19
573.98	-114.69
574.03	131.07
574.09	6.14
574.14	-22.53
574.20	0.00
574.25	-102.40
574.31	28.67
574.37	24.58
574.42	45.06
574.48	-81.92
574.53	-28.67
574.59	30.72
574.64	98.30
574.70	2.05
574.75	18.43
574.81	-59.39
574.87	-155.65
574.92	6.14
574.98	59.39
575.03	-81.92
575.09	28.67
575.14	26.62
575.20	-14.34
575.25	18.43
575.31	-57.34
575.37	-24.58
575.42	20.48
575.48	-12.29
575.53	18.43
575.59	-10.24
575.64	57.34
575.70	-49.15
575.75	-26.62
575.81	-61.44
575.86	20.48
575.92	24.58
575.98	22.53
576.03	0.00
576.09	-30.72
576.14	-14.34
576.20	6.14
576.25	40.96
576.31	-69.63
576.36	-83.97
576.42	79.87
576.47	77.82
576.53	38.91
576.58	22.53
576.64	69.63
576.69	8.19
576.75	110.59
576.81	-49.15
576.86	4.10
576.92	53.25
576.97	-38.91
577.03	-51.20
577.08	-10.24
577.14	100.35
577.19	-24.58
577.25	-49.15
577.30	-67.58
577.36	-36.86
577.41	24.58
577.47	24.58
577.52	6.14
577.58	-10.24
577.63	-59.39
577.69	-22.53
577.74	-59.39
577.80	-61.44
577.85	-30.72
577.91	36.86
577.96	-55.30
578.02	75.77
578.07	-10.24
578.13	26.62
578.18	20.48
578.24	45.06
578.29	-10.24
578.35	40.96
578.40	-28.67
578.46	10.24
578.51	-92.16
578.57	71.68
578.62	-6.14
578.68	-34.82
578.73	-8.19
578.79	-12.29
578.84	-24.58
578.90	124.93
578.95	34.82
579.01	-47.10
579.06	-45.06
579.12	83.97
579.17	16.38
579.23	-102.40
579.28	4.10
579.34	-8.19
579.39	-18.43
579.45	77.82
579.50	-36.86
579.56	-20.48
579.61	161.79
579.67	22.53
579.72	38.91
579.78	43.01
579.83	2.05
579.89	-12.29
579.94	-51.20
580.00	-6.14
580.05	-40.96
580.11	-10.24
580.16	0.00
580.22	-8.19
580.27	12.29
580.32	94.21
580.38	-49.15
580.43	34.82
580.49	-73.73
580.54	-65.54
580.60	-26.62
580.65	73.73
580.71	53.25
580.76	-43.01
580.82	8.19
580.87	2.05
580.93	40.96
580.98	36.86
581.04	4.10
581.09	-86.01
581.14	-75.77
581.20	-57.34
581.25	-2.05
581.31	22.53
581.36	-34.82
581.42	26.62
581.47	43.01
581.53	32.77
581.58	0.00
581.64	98.30
581.69	71.68
581.75	81.92
581.80	32.77
581.85	4.10
581.91	71.68
581.96	-81.92
582.02	16.38
582.07	2.05
582.13	102.40
582.18	-38.91
582.24	-28.67
582.29	63.49
582.34	28.67
582.40	30.72
582.45	-102.40
582.51	-24.58
582.56	-61.44
582.62	53.25
582.67	-34.82
582.73	57.34
582.78	16.38
582.83	22.53
582.89	40.96
582.94	28.67
583.00	-47.10
583.05	63.49
583.11	12.29
583.16	14.34
583.21	24.58
583.27	-75.77
583.32	-4.10
583.38	75.77
583.43	-24.58
583.49	-59.39
583.54	-26.62
583.59	73.73
583.65	-75.77
583.70	6.14
583.76	20.48
583.81	57.34
583.87	-49.15
583.92	129.02
583.97	-22.53
584.03	43.01
584.08	-55.30
584.14	-12.29
584.19	22.53
584.24	26.62
584.30	28.67
584.35	14.34
584.41	53.25
584.46	-38.91
584.52	-18.43
584.57	10.24
584.62	2.05
584.68	75.77
584.73	47.10
584.79	38.91
584.84	6.14
584.89	6.14
584.95	-59.39
585.00	-6.14
585.06	10.24
585.11	-65.54
585.16	-55.30
585.22	-69.63
585.27	153.60
585.33	-12.29
585.38	4.10
585.43	71.68
585.49	14.34
585.54	16.38
585.60	6.14
585.65	28.67
585.70	-88.06
585.76	-20.48
585.81	-2.05
585.87	26.62
585.92	-83.97
585.97	20.48
586.03	57.34
586.08	8.19
586.13	-40.96
586.19	36.86
586.24	-38.91
586.30	24.58
586.35	36.86
586.40	108.54
586.46	-83.97
586.51	-57.34
586.57	0.00
586.62	-71.68
586.67	-49.15
586.73	-32.77
586.78	-16.38
586.83	-6.14
586.89	59.39
586.94	4.10
587.00	40.96
587.05	-40.96
587.10	24.58
587.16	53.25
587.21	71.68
587.26	-79.87
587.32	0.00
587.37	202.75
587.42	1165.29
587.48	2115.55
587.53	3485.64
587.59	4284.35
587.64	5842.85
587.69	6733.72
587.75	5375.92
587.80	5324.72
587.85	5613.48
587.91	5734.31
587.96	3467.21
588.01	2058.21
588.07	1148.91
588.12	1003.50
588.17	649.21
588.23	501.75
588.28	282.62
588.34	206.84
588.39	47.10
588.44	-61.44
588.50	22.53
588.55	-2.05
588.60	-28.67
588.66	10.24
588.71	90.11
588.76	-12.29
588.82	-2.05
588.87	-8.19
588.92	151.55
588.98	-12.29
589.03	-14.34
589.08	-24.58
589.14	12.29
589.19	8.19
589.24	2.05
589.30	55.30
589.35	12.29
589.40	4.10
589.46	20.48
589.51	-2.05
589.56	94.21
589.62	-55.30
589.67	24.58
589.72	-12.29
589.78	34.82
589.83	10.24
589.88	6.14
589.94	-79.87
589.99	22.53
590.04	75.77
590.10	71.68
590.15	-24.58
590.20	51.20
590.26	16.38
590.31	-38.91
590.36	22.53
590.42	77.82
590.47	24.58
590.52	-43.01
590.58	75.77
590.63	-32.77
590.68	14.34
590.74	28.67
590.79	20.48
590.84	-53.25
590.89	-22.53
590.95	-36.86
591.00	-26.62
591.05	86.01
591.11	34.82
591.16	75.77
591.21	2.05
591.27	-18.43
591.32	-47.10
591.37	-22.53
591.43	-14.34
591.48	38.91
591.53	24.58
591.58	88.06
591.64	-34.82
591.69	-112.64
591.74	47.10
591.80	26.62
591.85	-28.67
591.90	-36.86
591.96	-24.58
592.01	-18.43
592.06	-12.29
592.11	90.11
592.17	-45.06
592.22	14.34
592.27	-24.58
592.33	-26.62
592.38	18.43
592.43	53.25
592.48	36.86
592.54	-26.62
592.59	-43.01
592.64	16.38
592.70	40.96
592.75	-8.19
592.80	-10.24
592.85	-18.43
592.91	0.00
592.96	-2.05
593.01	-75.77
593.07	-16.38
593.12	-2.05
593.17	-49.15
593.22	-22.53
593.28	-4.10
593.33	-8.19
593.38	8.19
593.44	-20.48
593.49	12.29
593.54	-65.53
593.59	-38.91
593.65	75.77
593.70	-22.53
593.75	34.82
593.80	59.39
593.86	28.67
593.91	10.24
593.96	-38.91
594.01	-38.91
594.07	-6.14
594.12	26.62
594.17	20.48
594.23	20.48
594.28	-57.34
594.33	-55.30
594.38	67.58
594.44	-18.43
594.49	79.87
594.54	28.67
594.59	-14.34
594.65	-49.15
594.70	-49.15
594.75	20.48
594.80	-12.29
594.86	-186.37
594.91	77.82
594.96	51.20
595.01	-16.38
595.07	-81.92
595.12	28.67
595.17	-51.20
595.22	26.62
595.28	-28.67
595.33	-65.54
595.38	-92.16
595.43	-30.72
595.49	14.34
595.54	-59.39
595.59	-22.53
595.64	-65.53
595.69	10.24
595.75	-32.77
595.80	-32.77
595.85	-16.38
595.90	-135.17
595.96	-24.58
596.01	-6.14
596.06	30.72
596.11	4.10
596.17	16.38
596.22	4.10
596.27	-38.91
596.32	-63.49
596.38	34.82
596.43	-47.10
596.48	36.86
596.53	-49.15
596.58	-114.69
596.64	-47.10
596.69	-20.48
596.74	-30.72
596.79	63.49
596.85	-55.30
596.90	69.63
596.95	18.43
597.00	-79.87
597.05	-43.01
597.11	-14.34
597.16	20.48
597.21	-98.30
597.26	-24.58
597.31	-26.62
597.37	-22.53
597.42	90.11
597.47	-10.24
597.52	86.01
597.57	-45.06
597.63	-2.05
597.68	-16.38
597.73	-32.77
597.78	-6.14
597.84	4.10
597.89	-22.53
597.94	-96.25
597.99	51.20
598.04	26.62
598.10	-36.86
598.15	-16.38
598.20	-8.19
598.25	-28.67
598.30	71.68
598.36	-20.48
598.41	12.29
598.46	-2.05
598.51	-30.72
598.56	-18.43
598.61	-49.15
598.67	79.87
598.72	-10.24
598.77	8.19
598.82	49.15
598.87	24.58
598.93	-104.45
598.98	-28.67
599.03	55.30
599.08	-108.54
599.13	-63.49
599.19	-16.38
599.24	-47.10
599.29	-79.87
599.34	-79.87
599.39	-32.77
599.44	94.21
599.50	43.01
599.55	-110.59
599.60	45.06
599.65	-24.58
599.70	-100.35
599.75	22.53
599.81	-36.86
599.86	-28.67
599.91	47.10
599.96	-12.29
600.01	-16.38
600.07	28.67
600.12	-16.38
600.17	-34.82
600.22	30.72
600.27	32.77
600.32	-69.63
600.38	-16.38
600.43	-34.82
600.48	-34.82
600.53	-10.24
600.58	57.34
600.63	-22.53
600.68	22.53
600.74	10.24
600.79	34.82
600.84	-12.29
600.89	73.73
600.94	-34.82
600.99	51.20
601.05	-28.67
601.10	-100.35
601.15	57.34
601.20	-26.62
601.25	65.53
601.30	-67.58
601.35	45.06
601.41	-71.68
601.46	6.14
601.51	-47.10
601.56	34.82
601.61	-18.43
601.66	6.14
601.71	-36.86
601.77	12.29
601.82	75.77
601.87	-55.30
601.92	100.35
601.97	69.63
602.02	24.58
602.07	18.43
602.13	-40.96
602.18	-40.96
602.23	-43.01
602.28	-4.10
602.33	43.01
602.38	86.01
602.43	-79.87
602.48	-86.01
602.54	-71.68
602.59	12.29
602.64	10.24
602.69	28.67
602.74	20.48
602.79	-4.10
602.84	-102.40
602.89	-43.01
602.95	77.82
603.00	-30.72
603.05	-18.43
603.10	-36.86
603.15	-20.48
603.20	-18.43
603.25	45.06
603.30	71.68
603.36	20.48
603.41	-94.21
603.46	63.49
603.51	16.38
603.56	-18.43
603.61	-24.58
603.66	-2.05
603.71	-36.86
603.76	53.25
603.82	-22.53
603.87	-24.58
603.92	32.77
603.97	86.01
604.02	-4.10
604.07	110.59
604.12	-43.01
604.17	0.00
604.22	-14.34
604.28	-14.34
604.33	40.96
604.38	-43.01
604.43	-122.88
604.48	-6.14
604.53	96.25
604.58	-26.62
604.63	-38.91
604.68	75.77
604.73	-53.25
604.78	-20.48
604.84	-18.43
604.89	-59.39
604.94	83.97
604.99	-34.82
605.04	2.05
605.09	-30.72
605.14	-8.19
605.19	-81.92
605.24	28.67
605.29	-12.29
605.34	-55.30
605.40	8.19
605.45	90.11
605.50	75.77
605.55	-92.16
605.60	57.34
605.65	-34.82
605.70	-28.67
605.75	40.96
605.80	-18.43
605.85	-2.05
605.90	-2.05
605.95	-59.39
606.00	22.53
606.06	45.06
606.11	26.62
606.16	26.62
606.21	-6.14
606.26	38.91
606.31	20.48
606.36	-43.01
606.41	14.34
606.46	-20.48
606.51	-24.58
606.56	104.45
606.61	-18.43
606.66	-14.34
606.71	32.77
606.76	-67.58
606.81	-69.63
606.87	53.25
606.92	53.25
606.97	116.73
607.02	16.38
607.07	-112.64
607.12	53.25
607.17	-26.62
607.22	129.02
607.27	4.10
607.32	-75.77
607.37	0.00
607.42	36.86
607.47	61.44
607.52	-4.10
607.57	-53.25
607.62	-55.30
607.67	0.00
607.72	10.24
607.77	-69.63
607.83	49.15
607.88	-26.62
607.93	2.05
607.98	-182.27
608.03	45.06
608.08	20.48
608.13	40.96
608.18	59.39
608.23	-8.19
608.28	-22.53
608.33	0.00
608.38	22.53
608.43	26.62
608.48	-30.72
608.53	28.67
608.58	-8.19
608.63	16.38
608.68	24.58
608.73	-26.62
608.78	-69.63
608.83	71.68
608.88	20.48
608.93	-81.92
608.98	-2.05
609.03	-104.45
609.08	63.49
609.13	-53.25
609.18	34.82
609.23	53.25
609.28	20.48
609.33	77.82
609.38	-16.38
609.43	-43.01
609.48	-32.77
609.53	-71.68
609.58	-12.29
609.63	-22.53
609.69	-96.25
609.74	-40.96
609.79	-10.24
609.84	34.82
609.89	16.38
609.94	-45.06
609.99	20.48
610.04	-8.19
610.09	65.53
610.14	0.00
610.19	12.29
610.24	20.48
610.29	28.67
610.34	-10.24
610.39	-86.01
610.44	10.24
610.49	-34.82
610.54	-79.87
610.59	10.24
610.64	47.10
610.69	-28.67
610.74	-114.69
610.79	59.39
610.84	-47.10
610.89	81.92
610.94	8.19
610.99	-88.06
611.04	-20.48
611.09	30.72
611.14	79.87
611.18	43.01
611.23	49.15
611.28	2.05
611.33	-12.29
611.38	-16.38
611.43	28.67
611.48	94.21
611.53	-40.96
611.58	61.44
611.63	49.15
611.68	20.48
611.73	16.38
611.78	-61.44
611.83	-30.72
611.88	28.67
611.93	22.53
611.98	30.72
612.03	12.29
612.08	120.83
612.13	36.86
612.18	-53.25
612.23	-81.92
612.28	-34.82
612.33	16.38
612.38	-8.19
612.43	-69.63
612.48	20.48
612.53	20.48
612.58	-55.30
612.63	81.92
612.68	61.44
612.73	-45.06
612.78	-47.10
612.83	-28.67
612.88	-51.20
612.93	-96.25
612.97	-45.06
613.02	-30.72
613.07	-2.05
613.12	16.38
613.17	-36.86
613.22	-2.05
613.27	-112.64
613.32	77.82
613.37	38.91
613.42	-59.39
613.47	-55.30
613.52	51.20
613.57	12.29
613.62	12.29
613.67	-18.43
613.72	61.44
613.77	43.01
613.82	0.00
613.87	67.58
613.92	-61.44
613.96	-49.15
614.01	26.62
614.06	-20.48
614.11	43.01
614.16	-2.05
614.21	-88.06
614.26	-43.01
614.31	-10.24
614.36	-28.67
614.41	-18.43
614.46	-26.62
614.51	12.29
614.56	24.58
614.61	36.86
614.66	47.10
614.70	-71.68
614.75	-71.68
614.80	114.69
614.85	-8.19
614.90	0.00
614.95	-6.14
615.00	-14.34
615.05	-38.91
615.10	-43.01
615.15	-32.77
615.20	59.39
615.25	110.59
615.30	-102.40
615.34	43.01
615.39	-65.53
615.44	-36.86
615.49	-45.06
615.54	57.34
615.59	-40.96
615.64	65.53
615.69	-10.24
615.74	30.72
615.79	2.05
615.84	-67.58
615.89	-43.01
615.93	8.19
615.98	24.58
616.03	0.00
616.08	2.05
616.13	108.54
616.18	75.77
616.23	12.29
616.28	-34.82
616.33	63.49
616.38	-6.14
616.42	67.58
616.47	30.72
616.52	30.72
616.57	-24.58
616.62	-43.01
616.67	-24.58
616.72	-81.92
616.77	-40.96
616.82	32.77
616.87	16.38
616.91	65.53
616.96	-79.87
617.01	4.10
617.06	2.05
617.11	-71.68
617.16	-83.97
617.21	-40.96
617.26	-34.82
617.31	40.96
617.35	-49.15
617.40	-18.43
617.45	6.14
617.50	38.91
617.55	14.34
617.60	0.00
617.65	2.05
617.70	10.24
617.74	36.86
617.79	-69.63
617.84	14.34
617.89	-65.53
617.94	-49.15
617.99	67.58
618.04	-51.20
618.09	-98.30
618.13	-92.16
618.18	55.30
618.23	-43.01
618.28	-6.14
618.33	22.53
618.38	18.43
618.43	-22.53
618.48	-36.86
618.52	-59.39
618.57	-16.38
618.62	22.53
618.67	55.30
618.72	-18.43
618.77	-4.10
618.82	2.05
618.86	8.19
618.91	-100.35
618.96	-49.15
619.01	-36.86
619.06	-51.20
619.11	73.73
619.16	-2.05
619.20	40.96
619.25	10.24
619.30	30.72
619.35	-40.96
619.40	10.24
619.45	4.10
619.49	26.62
619.54	-53.25
619.59	-40.96
619.64	47.10
619.69	83.97
619.74	-30.72
619.79	-22.53
619.83	-81.92
619.88	-40.96
619.93	24.58
619.98	-12.29
620.03	16.38
620.08	-53.25
620.12	10.24
620.17	53.25
620.22	57.34
620.27	61.44
620.32	65.54
620.37	-18.43
620.41	-53.25
620.46	12.29
620.51	67.58
620.56	-51.20
620.61	-16.38
620.66	-67.58
620.70	4.10
620.75	90.11
620.80	0.00
620.85	-73.73
620.90	53.25
620.95	-65.54
620.99	16.38
621.04	34.82
621.09	2.05
621.14	-47.10
621.19	0.00
621.23	-18.43
621.28	2.05
621.33	-59.39
621.38	-4.10
621.43	-18.43
621.48	-45.06
621.52	90.11
621.57	26.62
621.62	-57.34
621.67	28.67
621.72	-43.01
621.76	20.48
621.81	-8.19
621.86	26.62
621.91	-14.34
621.96	-6.14
622.00	30.72
622.05	57.34
622.10	28.67
622.15	51.20
622.20	32.77
622.24	-32.77
622.29	43.01
622.34	63.49
622.39	-6.14
622.44	-47.10
622.48	57.34
622.53	-59.39
622.58	55.30
622.63	63.49
622.68	63.49
622.72	-12.29
622.77	38.91
622.82	88.06
622.87	-18.43
622.92	122.88
622.96	36.86
623.01	-86.01
623.06	-38.91
623.11	-57.34
623.15	-135.17
623.20	49.15
623.25	-28.67
623.30	-2.05
623.35	2.05
623.39	-110.59
623.44	-4.10
623.49	-22.53
623.54	45.06
623.58	-71.68
623.63	75.77
623.68	26.62
623.73	8.19
623.78	-28.67
623.82	59.39
623.87	14.34
623.92	-18.43
623.97	-77.82
624.01	-38.91
624.06	-34.82
624.11	34.82
624.16	65.54
624.21	-10.24
624.25	-14.34
624.30	34.82
624.35	26.62
624.40	-40.96
624.44	-36.86
624.49	32.77
624.54	22.53
624.59	-24.58
624.63	40.96
624.68	-77.82
624.73	-6.14
624.78	12.29
624.82	4.10
624.87	38.91
624.92	-77.82
624.97	32.77
625.01	-8.19
625.06	-43.01
625.11	-61.44
625.16	96.25
625.20	28.67
625.25	-49.15
625.30	-36.86
625.35	24.58
625.39	-20.48
625.44	-53.25
625.49	2.05
625.54	-81.92
625.58	59.39
625.63	-53.25
625.68	26.62
625.73	2.05
625.77	-2.05
625.82	88.06
625.87	100.35
625.92	-38.91
625.96	18.43
626.01	12.29
626.06	12.29
626.10	38.91
626.15	-8.19
626.20	77.82
626.25	12.29
626.29	-8.19
626.34	-18.43
626.39	51.20
626.44	16.38
626.48	88.06
626.53	-14.34
626.58	10.24
626.62	-18.43
626.67	65.54
626.72	36.86
626.77	32.77
626.81	-57.34
626.86	18.43
626.91	-6.14
626.96	40.96
627.00	34.82
627.05	-36.86
627.10	-22.53
627.14	-32.77
627.19	-30.72
627.24	-75.77
627.29	106.49
627.33	38.91
627.38	16.38
627.43	-86.01
627.47	43.01
627.52	18.43
627.57	-6.14
627.62	71.68
627.66	-2.05
627.71	-49.15
627.76	-145.41
627.80	71.68
627.85	53.25
627.90	-102.40
627.94	26.62
627.99	43.01
628.04	53.25
628.09	79.87
628.13	-67.58
628.18	-28.67
628.23	4.10
628.27	20.48
628.32	49.15
628.37	108.54
628.41	4.10
628.46	30.72
628.51	-14.34
628.55	18.43
628.60	26.62
628.65	-10.24
628.70	-53.25
628.74	-20.48
628.79	-61.44
628.84	-12.29
628.88	40.96
628.93	24.58
628.98	-53.25
629.02	32.77
629.07	-8.19
629.12	-45.06
629.16	-6.14
629.21	114.69
629.26	-10.24
629.30	55.30
629.35	-32.77
629.40	-22.53
629.44	12.29
629.49	49.15
629.54	-75.77
629.58	20.48
629.63	-2.05
629.68	-49.15
629.72	-30.72
629.77	-63.49
629.82	28.67
629.86	51.20
629.91	-83.97
629.96	-30.72
630.00	-36.86
630.05	-8.19
630.10	-102.40
630.14	110.59
630.19	-16.38
630.24	4.10
630.28	-12.29
630.33	-61.44
630.38	-6.14
630.42	-4.10
630.47	0.00
630.52	-26.62
630.56	-45.06
630.61	-38.91
630.66	-24.58
630.70	38.91
630.75	-49.15
630.80	-32.77
630.84	69.63
630.89	14.34
630.94	0.00
630.98	59.39
631.03	-24.58
631.07	-57.34
631.12	45.06
631.17	-20.48
631.21	8.19
631.26	-30.72
631.31	-71.68
631.35	2.05
631.40	126.97
631.45	104.45
631.49	-120.83
631.54	-88.06
631.59	-14.34
631.63	4.10
631.68	61.44
631.72	32.77
631.77	-79.87
631.82	22.53
631.86	63.49
631.91	12.29
631.96	-6.14
632.00	-6.14
632.05	28.67
632.09	6.14
632.14	12.29
632.19	49.15
632.23	0.00
632.28	-34.82
632.33	51.20
632.37	-6.14
632.42	-67.58
632.46	53.25
632.51	51.20
632.56	83.97
632.60	-12.29
632.65	102.40
632.70	75.77
632.74	4.10
632.79	-81.92
632.83	-49.15
632.88	55.30
632.93	45.06
632.97	59.39
633.02	-18.43
633.06	6.14
633.11	-73.73
633.16	-24.58
633.20	-24.58
633.25	-51.20
633.29	-69.63
633.34	-71.68
633.39	45.06
633.43	-86.01
633.48	-92.16
633.52	40.96
633.57	4.10
633.62	-73.73
633.66	47.10
633.71	61.44
633.75	-75.77
633.80	-112.64
633.85	-22.53
633.89	-12.29
633.94	6.14
633.98	131.07
634.03	-4.10
634.08	-8.19
634.12	24.58
634.17	81.92
634.21	22.53
634.26	-18.43
634.31	28.67
634.35	75.77
634.40	-26.62
634.44	53.25
634.49	43.01
634.54	57.34
634.58	-32.77
634.63	36.86
634.67	22.53
634.72	32.77
634.76	141.31
634.81	-49.15
634.86	-51.20
634.90	20.48
634.95	-98.30
634.99	-47.10
635.04	-22.53
635.08	86.01
635.13	-6.14
635.18	-118.78
635.22	16.38
635.27	-18.43
635.31	-24.58
635.36	61.44
635.40	10.24
635.45	-18.43
635.50	34.82
635.54	-34.82
635.59	49.15
635.63	-94.21
635.68	-59.39
635.72	34.82
635.77	102.40
635.81	16.38
635.86	86.01
635.91	26.62
635.95	2.05
636.00	-6.14
636.04	-10.24
636.09	-36.86
636.13	10.24
636.18	36.86
636.22	0.00
636.27	-16.38
636.32	38.91
636.36	-38.91
636.41	-20.48
636.45	-10.24
636.50	57.34
636.54	61.44
636.59	20.48
636.63	-10.24
636.68	20.48
636.73	38.91
636.77	-12.29
636.82	4.10
636.86	-47.10
636.91	-4.10
636.95	20.48
637.00	26.62
637.04	24.58
637.09	-67.58
637.13	-18.43
637.18	-53.25
637.22	-34.82
637.27	-47.10
637.31	-69.63
637.36	51.20
637.41	-71.68
637.45	10.24
637.50	24.58
637.54	-24.58
637.59	-61.44
637.63	0.00
637.68	45.06
637.72	-28.67
637.77	-4.10
637.81	-45.06
637.86	6.14
637.90	2.05
637.95	-47.10
637.99	51.20
638.04	8.19
638.08	26.62
638.13	36.86
638.17	-26.62
638.22	18.43
638.26	26.62
638.31	-22.53
638.35	-53.25
638.40	55.30
638.45	0.00
638.49	-40.96
638.54	47.10
638.58	38.91
638.63	-10.24
638.67	4.10
638.72	57.34
638.76	-49.15
638.81	110.59
638.85	59.39
638.90	-24.58
638.94	-79.87
638.99	-16.38
639.03	71.68
639.08	-86.01
639.12	24.58
639.17	14.34
639.21	43.01
639.26	-10.24
639.30	10.24
639.35	79.87
639.39	-36.86
639.44	-96.25
639.48	0.00
639.53	137.21
639.57	-55.30
639.62	-22.53
639.66	30.72
639.70	55.30
639.75	-20.48
639.79	-90.11
639.84	14.34
639.88	45.06
639.93	20.48
639.97	-38.91
640.02	-77.82
640.06	28.67
640.11	43.01
640.15	32.77
640.20	90.11
640.24	-10.24
640.29	61.44
640.33	22.53
640.38	-49.15
640.42	81.92
640.47	-14.34
640.51	-49.15
640.56	-4.10
640.60	55.30
640.65	8.19
640.69	65.54
640.73	65.53
640.78	-26.62
640.82	67.58
640.87	-12.29
640.91	34.82
640.96	-57.34
641.00	30.72
641.05	45.06
641.09	36.86
641.14	10.24
641.18	63.49
641.23	12.29
641.27	-75.77
641.32	-38.91
641.36	22.53
641.40	71.68
641.45	-40.96
641.49	-22.53
641.54	-86.01
641.58	57.34
641.63	-40.96
641.67	-18.43
641.72	45.06
641.76	-63.49
641.80	28.67
641.85	-14.34
641.89	-4.10
641.94	0.00
641.98	75.77
642.03	-18.43
642.07	22.53
642.12	-40.96
642.16	-106.49
642.20	14.34
642.25	-32.77
642.29	-34.82
642.34	-45.06
642.38	-12.29
642.43	65.54
642.47	-65.54
642.52	34.82
642.56	4.10
642.60	-63.49
642.65	4.10
642.69	30.72
642.74	-18.43
642.78	-47.10
642.83	10.24
642.87	24.58
642.91	81.92
642.96	6.14
643.00	-40.96
643.05	-51.20
643.09	4.10
643.14	110.59
643.18	32.77
643.22	14.34
643.27	16.38
643.31	-2.05
643.36	8.19
643.40	49.15
643.45	-59.39
643.49	-12.29
643.53	40.96
643.58	-40.96
643.62	-59.39
643.67	34.82
643.71	24.58
643.75	-2.05
643.80	16.38
643.84	40.96
643.89	12.29
643.93	38.91
643.97	71.68
644.02	-22.53
644.06	-26.62
644.11	-83.97
644.15	-22.53
644.19	83.97
644.24	61.44
644.28	-55.30
644.33	-61.44
644.37	-20.48
644.42	8.19
644.46	-14.34
644.50	-18.43
644.55	-90.11
644.59	155.65
644.63	-59.39
644.68	-28.67
644.72	14.34
644.77	8.19
644.81	18.43
644.85	-73.73
644.90	4.10
644.94	-81.92
644.99	-114.69
645.03	79.87
645.07	28.67
645.12	-14.34
645.16	-8.19
645.21	-38.91
645.25	73.73
645.29	-38.91
645.34	-14.34
645.38	-67.58
645.42	18.43
645.47	34.82
645.51	10.24
645.56	-49.15
645.60	8.19
645.64	-2.05
645.69	8.19
645.73	77.82
645.77	10.24
645.82	-10.24
645.86	16.38
645.91	71.68
645.95	-51.20
645.99	63.49
646.04	18.43
646.08	10.24
646.12	-47.10
646.17	-4.10
646.21	-43.01
646.26	104.45
646.30	55.30
646.34	120.83
646.39	59.39
646.43	-110.59
646.47	14.34
646.52	-79.87
646.56	57.34
646.60	81.92
646.65	2.05
646.69	8.19
646.73	-77.82
646.78	-86.01
646.82	24.58
646.87	-28.67
646.91	-12.29
646.95	104.45
647.00	-16.38
647.04	18.43
647.08	22.53
647.13	18.43
647.17	-4.10
647.21	36.86
647.26	-18.43
647.30	-24.58
647.34	-6.14
647.39	-22.53
647.43	38.91
647.47	-49.15
647.52	-26.62
647.56	69.63
647.60	18.43
647.65	-71.68
647.69	38.91
647.73	18.43
647.78	18.43
647.82	-63.49
647.86	-81.92
647.91	6.14
647.95	67.58
647.99	-20.48
648.04	14.34
648.08	55.30
648.12	-16.38
648.17	65.54
648.21	77.82
648.25	-8.19
648.30	-51.20
648.34	-16.38
648.38	-59.39
648.43	38.91
648.47	22.53
648.51	2.05
648.56	57.34
648.60	77.82
648.64	-38.91
648.69	-61.44
648.73	32.77
648.77	-88.06
648.82	-120.83
648.86	38.91
648.90	-4.10
648.95	-114.69
648.99	6.14
649.03	40.96
649.07	6.14
649.12	-69.63
649.16	-83.97
649.20	-16.38
649.25	106.49
649.29	47.10
649.33	12.29
649.38	-34.82
649.42	-6.14
649.46	-57.34
649.51	53.25
649.55	-28.67
649.59	-16.38
649.63	4.10
649.68	71.68
649.72	36.86
649.76	126.97
649.81	-61.44
649.85	-14.34
649.89	47.10
649.93	38.91
649.98	-14.34
650.02	-2.05
650.06	-38.91
650.11	143.36
650.15	-26.62
650.19	0.00
650.24	47.10
650.28	-49.15
650.32	67.58
650.36	73.73
650.41	-32.77
650.45	-55.30
650.49	16.38
650.54	65.54
650.58	43.01
650.62	116.73
650.66	-75.77
650.71	141.31
650.75	26.62
650.79	-26.62
650.83	40.96
650.88	-61.44
650.92	-2.05
650.96	30.72
651.01	-6.14
651.05	30.72
651.09	67.58
651.13	-67.58
651.18	75.77
651.22	-61.44
651.26	18.43
651.30	69.63
651.35	-69.63
651.39	-69.63
651.43	-32.77
651.48	-49.15
651.52	38.91
651.56	-2.05
651.60	-6.14
651.65	49.15
651.69	-59.39
651.73	-6.14
651.77	30.72
651.82	-26.62
651.86	57.34
651.90	106.49
651.94	49.15
651.99	14.34
652.03	-34.82
652.07	4.10
652.11	65.53
652.16	67.58
652.20	-18.43
652.24	94.21
652.28	-26.62
652.33	6.14
652.37	-8.19
652.41	-59.39
652.45	-28.67
652.50	0.00
652.54	10.24
652.58	69.63
652.62	22.53
652.67	77.82
652.71	-190.46
652.75	-98.30
652.79	18.43
652.84	-65.53
652.88	81.92
652.92	-32.77
652.96	-61.44
653.00	-73.73
653.05	-16.38
653.09	67.58
653.13	-8.19
653.17	4.10
653.22	16.38
653.26	0.00
653.30	47.10
653.34	4.10
653.39	43.01
653.43	10.24
653.47	-147.45
653.51	-14.34
653.55	75.77
653.60	28.67
653.64	-71.68
653.68	53.25
653.72	24.58
653.77	34.82
653.81	10.24
653.85	71.68
653.89	53.25
653.93	-36.86
653.98	-10.24
654.02	57.34
654.06	14.34
654.10	61.44
654.14	12.29
654.19	-45.06
654.23	-69.63
654.27	22.53
654.31	-135.17
654.35	18.43
654.40	-30.72
654.44	-20.48
654.48	-18.43
654.52	55.30
654.57	6.14
654.61	-16.38
654.65	43.01
654.69	28.67
654.73	-26.62
654.78	-20.48
654.82	-34.82
654.86	22.53
654.90	4.10
654.94	-30.72
654.98	-49.15
655.03	14.34
655.07	139.26
655.11	-16.38
655.15	-71.68
655.19	-63.49
655.24	-81.92
655.28	-10.24
655.32	45.06
655.36	77.82
655.40	28.67
655.45	-20.48
655.49	24.58
655.53	12.29
655.57	2.05
655.61	24.58
655.65	63.49
655.70	28.67
655.74	-30.72
655.78	55.30
655.82	14.34
655.86	108.54
655.91	0.00
655.95	-6.14
655.99	-4.10
656.03	18.43
656.07	69.63
656.11	10.24
656.16	-43.01
656.20	-63.49
656.24	-36.86
656.28	-32.77
656.32	-22.53
656.36	49.15
656.41	-141.31
656.45	-26.62
656.49	55.30
656.53	-12.29
656.57	-75.77
656.61	49.15
656.66	67.58
656.70	-34.82
656.74	47.10
656.78	65.53
656.82	57.34
656.86	0.00
656.91	4.10
656.95	-43.01
656.99	71.68
657.03	47.10
657.07	-24.58
657.11	-120.83
657.15	20.48
657.20	36.86
657.24	59.39
657.28	-26.62
657.32	-75.77
657.36	4.10
657.40	-51.20
657.44	34.82
657.49	-43.01
657.53	53.25
657.57	-73.73
657.61	-14.34
657.65	-18.43
657.69	-59.39
657.73	-69.63
657.78	83.97
657.82	-67.58
657.86	65.53
657.90	-16.38
657.94	18.43
657.98	-63.49
658.02	90.11
658.07	20.48
658.11	-77.82
658.15	-6.14
658.19	-6.14
658.23	36.86
658.27	51.20
658.31	20.48
658.35	-12.29
658.40	22.53
658.44	65.54
658.48	-57.34
658.52	12.29
658.56	-75.77
658.60	4.10
658.64	6.14
658.68	-4.10
658.73	-36.86
658.77	-73.73
658.81	20.48
658.85	-102.40
658.89	-110.59
658.93	-108.54
658.97	18.43
659.01	-69.63
659.06	-20.48
659.10	-94.21
659.14	8.19
659.18	67.58
659.22	135.17
659.26	24.58
659.30	-59.39
659.34	92.16
659.38	24.58
659.42	-30.72
659.47	-94.21
659.51	-24.58
659.55	24.58
659.59	28.67
659.63	-53.25
659.67	-43.01
659.71	-75.77
659.75	96.25
659.79	-12.29
659.83	-16.38
659.88	-100.35
659.92	-6.14
659.96	14.34
660.00	112.64
660.04	-24.58
660.08	61.44
660.12	67.58
660.16	-36.86
660.20	-73.73
660.24	34.82
660.28	14.34
660.33	-12.29
660.37	61.44
660.41	-106.49
660.45	-26.62
660.49	40.96
660.53	-8.19
660.57	0.00
660.61	-26.62
660.65	47.10
660.69	77.82
660.73	59.39
660.77	-38.91
660.82	-16.38
660.86	-43.01
660.90	-45.06
660.94	-65.54
660.98	75.77
661.02	38.91
661.06	10.24
661.10	-83.97
661.14	92.16
661.18	24.58
661.22	8.19
661.26	49.15
661.30	-38.91
661.34	-145.41
661.39	71.68
661.43	-40.96
661.47	40.96
661.51	59.39
661.55	-96.25
661.59	-4.10
661.63	0.00
661.67	24.58
661.71	16.38
661.75	47.10
661.79	43.01
661.83	-67.58
661.87	100.35
661.91	-100.35
661.95	98.30
661.99	16.38
662.03	-16.38
662.08	-24.58
662.12	40.96
662.16	-10.24
662.20	40.96
662.24	69.63
662.28	-14.34
662.32	-69.63
662.36	18.43
662.40	96.25
662.44	-18.43
662.48	-32.77
662.52	-2.05
662.56	38.91
662.60	-34.82
662.64	-18.43
662.68	-47.10
662.72	-16.38
662.76	-59.39
662.80	-8.19
662.84	-34.82
662.88	43.01
662.92	-100.35
662.96	22.53
663.00	16.38
663.04	-38.91
663.09	90.11
663.13	-118.78
663.17	26.62
663.21	-75.77
663.25	-32.77
663.29	45.06
663.33	-12.29
663.37	-83.97
663.41	81.92
663.45	-40.96
663.49	18.43
663.53	-24.58
663.57	-26.62
663.61	43.01
663.65	118.78
663.69	8.19
663.73	-38.91
663.77	8.19
663.81	-79.87
663.85	-55.30
663.89	79.87
663.93	30.72
663.97	-73.73
664.01	34.82
664.05	45.06
664.09	-57.34
664.13	-71.68
664.17	81.92
664.21	67.58
664.25	-10.24
664.29	69.63
664.33	22.53
664.37	-59.39
664.41	14.34
664.45	36.86
664.49	2.05
664.53	32.77
664.57	-38.91
664.61	-51.20
664.65	-16.38
664.69	2.05
664.73	-24.58
664.77	-28.67
664.81	-40.96
664.85	-45.06
664.89	75.77
664.93	-69.63
664.97	-24.58
665.01	38.91
665.05	153.60
665.09	155.65
665.13	-18.43
665.17	-59.39
665.21	-40.96
665.25	-34.82
665.29	-20.48
665.33	34.82
665.37	18.43
665.41	40.96
665.45	4.10
665.49	-55.30
665.53	-12.29
665.57	-22.53
665.61	-26.62
665.65	20.48
665.69	-10.24
665.73	57.34
665.77	100.35
665.81	28.67
665.85	81.92
665.89	-71.68
665.92	120.83
665.96	-22.53
666.00	69.63
666.04	28.67
666.08	8.19
666.12	36.86
666.16	-67.58
666.20	-26.62
666.24	45.06
666.28	65.54
666.32	24.58
666.36	-43.01
666.40	49.15
666.44	90.11
666.48	-63.49
666.52	-51.20
666.56	20.48
666.60	-122.88
666.64	-59.39
666.68	47.10
666.72	-143.36
666.76	-2.05
666.80	57.34
666.84	-14.34
666.88	-30.72
666.91	36.86
666.95	-14.34
666.99	12.29
667.03	-75.77
667.07	-4.10
667.11	4.10
667.15	34.82
667.19	-24.58
667.23	-8.19
667.27	-6.14
667.31	53.25
667.35	-8.19
667.39	57.34
667.43	12.29
667.47	-8.19
667.51	-40.96
667.55	10.24
667.58	-2.05
667.62	73.73
667.66	-98.30
667.70	63.49
667.74	96.25
667.78	274.43
667.82	448.51
667.86	391.16
667.90	466.94
667.94	493.56
667.98	479.22
668.02	757.75
668.06	827.38
668.10	608.25
668.13	393.21
668.17	415.74
668.21	497.66
668.25	366.59
668.29	446.46
668.33	440.31
668.37	405.50
668.41	454.65
668.45	440.31
668.49	518.14
668.53	378.87
668.57	376.83
668.60	354.30
668.64	399.35
668.68	360.44
668.72	344.06
668.76	262.14
668.80	307.20
668.84	219.13
668.88	206.84
668.92	167.93
668.96	141.31
669.00	141.31
669.03	65.53
669.07	-28.67
669.11	51.20
669.15	63.49
669.19	59.39
669.23	-53.25
669.27	45.06
669.31	20.48
669.35	-73.73
669.39	-67.58
669.42	-36.86
669.46	28.67
669.50	-28.67
669.54	16.38
669.58	-141.31
669.62	6.14
669.66	-8.19
669.70	-90.11
669.74	49.15
669.78	16.38
669.81	-73.73
669.85	108.54
669.89	-83.97
669.93	-10.24
669.97	-30.72
670.01	-34.82
670.05	-49.15
670.09	-22.53
670.12	-49.15
670.16	38.91
670.20	2.05
670.24	-26.62
670.28	-10.24
670.32	-53.25
670.36	-51.20
670.40	-53.25
670.43	28.67
670.47	98.30
670.51	18.43
670.55	-6.14
670.59	98.30
670.63	-81.92
670.67	-114.69
670.71	-22.53
670.74	57.34
670.78	10.24
670.82	36.86
670.86	-4.10
670.90	18.43
670.94	-2.05
670.98	65.53
671.01	-18.43
671.05	-57.34
671.09	-20.48
671.13	-34.82
671.17	43.01
671.21	12.29
671.25	45.06
671.28	61.44
671.32	-86.01
671.36	-65.54
671.40	104.45
671.44	-40.96
671.48	0.00
671.52	40.96
671.55	-45.06
671.59	-28.67
671.63	88.06
671.67	-4.10
671.71	129.02
671.75	-92.16
671.79	-65.53
671.82	8.19
671.86	-34.82
671.90	73.73
671.94	43.01
