lambda  n
476.77	-18.43
476.84	-18.43
476.91	-18.43
476.98	28.67
477.04	-40.96
477.11	104.45
477.18	-10.24
477.25	71.68
477.32	69.63
477.39	-49.15
477.45	96.25
477.52	-38.91
477.59	55.30
477.66	16.38
477.73	53.25
477.80	43.01
477.86	30.72
477.93	18.43
478.00	65.54
478.07	-14.34
478.14	86.01
478.21	-32.77
478.27	2.05
478.34	71.68
478.41	22.53
478.48	102.40
478.55	106.49
478.62	98.30
478.68	-65.53
478.75	169.98
478.82	-22.53
478.89	-28.67
478.96	-116.73
479.02	67.58
479.09	-75.77
479.16	100.35
479.23	102.40
479.30	2.05
479.37	30.72
479.43	75.77
479.50	102.40
479.57	8.19
479.64	-18.43
479.71	40.96
479.77	4.10
479.84	69.63
479.91	-69.63
479.98	32.77
480.05	-4.10
480.11	38.91
480.18	32.77
480.25	90.11
480.32	43.01
480.39	141.31
480.45	88.06
480.52	28.67
480.59	47.10
480.66	69.63
480.73	116.73
480.79	34.82
480.86	-73.73
480.93	-14.34
481.00	32.77
481.07	-32.77
481.13	-22.53
481.20	34.82
481.27	10.24
481.34	32.77
481.41	92.16
481.47	-10.24
481.54	10.24
481.61	73.73
481.68	-38.91
481.74	24.58
481.81	124.93
481.88	16.38
481.95	196.61
482.02	118.78
482.08	40.96
482.15	151.55
482.22	-63.49
482.29	86.01
482.35	116.73
482.42	77.82
482.49	94.21
482.56	45.06
482.63	-59.39
482.69	-47.10
482.76	114.69
482.83	-8.19
482.90	-6.14
482.96	14.34
483.03	65.53
483.10	88.06
483.17	-14.34
483.24	83.97
483.30	26.62
483.37	100.35
483.44	47.10
483.51	67.58
483.57	-16.38
483.64	-49.15
483.71	98.30
483.78	92.16
483.84	114.69
483.91	159.74
483.98	71.68
484.05	40.96
484.11	12.29
484.18	120.83
484.25	90.11
484.32	-36.86
484.38	51.20
484.45	96.25
484.52	10.24
484.59	18.43
484.65	51.20
484.72	-24.58
484.79	124.93
484.86	61.44
484.92	102.40
484.99	-12.29
485.06	20.48
485.13	32.77
485.19	73.73
485.26	2.05
485.33	2.05
485.40	18.43
485.46	55.30
485.53	30.72
485.60	106.49
485.67	169.98
485.73	18.43
485.80	-77.82
485.87	73.73
485.94	79.87
486.00	18.43
486.07	137.21
486.14	-16.38
486.20	-47.10
486.27	65.53
486.34	-161.79
486.41	-12.29
486.47	26.62
486.54	0.00
486.61	2.05
486.68	-10.24
486.74	126.97
486.81	131.07
486.88	126.97
486.94	-12.29
487.01	112.64
487.08	22.53
487.15	2.05
487.21	-90.11
487.28	124.93
487.35	-114.69
487.41	47.10
487.48	45.06
487.55	55.30
487.62	22.53
487.68	36.86
487.75	200.70
487.82	34.82
487.88	122.88
487.95	90.11
488.02	-24.58
488.09	26.62
488.15	-53.25
488.22	77.82
488.29	0.00
488.35	-57.34
488.42	88.06
488.49	49.15
488.56	106.49
488.62	90.11
488.69	-157.69
488.76	-16.38
488.82	38.91
488.89	53.25
488.96	53.25
489.02	26.62
489.09	63.49
489.16	104.45
489.22	47.10
489.29	182.27
489.36	-20.48
489.43	43.01
489.49	14.34
489.56	32.77
489.63	102.40
489.69	161.79
489.76	122.88
489.83	118.78
489.89	-16.38
489.96	32.77
490.03	83.97
490.09	40.96
490.16	51.20
490.23	124.93
490.29	79.87
490.36	8.19
490.43	-36.86
490.50	71.68
490.56	38.91
490.63	-104.45
490.70	110.59
490.76	131.07
490.83	61.44
490.90	24.58
490.96	69.63
491.03	20.48
491.10	49.15
491.16	-12.29
491.23	12.29
491.30	81.92
491.36	20.48
491.43	26.62
491.50	40.96
491.56	61.44
491.63	61.44
491.70	161.79
491.76	161.79
491.83	286.72
491.90	405.50
491.96	313.34
492.03	352.25
492.10	241.66
492.16	458.74
492.23	460.79
492.30	307.20
492.36	464.89
492.43	247.80
492.50	141.31
492.56	268.28
492.63	79.87
492.70	-8.19
492.76	100.35
492.83	92.16
492.89	-16.38
492.96	-12.29
493.03	131.07
493.09	69.63
493.16	-40.96
493.23	-4.10
493.29	-14.34
493.36	161.79
493.43	-40.96
493.49	-6.14
493.56	10.24
493.63	20.48
493.69	51.20
493.76	139.26
493.82	-98.30
493.89	47.10
493.96	118.78
494.02	-102.40
494.09	-26.62
494.16	124.93
494.22	36.86
494.29	63.49
494.36	94.21
494.42	-53.25
494.49	-63.49
494.55	88.06
494.62	92.16
494.69	10.24
494.75	36.86
494.82	20.48
494.89	124.93
494.95	139.26
495.02	47.10
495.08	98.30
495.15	157.69
495.22	-36.86
495.28	18.43
495.35	-126.97
495.42	88.06
495.48	22.53
495.55	51.20
495.61	55.30
495.68	-26.62
495.75	22.53
495.81	53.25
495.88	-8.19
495.94	51.20
496.01	6.14
496.08	55.30
496.14	36.86
496.21	38.91
496.28	26.62
496.34	90.11
496.41	-43.01
496.47	-51.20
496.54	-38.91
496.61	55.30
496.67	139.26
496.74	55.30
496.80	-43.01
496.87	167.93
496.94	108.54
497.00	165.89
497.07	63.49
497.13	-18.43
497.20	12.29
497.27	104.45
497.33	45.06
497.40	-20.48
497.46	34.82
497.53	98.30
497.60	100.35
497.66	-20.48
497.73	-14.34
497.79	32.77
497.86	-34.82
497.93	73.73
497.99	-53.25
498.06	147.45
498.12	116.73
498.19	120.83
498.25	67.58
498.32	-22.53
498.39	141.31
498.45	-20.48
498.52	-8.19
498.58	73.73
498.65	45.06
498.72	18.43
498.78	53.25
498.85	24.58
498.91	96.25
498.98	-49.15
499.04	-26.62
499.11	71.68
499.18	2.05
499.24	145.41
499.31	40.96
499.37	71.68
499.44	71.68
499.50	32.77
499.57	143.36
499.64	0.00
499.70	73.73
499.77	-26.62
499.83	-28.67
499.90	-124.93
499.96	86.01
500.03	120.83
500.09	73.73
500.16	-104.45
500.23	30.72
500.29	86.01
500.36	98.30
500.42	34.82
500.49	71.68
500.55	73.73
500.62	116.73
500.68	88.06
500.75	-49.15
500.82	36.86
500.88	98.30
500.95	245.76
501.01	225.28
501.08	696.31
501.14	921.59
501.21	1171.44
501.27	1920.99
501.34	1857.51
501.41	2039.78
501.47	2648.02
501.54	3133.39
501.60	2502.62
501.67	2672.60
501.73	1888.23
501.80	1812.45
501.86	1771.49
501.93	1548.26
501.99	1501.16
502.06	1017.84
502.12	534.52
502.19	188.41
502.26	317.44
502.32	327.68
502.39	116.73
502.45	120.83
502.52	151.55
502.58	65.54
502.65	20.48
502.71	61.44
502.78	28.67
502.84	-28.67
502.91	14.34
502.97	73.73
503.04	71.68
503.10	20.48
503.17	47.10
503.23	108.54
503.30	8.19
503.37	32.77
503.43	-24.58
503.50	-36.86
503.56	10.24
503.63	-79.87
503.69	-14.34
503.76	106.49
503.82	79.87
503.89	75.77
503.95	51.20
504.02	-18.43
504.08	-43.01
504.15	55.30
504.21	-30.72
504.28	20.48
504.34	-129.02
504.41	59.39
504.47	112.64
504.54	114.69
504.60	122.88
504.67	2.05
504.73	151.55
504.80	110.59
504.86	174.08
504.93	86.01
504.99	141.31
505.06	51.20
505.12	43.01
505.19	-71.68
505.25	79.87
505.32	188.41
505.38	77.82
505.45	92.16
505.51	79.87
505.58	51.20
505.64	118.78
505.71	-38.91
505.77	18.43
505.84	-24.58
505.90	112.64
505.97	77.82
506.03	59.39
506.10	32.77
506.16	149.50
506.23	69.63
506.29	-6.14
506.36	118.78
506.42	63.49
506.49	-22.53
506.55	-4.10
506.62	43.01
506.68	-14.34
506.75	129.02
506.81	43.01
506.87	83.97
506.94	98.30
507.00	49.15
507.07	34.82
507.13	133.12
507.20	-47.10
507.26	83.97
507.33	22.53
507.39	-4.10
507.46	-43.01
507.52	10.24
507.59	28.67
507.65	104.45
507.72	16.38
507.78	-10.24
507.85	20.48
507.91	100.35
507.97	12.29
508.04	-8.19
508.10	133.12
508.17	90.11
508.23	-26.62
508.30	32.77
508.36	49.15
508.43	129.02
508.49	24.58
508.56	100.35
508.62	34.82
508.69	69.63
508.75	122.88
508.81	20.48
508.88	-18.43
508.94	-2.05
509.01	45.06
509.07	40.96
509.14	67.58
509.20	81.92
509.27	-4.10
509.33	-34.82
509.39	8.19
509.46	4.10
509.52	73.73
509.59	83.97
509.65	116.73
509.72	114.69
509.78	81.92
509.85	26.62
509.91	-53.25
509.97	22.53
510.04	8.19
510.10	61.44
510.17	2.05
510.23	4.10
510.30	-34.82
510.36	77.82
510.42	32.77
510.49	-10.24
510.55	43.01
510.62	51.20
510.68	59.39
510.75	28.67
510.81	59.39
510.88	45.06
510.94	34.82
511.00	51.20
511.07	79.87
511.13	57.34
511.20	102.40
511.26	90.11
511.32	8.19
511.39	40.96
511.45	-6.14
511.52	53.25
511.58	38.91
511.65	65.53
511.71	34.82
511.77	63.49
511.84	26.62
511.90	49.15
511.97	53.25
512.03	112.64
512.09	-40.96
512.16	8.19
512.22	75.77
512.29	92.16
512.35	-22.53
512.42	102.40
512.48	143.36
512.54	-40.96
512.61	-36.86
512.67	61.44
512.74	-65.53
512.80	28.67
512.86	20.48
512.93	96.25
512.99	135.17
513.06	-20.48
513.12	77.82
513.18	61.44
513.25	-47.10
513.31	131.07
513.38	-79.87
513.44	131.07
513.50	49.15
513.57	88.06
513.63	26.62
513.69	34.82
513.76	-4.10
513.82	110.59
513.89	38.91
513.95	-2.05
514.01	18.43
514.08	163.84
514.14	28.67
514.21	131.07
514.27	34.82
514.33	0.00
514.40	10.24
514.46	-51.20
514.53	43.01
514.59	43.01
514.65	71.68
514.72	-32.77
514.78	96.25
514.84	45.06
514.91	40.96
514.97	24.58
515.04	100.35
515.10	71.68
515.16	12.29
515.23	73.73
515.29	165.89
515.35	208.89
515.42	81.92
515.48	178.17
515.54	106.49
515.61	59.39
515.67	-18.43
515.74	-12.29
515.80	98.30
515.86	-73.73
515.93	-22.53
515.99	73.73
516.05	10.24
516.12	94.21
516.18	-10.24
516.24	47.10
516.31	126.97
516.37	38.91
516.44	137.21
516.50	53.25
516.56	75.77
516.63	-86.01
516.69	16.38
516.75	55.30
516.82	71.68
516.88	94.21
516.94	206.84
517.01	77.82
517.07	112.64
517.13	98.30
517.20	38.91
517.26	34.82
517.32	4.10
517.39	86.01
517.45	-40.96
517.52	-4.10
517.58	63.49
517.64	-24.58
517.71	75.77
517.77	63.49
517.83	43.01
517.90	6.14
517.96	63.49
518.02	114.69
518.09	18.43
518.15	75.77
518.21	-10.24
518.28	-98.30
518.34	-83.97
518.40	143.36
518.47	28.67
518.53	47.10
518.59	108.54
518.66	-32.77
518.72	-4.10
518.78	65.53
518.85	-4.10
518.91	122.88
518.97	-22.53
519.03	114.69
519.10	-16.38
519.16	98.30
519.22	-10.24
519.29	106.49
519.35	-51.20
519.41	155.65
519.48	73.73
519.54	-36.86
519.60	96.25
519.67	28.67
519.73	34.82
519.79	26.62
519.86	-10.24
519.92	-55.30
519.98	112.64
520.05	18.43
520.11	159.74
520.17	43.01
520.23	-12.29
520.30	24.58
520.36	30.72
520.42	96.25
520.49	10.24
520.55	75.77
520.61	12.29
520.68	57.34
520.74	-26.62
520.80	163.84
520.87	157.69
520.93	-2.05
520.99	53.25
521.05	-75.77
521.12	-49.15
521.18	137.21
521.24	141.31
521.31	71.68
521.37	98.30
521.43	28.67
521.49	14.34
521.56	143.36
521.62	-24.58
521.68	77.82
521.75	63.49
521.81	104.45
521.87	51.20
521.93	-30.72
522.00	145.41
522.06	94.21
522.12	124.93
522.19	172.03
522.25	43.01
522.31	47.10
522.37	-32.77
522.44	110.59
522.50	-2.05
522.56	14.34
522.63	-10.24
522.69	-10.24
522.75	51.20
522.81	-129.02
522.88	28.67
522.94	108.54
523.00	83.97
523.06	10.24
523.13	16.38
523.19	88.06
523.25	118.78
523.32	-36.86
523.38	-14.34
523.44	34.82
523.50	20.48
523.57	129.02
523.63	65.53
523.69	81.92
523.75	0.00
523.82	126.97
523.88	45.06
523.94	-47.10
524.00	-2.05
524.07	16.38
524.13	36.86
524.19	114.69
524.25	161.79
524.32	143.36
524.38	-14.34
524.44	102.40
524.50	96.25
524.57	45.06
524.63	-36.86
524.69	122.88
524.75	92.16
524.82	67.58
524.88	38.91
524.94	18.43
525.00	4.10
525.07	200.70
525.13	67.58
525.19	100.35
525.25	92.16
525.32	-49.15
525.38	137.21
525.44	22.53
525.50	-30.72
525.57	55.30
525.63	94.21
525.69	26.62
525.75	43.01
525.82	-43.01
525.88	61.44
525.94	57.34
526.00	69.63
526.07	69.63
526.13	2.05
526.19	65.54
526.25	79.87
526.31	157.69
526.38	104.45
526.44	-10.24
526.50	-36.86
526.56	4.10
526.63	92.16
526.69	6.14
526.75	118.78
526.81	-69.63
526.87	-4.10
526.94	53.25
527.00	-26.62
527.06	-86.01
527.12	43.01
527.19	51.20
527.25	24.58
527.31	98.30
527.37	67.58
527.43	-16.38
527.50	-32.77
527.56	45.06
527.62	45.06
527.68	2.05
527.75	55.30
527.81	4.10
527.87	135.17
527.93	120.83
527.99	-40.96
528.06	16.38
528.12	43.01
528.18	40.96
528.24	45.06
528.30	40.96
528.37	61.44
528.43	-131.07
528.49	49.15
528.55	79.87
528.61	61.44
528.68	-8.19
528.74	-28.67
528.80	55.30
528.86	-18.43
528.92	-40.96
528.99	79.87
529.05	10.24
529.11	49.15
529.17	-59.39
529.23	8.19
529.29	38.91
529.36	202.75
529.42	10.24
529.48	-34.82
529.54	8.19
529.60	77.82
529.67	83.97
529.73	40.96
529.79	104.45
529.85	73.73
529.91	28.67
529.98	8.19
530.04	61.44
530.10	94.21
530.16	36.86
530.22	73.73
530.28	-12.29
530.35	90.11
530.41	18.43
530.47	-2.05
530.53	108.54
530.59	73.73
530.65	4.10
530.72	43.01
530.78	-4.10
530.84	63.49
530.90	61.44
530.96	-20.48
531.02	-2.05
531.09	88.06
531.15	-28.67
531.21	90.11
531.27	114.69
531.33	106.49
531.39	34.82
531.46	-28.67
531.52	98.30
531.58	-14.34
531.64	-38.91
531.70	38.91
531.76	40.96
531.83	112.64
531.89	-24.58
531.95	-4.10
532.01	75.77
532.07	61.44
532.13	-30.72
532.19	98.30
532.26	0.00
532.32	-137.21
532.38	24.58
532.44	-12.29
532.50	24.58
532.56	61.44
532.63	26.62
532.69	12.29
532.75	116.73
532.81	59.39
532.87	92.16
532.93	81.92
532.99	-22.53
533.06	182.27
533.12	43.01
533.18	-4.10
533.24	157.69
533.30	73.73
533.36	71.68
533.42	24.58
533.48	10.24
533.55	-12.29
533.61	20.48
533.67	98.30
533.73	6.14
533.79	63.49
533.85	0.00
533.91	12.29
533.98	57.34
534.04	-169.98
534.10	45.06
534.16	-16.38
534.22	-40.96
534.28	98.30
534.34	65.53
534.40	49.15
534.47	32.77
534.53	36.86
534.59	120.83
534.65	81.92
534.71	-30.72
534.77	32.77
534.83	22.53
534.89	-26.62
534.95	51.20
535.02	88.06
535.08	174.08
535.14	-67.58
535.20	8.19
535.26	69.63
535.32	26.62
535.38	63.49
535.44	135.17
535.50	-2.05
535.57	86.01
535.63	34.82
535.69	-116.73
535.75	47.10
535.81	53.25
535.87	71.68
535.93	161.79
535.99	-149.50
536.05	63.49
536.11	0.00
536.18	-38.91
536.24	18.43
536.30	69.63
536.36	165.89
536.42	69.63
536.48	43.01
536.54	104.45
536.60	106.49
536.66	61.44
536.72	190.46
536.79	102.40
536.85	0.00
536.91	-30.72
536.97	-59.39
537.03	124.93
537.09	6.14
537.15	-55.30
537.21	161.79
537.27	67.58
537.33	0.00
537.39	0.00
537.45	43.01
537.52	43.01
537.58	18.43
537.64	-36.86
537.70	45.06
537.76	65.53
537.82	-16.38
537.88	96.25
537.94	94.21
538.00	116.73
538.06	118.78
538.12	102.40
538.18	-24.58
538.24	-10.24
538.31	-4.10
538.37	-26.62
538.43	75.77
538.49	-28.67
538.55	14.34
538.61	61.44
538.67	-88.06
538.73	-10.24
538.79	-28.67
538.85	53.25
538.91	34.82
538.97	2.05
539.03	88.06
539.09	-43.01
539.15	120.83
539.21	69.63
539.28	-34.82
539.34	-4.10
539.40	28.67
539.46	30.72
539.52	110.59
539.58	122.88
539.64	77.82
539.70	45.06
539.76	53.25
539.82	6.14
539.88	18.43
539.94	61.44
540.00	2.05
540.06	14.34
540.12	139.26
540.18	83.97
540.24	-51.20
540.30	55.30
540.36	69.63
540.42	49.15
540.49	-30.72
540.55	-38.91
540.61	-40.96
540.67	81.92
540.73	75.77
540.79	43.01
540.85	-6.14
540.91	32.77
540.97	-6.14
541.03	98.30
541.09	57.34
541.15	149.50
541.21	14.34
541.27	137.21
541.33	69.63
541.39	67.58
541.45	169.98
541.51	-47.10
541.57	77.82
541.63	71.68
541.69	100.35
541.75	-12.29
541.81	110.59
541.87	53.25
541.93	133.12
541.99	-4.10
542.05	-69.63
542.11	104.45
542.17	86.01
542.23	34.82
542.29	49.15
542.35	38.91
542.41	47.10
542.47	20.48
542.53	120.83
542.59	86.01
542.65	-63.49
542.71	36.86
542.77	108.54
542.83	112.64
542.89	118.78
542.95	-75.77
543.01	-30.72
543.07	-18.43
543.13	69.63
543.19	155.65
543.25	215.04
543.31	86.01
543.37	184.32
543.43	55.30
543.49	30.72
543.55	79.87
543.61	-57.34
543.67	73.73
543.73	208.89
543.79	47.10
543.85	88.06
543.91	88.06
543.97	71.68
544.03	-57.34
544.09	-20.48
544.15	81.92
544.21	55.30
544.27	43.01
544.33	90.11
544.39	65.54
544.45	210.94
544.51	36.86
544.57	104.45
544.63	59.39
544.69	176.13
544.75	106.49
544.81	57.34
544.87	102.40
544.93	47.10
544.99	104.45
545.05	20.48
545.11	143.36
545.17	90.11
545.23	6.14
545.29	135.17
545.35	79.87
545.41	112.64
545.47	112.64
545.53	22.53
545.59	45.06
545.65	-43.01
545.71	147.45
545.77	61.44
545.83	-57.34
545.89	92.16
545.95	22.53
546.01	61.44
546.07	24.58
546.13	104.45
546.19	75.77
546.25	-28.67
546.31	53.25
546.37	34.82
546.42	139.26
546.48	-26.62
546.54	63.49
546.60	-43.01
546.66	20.48
546.72	-81.92
546.78	-24.58
546.84	102.40
546.90	32.77
546.96	67.58
547.02	-6.14
547.08	79.87
547.14	110.59
547.20	100.35
547.26	51.20
547.32	51.20
547.38	90.11
547.44	-30.72
547.50	71.68
547.56	32.77
547.62	-10.24
547.67	69.63
547.73	12.29
547.79	116.73
547.85	12.29
547.91	6.14
547.97	32.77
548.03	75.77
548.09	6.14
548.15	8.19
548.21	-18.43
548.27	192.51
548.33	155.65
548.39	18.43
548.45	100.35
548.51	112.64
548.56	118.78
548.62	-18.43
548.68	81.92
548.74	63.49
548.80	12.29
548.86	149.50
548.92	100.35
548.98	40.96
549.04	-14.34
549.10	61.44
549.16	90.11
549.22	108.54
549.28	55.30
549.34	-30.72
549.39	90.11
549.45	102.40
549.51	-6.14
549.57	190.46
549.63	28.67
549.69	49.15
549.75	137.21
549.81	59.39
549.87	110.59
549.93	28.67
549.99	63.49
550.04	98.30
550.10	73.73
550.16	59.39
550.22	149.50
550.28	110.59
550.34	16.38
550.40	122.88
550.46	81.92
550.52	0.00
550.58	86.01
550.64	98.30
550.69	-14.34
550.75	104.45
550.81	-57.34
550.87	57.34
550.93	176.13
550.99	-10.24
551.05	40.96
551.11	110.59
551.17	61.44
551.23	73.73
551.28	63.49
551.34	8.19
551.40	51.20
551.46	96.25
551.52	12.29
551.58	133.12
551.64	122.88
551.70	24.58
551.76	77.82
551.81	92.16
551.87	169.98
551.93	49.15
551.99	65.53
552.05	-14.34
552.11	-34.82
552.17	94.21
552.23	151.55
552.28	47.10
552.34	28.67
552.40	90.11
552.46	-59.39
552.52	155.65
552.58	169.98
552.64	194.56
552.70	131.07
552.75	110.59
552.81	-4.10
552.87	8.19
552.93	20.48
552.99	-51.20
553.05	139.26
553.11	-83.97
553.17	110.59
553.22	67.58
553.28	81.92
553.34	81.92
553.40	10.24
553.46	167.93
553.52	16.38
553.58	-43.01
553.63	131.07
553.69	-38.91
553.75	24.58
553.81	90.11
553.87	38.91
553.93	-10.24
553.99	-34.82
554.04	96.25
554.10	49.15
554.16	65.54
554.22	114.69
554.28	153.60
554.34	-47.10
554.40	90.11
554.45	12.29
554.51	-6.14
554.57	61.44
554.63	45.06
554.69	98.30
554.75	-30.72
554.80	96.25
554.86	124.93
554.92	94.21
554.98	178.17
555.04	67.58
555.10	106.49
555.16	40.96
555.21	143.36
555.27	51.20
555.33	122.88
555.39	-18.43
555.45	172.03
555.51	129.02
555.56	-2.05
555.62	49.15
555.68	16.38
555.74	165.89
555.80	65.53
555.86	182.27
555.91	20.48
555.97	81.92
556.03	28.67
556.09	-16.38
556.15	102.40
556.20	92.16
556.26	-61.44
556.32	-20.48
556.38	67.58
556.44	110.59
556.50	59.39
556.55	174.08
556.61	135.17
556.67	114.69
556.73	163.84
556.79	102.40
556.84	34.82
556.90	88.06
556.96	8.19
557.02	100.35
557.08	133.12
557.14	172.03
557.19	73.73
557.25	-73.73
557.31	79.87
557.37	12.29
557.43	-61.44
557.48	100.35
557.54	-55.30
557.60	4.10
557.66	45.06
557.72	4.10
557.77	75.77
557.83	51.20
557.89	34.82
557.95	120.83
558.01	110.59
558.06	63.49
558.12	75.77
558.18	129.02
558.24	110.59
558.30	79.87
558.35	69.63
558.41	26.62
558.47	-8.19
558.53	159.74
558.59	161.79
558.64	18.43
558.70	65.54
558.76	129.02
558.82	137.21
558.88	-20.48
558.93	-67.58
558.99	16.38
559.05	114.69
559.11	81.92
559.16	133.12
559.22	200.70
559.28	122.88
559.34	28.67
559.40	92.16
559.45	51.20
559.51	151.55
559.57	110.59
559.63	106.49
559.68	36.86
559.74	36.86
559.80	247.80
559.86	88.06
559.92	26.62
559.97	20.48
560.03	47.10
560.09	100.35
560.15	98.30
560.20	67.58
560.26	26.62
560.32	55.30
560.38	18.43
560.43	49.15
560.49	-6.14
560.55	71.68
560.61	90.11
560.66	47.10
560.72	14.34
560.78	4.10
560.84	-2.05
560.90	24.58
560.95	20.48
561.01	96.25
561.07	133.12
561.13	71.68
561.18	-24.58
561.24	159.74
561.30	55.30
561.36	96.25
561.41	10.24
561.47	51.20
561.53	-4.10
561.59	57.34
561.64	75.77
561.70	139.26
561.76	221.18
561.82	88.06
561.87	73.73
561.93	110.59
561.99	71.68
562.05	157.69
562.10	79.87
562.16	30.72
562.22	12.29
562.27	43.01
562.33	108.54
562.39	-4.10
562.45	45.06
562.50	57.34
562.56	131.07
562.62	118.78
562.68	-8.19
562.73	16.38
562.79	88.06
562.85	26.62
562.91	51.20
562.96	114.69
563.02	-16.38
563.08	34.82
563.13	36.86
563.19	135.17
563.25	167.93
563.31	131.07
563.36	14.34
563.42	-18.43
563.48	57.34
563.53	159.74
563.59	28.67
563.65	100.35
563.71	77.82
563.76	53.25
563.82	-22.53
563.88	10.24
563.94	122.88
563.99	14.34
564.05	55.30
564.11	45.06
564.16	49.15
564.22	14.34
564.28	34.82
564.33	43.01
564.39	131.07
564.45	28.67
564.51	106.49
564.56	81.92
564.62	145.41
564.68	-4.10
564.73	24.58
564.79	36.86
564.85	49.15
564.91	112.64
564.96	114.69
565.02	32.77
565.08	61.44
565.13	131.07
565.19	-6.14
565.25	-8.19
565.30	126.97
565.36	98.30
565.42	8.19
565.47	-16.38
565.53	75.77
565.59	79.87
565.65	118.78
565.70	10.24
565.76	43.01
565.82	71.68
565.87	-43.01
565.93	71.68
565.99	65.53
566.04	116.73
566.10	-28.67
566.16	88.06
566.21	98.30
566.27	18.43
566.33	-47.10
566.38	92.16
566.44	126.97
566.50	96.25
566.55	106.49
566.61	-65.53
566.67	124.93
566.73	196.60
566.78	290.81
566.84	0.00
566.90	112.64
566.95	49.15
567.01	8.19
567.07	137.21
567.12	20.48
567.18	65.54
567.24	26.62
567.29	94.21
567.35	8.19
567.41	65.53
567.46	100.35
567.52	10.24
567.58	157.69
567.63	98.30
567.69	143.36
567.75	96.25
567.80	34.82
567.86	43.01
567.91	71.68
567.97	139.26
568.03	63.49
568.08	239.61
568.14	129.02
568.20	112.64
568.25	51.20
568.31	102.40
568.37	34.82
568.42	30.72
568.48	79.87
568.54	98.30
568.59	88.06
568.65	98.30
568.71	131.07
568.76	92.16
568.82	26.62
568.88	-2.05
568.93	-49.15
568.99	-10.24
569.04	30.72
569.10	77.82
569.16	-51.20
569.21	90.11
569.27	176.13
569.33	106.49
569.38	79.87
569.44	116.73
569.50	-4.10
569.55	45.06
569.61	104.45
569.66	32.77
569.72	184.32
569.78	63.49
569.83	63.49
569.89	79.87
569.95	129.02
570.00	149.50
570.06	90.11
570.11	81.92
570.17	180.22
570.23	120.83
570.28	92.16
570.34	147.45
570.40	98.30
570.45	-10.24
570.51	55.30
570.56	10.24
570.62	186.37
570.68	45.06
570.73	22.53
570.79	63.49
570.85	122.88
570.90	-16.38
570.96	45.06
571.01	77.82
571.07	112.64
571.13	94.21
571.18	8.19
571.24	47.10
571.29	145.41
571.35	34.82
571.41	149.50
571.46	32.77
571.52	43.01
571.57	71.68
571.63	108.54
571.69	30.72
571.74	-47.10
571.80	43.01
571.85	32.77
571.91	40.96
571.97	28.67
572.02	90.11
572.08	145.41
572.13	65.53
572.19	161.79
572.25	0.00
572.30	57.34
572.36	67.58
572.41	114.69
572.47	81.92
572.53	94.21
572.58	32.77
572.64	108.54
572.69	114.69
572.75	32.77
572.80	102.40
572.86	47.10
572.92	147.45
572.97	100.35
573.03	184.32
573.08	40.96
573.14	77.82
573.20	-4.10
573.25	151.55
573.31	65.54
573.36	225.28
573.42	40.96
573.47	83.97
573.53	53.25
573.59	53.25
573.64	53.25
573.70	-65.54
573.75	-26.62
573.81	4.10
573.86	-14.34
573.92	55.30
573.98	73.73
574.03	188.41
574.09	98.30
574.14	16.38
574.20	149.50
574.25	174.08
574.31	247.80
574.37	10.24
574.42	86.01
574.48	237.56
574.53	59.39
574.59	-8.19
574.64	194.56
574.70	73.73
574.75	20.48
574.81	47.10
574.87	-28.67
574.92	49.15
574.98	75.77
575.03	73.73
575.09	131.07
575.14	28.67
575.20	145.41
575.25	-77.82
575.31	102.40
575.37	167.93
575.42	79.87
575.48	-63.49
575.53	57.34
575.59	38.91
575.64	124.93
575.70	147.45
575.75	30.72
575.81	-14.34
575.86	73.73
575.92	43.01
575.98	-22.53
576.03	149.50
576.09	30.72
576.14	188.41
576.20	49.15
576.25	118.78
576.31	32.77
576.36	112.64
576.42	81.92
576.47	75.77
576.53	43.01
576.58	186.37
576.64	124.93
576.69	55.30
576.75	59.39
576.81	108.54
576.86	32.77
576.92	118.78
576.97	26.62
577.03	-16.38
577.08	-69.63
577.14	118.78
577.19	69.63
577.25	90.11
577.30	49.15
577.36	137.21
577.41	79.87
577.47	55.30
577.52	-2.05
577.58	51.20
577.63	59.39
577.69	137.21
577.74	196.61
577.80	-22.53
577.85	63.49
577.91	59.39
577.96	79.87
578.02	77.82
578.07	-32.77
578.13	83.97
578.18	65.54
578.24	135.17
578.29	135.17
578.35	149.50
578.40	69.63
578.46	147.45
578.51	36.86
578.57	118.78
578.62	26.62
578.68	61.44
578.73	100.35
578.79	36.86
578.84	126.97
578.90	38.91
578.95	22.53
579.01	88.06
579.06	124.93
579.12	59.39
579.17	112.64
579.23	131.07
579.28	71.68
579.34	81.92
579.39	143.36
579.45	139.26
579.50	90.11
579.56	110.59
579.61	278.52
579.67	133.12
579.72	49.15
579.78	114.69
579.83	139.26
579.89	86.01
579.94	83.97
580.00	61.44
580.05	-8.19
580.11	139.26
580.16	122.88
580.22	73.73
580.27	55.30
580.32	-32.77
580.38	28.67
580.43	88.06
580.49	94.21
580.54	184.32
580.60	108.54
580.65	53.25
580.71	26.62
580.76	30.72
580.82	71.68
580.87	190.46
580.93	45.06
580.98	163.84
581.04	96.25
581.09	-30.72
581.14	-96.25
581.20	106.49
581.25	43.01
581.31	12.29
581.36	124.93
581.42	12.29
581.47	86.01
581.53	79.87
581.58	-22.53
581.64	69.63
581.69	174.08
581.75	53.25
581.80	69.63
581.85	36.86
581.91	65.54
581.96	110.59
582.02	69.63
582.07	55.30
582.13	18.43
582.18	120.83
582.24	2.05
582.29	135.17
582.34	104.45
582.40	126.97
582.45	38.91
582.51	88.06
582.56	83.97
582.62	67.58
582.67	104.45
582.73	-26.62
582.78	122.88
582.83	204.80
582.89	184.32
582.94	100.35
583.00	92.16
583.05	147.45
583.11	188.41
583.16	45.06
583.21	167.93
583.27	106.49
583.32	149.50
583.38	122.88
583.43	157.69
583.49	30.72
583.54	110.59
583.59	22.53
583.65	100.35
583.70	83.97
583.76	96.25
583.81	77.82
583.87	45.06
583.92	180.22
583.97	184.32
584.03	47.10
584.08	149.50
584.14	57.34
584.19	114.69
584.24	141.31
584.30	79.87
584.35	90.11
584.41	116.73
584.46	163.84
584.52	126.97
584.57	192.51
584.62	112.64
584.68	81.92
584.73	163.84
584.79	75.77
584.84	20.48
584.89	75.77
584.95	245.76
585.00	26.62
585.06	96.25
585.11	225.28
585.16	194.56
585.22	141.31
585.27	43.01
585.33	81.92
585.38	124.93
585.43	73.73
585.49	155.65
585.54	114.69
585.60	26.62
585.65	194.56
585.70	233.47
585.76	86.01
585.81	221.18
585.87	79.87
585.92	104.45
585.97	131.07
586.03	192.51
586.08	133.12
586.13	90.11
586.19	268.28
586.24	129.02
586.30	67.58
586.35	229.37
586.40	116.73
586.46	167.93
586.51	241.66
586.57	303.10
586.62	266.24
586.67	182.27
586.73	233.47
586.78	251.90
586.83	354.30
586.89	278.52
586.94	303.10
587.00	182.27
587.05	342.01
587.10	243.71
587.16	321.53
587.21	473.08
587.26	645.11
587.32	1619.94
587.37	7032.72
587.42	22943.39
587.48	45497.67
587.53	62993.47
587.59	62426.18
587.64	62305.35
587.69	63030.33
587.75	63212.60
587.80	62442.57
587.85	62532.68
587.91	63222.84
587.96	63204.41
588.01	62016.59
588.07	62424.14
588.12	63183.93
588.17	63091.77
588.23	62929.98
588.28	19465.94
588.34	4272.06
588.39	2615.26
588.44	1632.23
588.50	1079.28
588.55	770.04
588.60	518.14
588.66	524.28
588.71	407.55
588.76	491.51
588.82	339.96
588.87	86.01
588.92	272.38
588.98	108.54
589.03	143.36
589.08	174.08
589.14	163.84
589.19	227.32
589.24	133.12
589.30	59.39
589.35	172.03
589.40	174.08
589.46	100.35
589.51	71.68
589.56	59.39
589.62	106.49
589.67	8.19
589.72	69.63
589.78	153.60
589.83	24.58
589.88	106.49
589.94	153.60
589.99	104.45
590.04	182.27
590.10	303.10
590.15	-20.48
590.20	131.07
590.26	34.82
590.31	147.45
590.36	174.08
590.42	301.05
590.47	65.54
590.52	190.46
590.58	157.69
590.63	-69.63
590.68	129.02
590.74	114.69
590.79	40.96
590.84	206.84
590.89	-34.82
590.95	14.34
591.00	51.20
591.05	137.21
591.11	-47.10
591.16	190.46
591.21	233.47
591.27	61.44
591.32	75.77
591.37	204.80
591.43	151.55
591.48	141.31
591.53	36.86
591.58	36.86
591.64	49.15
591.69	38.91
591.74	28.67
591.80	110.59
591.85	114.69
591.90	-10.24
591.96	30.72
592.01	233.47
592.06	100.35
592.11	262.14
592.17	-2.05
592.22	53.25
592.27	215.04
592.33	90.11
592.38	65.53
592.43	96.25
592.48	172.03
592.54	139.26
592.59	112.64
592.64	108.54
592.70	65.53
592.75	112.64
592.80	77.82
592.85	12.29
592.91	81.92
592.96	47.10
593.01	116.73
593.07	126.97
593.12	112.64
593.17	151.55
593.22	24.58
593.28	67.58
593.33	100.35
593.38	2.05
593.44	167.93
593.49	120.83
593.54	32.77
593.59	8.19
593.65	192.51
593.70	73.73
593.75	96.25
593.80	98.30
593.86	178.17
593.91	10.24
593.96	206.84
594.01	120.83
594.07	147.45
594.12	98.30
594.17	231.42
594.23	167.93
594.28	57.34
594.33	75.77
594.38	94.21
594.44	116.73
594.49	215.04
594.54	40.96
594.59	-2.05
594.65	159.74
594.70	143.36
594.75	225.28
594.80	61.44
594.86	96.25
594.91	71.68
594.96	86.01
595.01	135.17
595.07	-18.43
595.12	131.07
595.17	159.74
595.22	159.74
595.28	69.63
595.33	98.30
595.38	63.49
595.43	51.20
595.49	167.93
595.54	-18.43
595.59	28.67
595.64	110.59
595.69	116.73
595.75	129.02
595.80	112.64
595.85	77.82
595.90	71.68
595.96	172.03
596.01	51.20
596.06	67.58
596.11	153.60
596.17	106.49
596.22	36.86
596.27	188.41
596.32	188.41
596.38	55.30
596.43	200.70
596.48	172.03
596.53	186.37
596.58	90.11
596.64	86.01
596.69	59.39
596.74	106.49
596.79	196.61
596.85	2.05
596.90	-8.19
596.95	143.36
597.00	75.77
597.05	10.24
597.11	90.11
597.16	55.30
597.21	104.45
597.26	83.97
597.31	169.98
597.37	167.93
597.42	32.77
597.47	14.34
597.52	63.49
597.57	38.91
597.63	176.13
597.68	280.57
597.73	98.30
597.78	47.10
597.84	18.43
597.89	-16.38
597.94	180.22
597.99	83.97
598.04	114.69
598.10	94.21
598.15	90.11
598.20	110.59
598.25	65.53
598.30	47.10
598.36	79.87
598.41	139.26
598.46	61.44
598.51	96.25
598.56	120.83
598.61	135.17
598.67	159.74
598.72	151.55
598.77	83.97
598.82	178.17
598.87	67.58
598.93	155.65
598.98	16.38
599.03	202.75
599.08	145.41
599.13	151.55
599.19	194.56
599.24	90.11
599.29	221.18
599.34	96.25
599.39	94.21
599.44	182.27
599.50	141.31
599.55	180.22
599.60	110.59
599.65	151.55
599.70	163.84
599.75	61.44
599.81	245.76
599.86	114.69
599.91	118.78
599.96	169.98
600.01	71.68
600.07	102.40
600.12	116.73
600.17	141.31
600.22	26.62
600.27	118.78
600.32	167.93
600.38	-18.43
600.43	133.12
600.48	143.36
600.53	-20.48
600.58	61.44
600.63	83.97
600.68	8.19
600.74	55.30
600.79	112.64
600.84	47.10
600.89	28.67
600.94	14.34
600.99	122.88
601.05	180.22
601.10	90.11
601.15	149.50
601.20	73.73
601.25	151.55
601.30	90.11
601.35	112.64
601.41	75.77
601.46	243.71
601.51	20.48
601.56	79.87
601.61	45.06
601.66	38.91
601.71	165.89
601.77	126.97
601.82	83.97
601.87	153.60
601.92	159.74
601.97	61.44
602.02	184.32
602.07	108.54
602.13	96.25
602.18	2.05
602.23	90.11
602.28	247.80
602.33	110.59
602.38	139.26
602.43	153.60
602.48	104.45
602.54	57.34
602.59	69.63
602.64	139.26
602.69	174.08
602.74	397.31
602.79	112.64
602.84	-18.43
602.89	106.49
602.95	-8.19
603.00	135.17
603.05	110.59
603.10	77.82
603.15	14.34
603.20	71.68
603.25	51.20
603.30	67.58
603.36	69.63
603.41	204.80
603.46	75.77
603.51	20.48
603.56	-26.62
603.61	161.79
603.66	28.67
603.71	139.26
603.76	4.10
603.82	83.97
603.87	188.41
603.92	-2.05
603.97	137.21
604.02	165.89
604.07	100.35
604.12	133.12
604.17	-12.29
604.22	116.73
604.28	165.89
604.33	12.29
604.38	88.06
604.43	34.82
604.48	59.39
604.53	49.15
604.58	131.07
604.63	172.03
604.68	153.60
604.73	88.06
604.78	77.82
604.84	71.68
604.89	102.40
604.94	147.45
604.99	67.58
605.04	2.05
605.09	157.69
605.14	215.04
605.19	137.21
605.24	-30.72
605.29	176.13
605.34	106.49
605.40	-8.19
605.45	110.59
605.50	40.96
605.55	155.65
605.60	206.84
605.65	96.25
605.70	163.84
605.75	159.74
605.80	36.86
605.85	94.21
605.90	26.62
605.95	14.34
606.00	215.04
606.06	16.38
606.11	184.32
606.16	217.08
606.21	38.91
606.26	-2.05
606.31	106.49
606.36	-26.62
606.41	131.07
606.46	45.06
606.51	94.21
606.56	-18.43
606.61	153.60
606.66	51.20
606.71	145.41
606.76	65.53
606.81	153.60
606.87	86.01
606.92	151.55
606.97	110.59
607.02	73.73
607.07	49.15
607.12	81.92
607.17	165.89
607.22	180.22
607.27	81.92
607.32	100.35
607.37	122.88
607.42	155.65
607.47	51.20
607.52	155.65
607.57	53.25
607.62	133.12
607.67	26.62
607.72	-14.34
607.77	135.17
607.83	194.56
607.88	53.25
607.93	137.21
607.98	204.80
608.03	133.12
608.08	139.26
608.13	288.76
608.18	69.63
608.23	2.05
608.28	108.54
608.33	90.11
608.38	118.78
608.43	2.05
608.48	90.11
608.53	94.21
608.58	65.53
608.63	90.11
608.68	88.06
608.73	77.82
608.78	73.73
608.83	63.49
608.88	34.82
608.93	106.49
608.98	67.58
609.03	-2.05
609.08	75.77
609.13	28.67
609.18	178.17
609.23	75.77
609.28	86.01
609.33	53.25
609.38	126.97
609.43	110.59
609.48	94.21
609.53	94.21
609.58	102.40
609.63	81.92
609.69	157.69
609.74	59.39
609.79	192.51
609.84	235.52
609.89	4.10
609.94	231.42
609.99	141.31
610.04	65.53
610.09	169.98
610.14	231.42
610.19	45.06
610.24	61.44
610.29	71.68
610.34	178.17
610.39	98.30
610.44	165.89
610.49	149.50
610.54	55.30
610.59	229.37
610.64	235.52
610.69	92.16
610.74	34.82
610.79	45.06
610.84	83.97
610.89	-14.34
610.94	155.65
610.99	-6.14
611.04	67.58
611.09	118.78
611.14	86.01
611.18	98.30
611.23	174.08
611.28	184.32
611.33	194.56
611.38	71.68
611.43	192.51
611.48	63.49
611.53	20.48
611.58	90.11
611.63	131.07
611.68	223.23
611.73	59.39
611.78	67.58
611.83	71.68
611.88	102.40
611.93	178.17
611.98	-2.05
612.03	153.60
612.08	71.68
612.13	100.35
612.18	215.04
612.23	108.54
612.28	118.78
612.33	51.20
612.38	139.26
612.43	92.16
612.48	59.39
612.53	124.93
612.58	141.31
612.63	-16.38
612.68	186.37
612.73	63.49
612.78	79.87
612.83	20.48
612.88	233.47
612.93	112.64
612.97	124.93
613.02	229.37
613.07	47.10
613.12	118.78
613.17	24.58
613.22	221.18
613.27	151.55
613.32	227.32
613.37	81.92
613.42	208.89
613.47	137.21
613.52	-6.14
613.57	86.01
613.62	30.72
613.67	114.69
613.72	61.44
613.77	-12.29
613.82	36.86
613.87	159.74
613.92	104.45
613.96	163.84
614.01	79.87
614.06	112.64
614.11	165.89
614.16	57.34
614.21	198.65
614.26	167.93
614.31	165.89
614.36	120.83
614.41	63.49
614.46	143.36
614.51	8.19
614.56	122.88
614.61	51.20
614.66	51.20
614.70	-8.19
614.75	106.49
614.80	110.59
614.85	-36.86
614.90	67.58
614.95	100.35
615.00	272.38
615.05	112.64
615.10	133.12
615.15	90.11
615.20	92.16
615.25	65.53
615.30	110.59
615.34	102.40
615.39	135.17
615.44	30.72
615.49	131.07
615.54	180.22
615.59	34.82
615.64	190.46
615.69	145.41
615.74	116.73
615.79	49.15
615.84	73.73
615.89	106.49
615.93	53.25
615.98	28.67
616.03	100.35
616.08	94.21
616.13	110.59
616.18	94.21
616.23	81.92
616.28	94.21
616.33	188.41
616.38	28.67
616.42	172.03
616.47	73.73
616.52	116.73
616.57	169.98
616.62	114.69
616.67	86.01
616.72	26.62
616.77	135.17
616.82	61.44
616.87	159.74
616.91	184.32
616.96	129.02
617.01	4.10
617.06	141.31
617.11	83.97
617.16	51.20
617.21	102.40
617.26	59.39
617.31	51.20
617.35	65.53
617.40	151.55
617.45	73.73
617.50	110.59
617.55	110.59
617.60	86.01
617.65	73.73
617.70	172.03
617.74	77.82
617.79	161.79
617.84	26.62
617.89	149.50
617.94	73.73
617.99	184.32
618.04	163.84
618.09	141.31
618.13	49.15
618.18	159.74
618.23	169.98
618.28	126.97
618.33	36.86
618.38	159.74
618.43	55.30
618.48	151.55
618.52	73.73
618.57	77.82
618.62	102.40
618.67	110.59
618.72	108.54
618.77	143.36
618.82	45.06
618.86	184.32
618.91	-4.10
618.96	210.94
619.01	118.78
619.06	94.21
619.11	106.49
619.16	202.75
619.20	227.32
619.25	165.89
619.30	159.74
619.35	198.65
619.40	112.64
619.45	69.63
619.49	182.27
619.54	104.45
619.59	49.15
619.64	92.16
619.69	210.94
619.74	100.35
619.79	86.01
619.83	59.39
619.88	137.21
619.93	20.48
619.98	98.30
620.03	126.97
620.08	59.39
620.12	57.34
620.17	53.25
620.22	135.17
620.27	-30.72
620.32	161.79
620.37	219.13
620.41	153.60
620.46	192.51
620.51	88.06
620.56	86.01
620.61	122.88
620.66	83.97
620.70	137.21
620.75	47.10
620.80	20.48
620.85	102.40
620.90	114.69
620.95	204.80
620.99	67.58
621.04	67.58
621.09	51.20
621.14	90.11
621.19	159.74
621.23	176.13
621.28	-71.68
621.33	81.92
621.38	47.10
621.43	77.82
621.48	86.01
621.52	212.99
621.57	120.83
621.62	98.30
621.67	43.01
621.72	116.73
621.76	77.82
621.81	116.73
621.86	178.17
621.91	126.97
621.96	104.45
622.00	208.89
622.05	139.26
622.10	151.55
622.15	90.11
622.20	221.18
622.24	77.82
622.29	71.68
622.34	61.44
622.39	106.49
622.44	90.11
622.48	65.54
622.53	122.88
622.58	75.77
622.63	81.92
622.68	40.96
622.72	167.93
622.77	153.60
622.82	112.64
622.87	108.54
622.92	86.01
622.96	98.30
623.01	159.74
623.06	133.12
623.11	122.88
623.15	-59.39
623.20	55.30
623.25	88.06
623.30	45.06
623.35	118.78
623.39	63.49
623.44	102.40
623.49	188.41
623.54	20.48
623.58	116.73
623.63	79.87
623.68	114.69
623.73	47.10
623.78	159.74
623.82	110.59
623.87	131.07
623.92	135.17
623.97	169.98
624.01	8.19
624.06	131.07
624.11	40.96
624.16	155.65
624.21	131.07
624.25	137.21
624.30	67.58
624.35	305.15
624.40	172.03
624.44	-2.05
624.49	49.15
624.54	63.49
624.59	184.32
624.63	151.55
624.68	88.06
624.73	153.60
624.78	225.28
624.82	139.26
624.87	108.54
624.92	40.96
624.97	106.49
625.01	34.82
625.06	83.97
625.11	104.45
625.16	92.16
625.20	143.36
625.25	135.17
625.30	137.21
625.35	112.64
625.39	24.58
625.44	122.88
625.49	165.89
625.54	217.08
625.58	79.87
625.63	-10.24
625.68	65.54
625.73	110.59
625.77	143.36
625.82	131.07
625.87	47.10
625.92	157.69
625.96	8.19
626.01	188.41
626.06	75.77
626.10	92.16
626.15	40.96
626.20	145.41
626.25	116.73
626.29	106.49
626.34	63.49
626.39	186.37
626.44	108.54
626.48	100.35
626.53	120.83
626.58	92.16
626.62	157.69
626.67	10.24
626.72	98.30
626.77	90.11
626.81	90.11
626.86	135.17
626.91	256.00
626.96	75.77
627.00	30.72
627.05	43.01
627.10	16.38
627.14	92.16
627.19	47.10
627.24	200.70
627.29	178.17
627.33	141.31
627.38	145.41
627.43	40.96
627.47	-40.96
627.52	137.21
627.57	108.54
627.62	77.82
627.66	81.92
627.71	-4.10
627.76	-14.34
627.80	88.06
627.85	161.79
627.90	51.20
627.94	167.93
627.99	63.49
628.04	225.28
628.09	157.69
628.13	55.30
628.18	47.10
628.23	184.32
628.27	126.97
628.32	319.48
628.37	174.08
628.41	194.56
628.46	151.55
628.51	63.49
628.55	65.53
628.60	75.77
628.65	73.73
628.70	83.97
628.74	210.94
628.79	83.97
628.84	36.86
628.88	45.06
628.93	67.58
628.98	59.39
629.02	96.25
629.07	215.04
629.12	53.25
629.16	102.40
629.21	147.45
629.26	96.25
629.30	137.21
629.35	337.91
629.40	204.80
629.44	153.60
629.49	-81.92
629.54	145.41
629.58	63.49
629.63	200.70
629.68	206.84
629.72	51.20
629.77	83.97
629.82	133.12
629.86	126.97
629.91	38.91
629.96	69.63
630.00	61.44
630.05	100.35
630.10	75.77
630.14	98.30
630.19	153.60
630.24	43.01
630.28	96.25
630.33	114.69
630.38	65.53
630.42	24.58
630.47	77.82
630.52	86.01
630.56	192.51
630.61	153.60
630.66	137.21
630.70	188.41
630.75	225.28
630.80	53.25
630.84	94.21
630.89	49.15
630.94	143.36
630.98	149.50
631.03	133.12
631.07	188.41
631.12	155.65
631.17	59.39
631.21	112.64
631.26	192.51
631.31	116.73
631.35	153.60
631.40	219.13
631.45	67.58
631.49	155.65
631.54	145.41
631.59	104.45
631.63	126.97
631.68	98.30
631.72	129.02
631.77	47.10
631.82	149.50
631.86	258.04
631.91	98.30
631.96	239.61
632.00	69.63
632.05	79.87
632.09	139.26
632.14	196.61
632.19	149.50
632.23	120.83
632.28	108.54
632.33	126.97
632.37	112.64
632.42	108.54
632.46	122.88
632.51	190.46
632.56	169.98
632.60	202.75
632.65	118.78
632.70	61.44
632.74	178.17
632.79	114.69
632.83	231.42
632.88	59.39
632.93	147.45
632.97	67.58
633.02	90.11
633.06	249.85
633.11	167.93
633.16	190.46
633.20	126.97
633.25	40.96
633.29	86.01
633.34	75.77
633.39	178.17
633.43	73.73
633.48	178.17
633.52	176.13
633.57	176.13
633.62	98.30
633.66	96.25
633.71	83.97
633.75	26.62
633.80	18.43
633.85	16.38
633.89	79.87
633.94	192.51
633.98	106.49
634.03	221.18
634.08	200.70
634.12	198.65
634.17	92.16
634.21	-18.43
634.26	186.37
634.31	12.29
634.35	108.54
634.40	98.30
634.44	145.41
634.49	-10.24
634.54	55.30
634.58	141.31
634.63	256.00
634.67	51.20
634.72	139.26
634.76	215.04
634.81	59.39
634.86	180.22
634.90	126.97
634.95	30.72
634.99	10.24
635.04	77.82
635.08	155.65
635.13	57.34
635.18	135.17
635.22	124.93
635.27	38.91
635.31	83.97
635.36	-12.29
635.40	94.21
635.45	172.03
635.50	96.25
635.54	163.84
635.59	100.35
635.63	145.41
635.68	104.45
635.72	147.45
635.77	112.64
635.81	231.42
635.86	10.24
635.91	-4.10
635.95	122.88
636.00	133.12
636.04	67.58
636.09	200.70
636.13	215.04
636.18	251.90
636.22	178.17
636.27	131.07
636.32	73.73
636.36	221.18
636.41	190.46
636.45	212.99
636.50	176.13
636.54	184.32
636.59	153.60
636.63	43.01
636.68	81.92
636.73	104.45
636.77	155.65
636.82	215.04
636.86	212.99
636.91	75.77
636.95	155.65
637.00	139.26
637.04	110.59
637.09	157.69
637.13	188.41
637.18	169.98
637.22	241.66
637.27	165.89
637.31	92.16
637.36	208.89
637.41	116.73
637.45	100.35
637.50	88.06
637.54	131.07
637.59	172.03
637.63	108.54
637.68	151.55
637.72	28.67
637.77	184.32
637.81	217.08
637.86	249.85
637.90	104.45
637.95	131.07
637.99	217.08
638.04	100.35
638.08	141.31
638.13	135.17
638.17	149.50
638.22	133.12
638.26	172.03
638.31	108.54
638.35	122.88
638.40	147.45
638.45	22.53
638.49	34.82
638.54	92.16
638.58	34.82
638.63	184.32
638.67	102.40
638.72	223.23
638.76	159.74
638.81	108.54
638.85	192.51
638.90	32.77
638.94	110.59
638.99	139.26
639.03	-34.82
639.08	219.13
639.12	65.53
639.17	118.78
639.21	67.58
639.26	212.99
639.30	229.37
639.35	75.77
639.39	120.83
639.44	88.06
639.48	210.94
639.53	20.48
639.57	24.58
639.62	-10.24
639.66	245.76
639.70	98.30
639.75	49.15
639.79	12.29
639.84	2.05
639.88	167.93
639.93	53.25
639.97	108.54
640.02	167.93
640.06	241.66
640.11	110.59
640.15	-16.38
640.20	98.30
640.24	182.27
640.29	145.41
640.33	6.14
640.38	106.49
640.42	235.52
640.47	55.30
640.51	229.37
640.56	192.51
640.60	73.73
640.65	106.49
640.69	221.18
640.73	36.86
640.78	169.98
640.82	202.75
640.87	165.89
640.91	129.02
640.96	110.59
641.00	67.58
641.05	206.84
641.09	53.25
641.14	284.67
641.18	159.74
641.23	137.21
641.27	174.08
641.32	81.92
641.36	210.94
641.40	151.55
641.45	79.87
641.49	126.97
641.54	178.17
641.58	55.30
641.63	182.27
641.67	18.43
641.72	151.55
641.76	108.54
641.80	147.45
641.85	206.84
641.89	-2.05
641.94	67.58
641.98	28.67
642.03	143.36
642.07	217.08
642.12	79.87
642.16	180.22
642.20	53.25
642.25	100.35
642.29	159.74
642.34	-122.88
642.38	67.58
642.43	43.01
642.47	178.17
642.52	249.85
642.56	165.89
642.60	65.54
642.65	131.07
642.69	88.06
642.74	143.36
642.78	16.38
642.83	145.41
642.87	212.99
642.91	225.28
642.96	112.64
643.00	104.45
643.05	69.63
643.09	124.93
643.14	194.56
643.18	192.51
643.22	92.16
643.27	233.47
643.31	172.03
643.36	241.66
643.40	114.69
643.45	137.21
643.49	243.71
643.53	200.70
643.58	67.58
643.62	110.59
643.67	108.54
643.71	133.12
643.75	90.11
643.80	120.83
643.84	65.53
643.89	69.63
643.93	71.68
643.97	204.80
644.02	219.13
644.06	94.21
644.11	88.06
644.15	219.13
644.19	116.73
644.24	28.67
644.28	190.46
644.33	96.25
644.37	178.17
644.42	182.27
644.46	116.73
644.50	141.31
644.55	186.37
644.59	165.89
644.63	215.04
644.68	-57.34
644.72	143.36
644.77	16.38
644.81	126.97
644.85	86.01
644.90	153.60
644.94	40.96
644.99	210.94
645.03	167.93
645.07	110.59
645.12	196.61
645.16	59.39
645.21	182.27
645.25	116.73
645.29	16.38
645.34	129.02
645.38	151.55
645.42	81.92
645.47	106.49
645.51	65.53
645.56	204.80
645.60	38.91
645.64	73.73
645.69	198.65
645.73	112.64
645.77	43.01
645.82	149.50
645.86	94.21
645.91	108.54
645.95	114.69
645.99	145.41
646.04	204.80
646.08	102.40
646.12	112.64
646.17	241.66
646.21	34.82
646.26	188.41
646.30	114.69
646.34	151.55
646.39	79.87
646.43	169.98
646.47	61.44
646.52	200.70
646.56	299.00
646.60	102.40
646.65	36.86
646.69	131.07
646.73	94.21
646.78	176.13
646.82	63.49
646.87	194.56
646.91	45.06
646.95	106.49
647.00	206.84
647.04	141.31
647.08	182.27
647.13	90.11
647.17	120.83
647.21	219.13
647.26	18.43
647.30	204.80
647.34	69.63
647.39	104.45
647.43	184.32
647.47	186.37
647.52	45.06
647.56	147.45
647.60	200.70
647.65	233.47
647.69	180.22
647.73	86.01
647.78	139.26
647.82	143.36
647.86	30.72
647.91	24.58
647.95	149.50
647.99	180.22
648.04	81.92
648.08	69.63
648.12	96.25
648.17	186.37
648.21	339.96
648.25	157.69
648.30	184.32
648.34	86.01
648.38	159.74
648.43	88.06
648.47	196.61
648.51	59.39
648.56	20.48
648.60	210.94
648.64	102.40
648.69	133.12
648.73	143.36
648.77	182.27
648.82	167.93
648.86	102.40
648.90	106.49
648.95	92.16
648.99	43.01
649.03	165.89
649.07	59.39
649.12	47.10
649.16	124.93
649.20	139.26
649.25	112.64
649.29	-55.30
649.33	71.68
649.38	186.37
649.42	83.97
649.46	98.30
649.51	120.83
649.55	73.73
649.59	149.50
649.63	262.14
649.68	172.03
649.72	69.63
649.76	145.41
649.81	69.63
649.85	51.20
649.89	167.93
649.93	49.15
649.98	196.61
650.02	167.93
650.06	143.36
650.11	161.79
650.15	75.77
650.19	243.71
650.24	294.91
650.28	34.82
650.32	114.69
650.36	53.25
650.41	223.23
650.45	141.31
650.49	176.13
650.54	311.29
650.58	-26.62
650.62	63.49
650.66	133.12
650.71	51.20
650.75	40.96
650.79	69.63
650.83	221.18
650.88	-38.91
650.92	165.89
650.96	159.74
651.01	208.89
651.05	161.79
651.09	184.32
651.13	92.16
651.18	81.92
651.22	75.77
651.26	161.79
651.30	151.55
651.35	16.38
651.39	14.34
651.43	141.31
651.48	247.80
651.52	12.29
651.56	217.08
651.60	-61.44
651.65	86.01
651.69	319.48
651.73	153.60
651.77	174.08
651.82	92.16
651.86	208.89
651.90	122.88
651.94	88.06
651.99	88.06
652.03	120.83
652.07	167.93
652.11	149.50
652.16	49.15
652.20	143.36
652.24	77.82
652.28	188.41
652.33	155.65
652.37	110.59
652.41	12.29
652.45	34.82
652.50	118.78
652.54	67.58
652.58	241.66
652.62	264.19
652.67	235.52
652.71	81.92
652.75	196.61
652.79	202.75
652.84	51.20
652.88	96.25
652.92	22.53
652.96	45.06
653.00	8.19
653.05	251.90
653.09	122.88
653.13	268.28
653.17	157.69
653.22	106.49
653.26	-47.10
653.30	55.30
653.34	28.67
653.39	116.73
653.43	299.00
653.47	129.02
653.51	145.41
653.55	204.80
653.60	153.60
653.64	131.07
653.68	180.22
653.72	122.88
653.77	71.68
653.81	221.18
653.85	137.21
653.89	112.64
653.93	229.37
653.98	79.87
654.02	67.58
654.06	49.15
654.10	106.49
654.14	237.56
654.19	73.73
654.23	88.06
654.27	45.06
654.31	167.93
654.35	165.89
654.40	104.45
654.44	98.30
654.48	75.77
654.52	143.36
654.57	192.51
654.61	83.97
654.65	40.96
654.69	190.46
654.73	88.06
654.78	24.58
654.82	86.01
654.86	51.20
654.90	161.79
654.94	139.26
654.98	-8.19
655.03	251.90
655.07	137.21
655.11	108.54
655.15	165.89
655.19	112.64
655.24	114.69
655.28	253.95
655.32	110.59
655.36	153.60
655.40	196.61
655.45	120.83
655.49	53.25
655.53	67.58
655.57	73.73
655.61	49.15
655.65	28.67
655.70	188.41
655.74	153.60
655.78	79.87
655.82	227.32
655.86	67.58
655.91	180.22
655.95	10.24
655.99	221.18
656.03	139.26
656.07	79.87
656.11	141.31
656.16	145.41
656.20	182.27
656.24	122.88
656.28	260.09
656.32	38.91
656.36	159.74
656.41	153.60
656.45	129.02
656.49	129.02
656.53	159.74
656.57	225.28
656.61	102.40
656.66	81.92
656.70	129.02
656.74	102.40
656.78	176.13
656.82	102.40
656.86	210.94
656.91	200.70
656.95	178.17
656.99	157.69
657.03	198.65
657.07	161.79
657.11	151.55
657.15	151.55
657.20	180.22
657.24	4.10
657.28	98.30
657.32	92.16
657.36	8.19
657.40	190.46
657.44	167.93
657.49	57.34
657.53	135.17
657.57	92.16
657.61	102.40
657.65	200.70
657.69	159.74
657.73	88.06
657.78	219.13
657.82	92.16
657.86	106.49
657.90	149.50
657.94	124.93
657.98	114.69
658.02	38.91
658.07	20.48
658.11	239.61
658.15	110.59
658.19	10.24
658.23	237.56
658.27	-77.82
658.31	75.77
658.35	12.29
658.40	57.34
658.44	71.68
658.48	10.24
658.52	167.93
658.56	143.36
658.60	141.31
658.64	102.40
658.68	98.30
658.73	69.63
658.77	178.17
658.81	149.50
658.85	159.74
658.89	167.93
658.93	112.64
658.97	313.34
659.01	12.29
659.06	192.51
659.10	108.54
659.14	167.93
659.18	204.80
659.22	75.77
659.26	192.51
659.30	108.54
659.34	245.76
659.38	204.80
659.42	71.68
659.47	22.53
659.51	139.26
659.55	182.27
659.59	10.24
659.63	163.84
659.67	147.45
659.71	137.21
659.75	75.77
659.79	223.23
659.83	57.34
659.88	112.64
659.92	118.78
659.96	217.08
660.00	202.75
660.04	61.44
660.08	108.54
660.12	94.21
660.16	16.38
660.20	126.97
660.24	223.23
660.28	122.88
660.33	192.51
660.37	124.93
660.41	83.97
660.45	94.21
660.49	192.51
660.53	157.69
660.57	274.43
660.61	77.82
660.65	262.14
660.69	49.15
660.73	51.20
660.77	67.58
660.82	188.41
660.86	120.83
660.90	139.26
660.94	217.08
660.98	43.01
661.02	180.22
661.06	180.22
661.10	131.07
661.14	110.59
661.18	151.55
661.22	55.30
661.26	104.45
661.30	79.87
661.34	51.20
661.39	188.41
661.43	143.36
661.47	118.78
661.51	120.83
661.55	47.10
661.59	94.21
661.63	180.22
661.67	221.18
661.71	106.49
661.75	147.45
661.79	143.36
661.83	65.54
661.87	75.77
661.91	65.53
661.95	49.15
661.99	86.01
662.03	120.83
662.08	126.97
662.12	239.61
662.16	137.21
662.20	139.26
662.24	94.21
662.28	153.60
662.32	133.12
662.36	86.01
662.40	67.58
662.44	122.88
662.48	186.37
662.52	104.45
662.56	163.84
662.60	262.14
662.64	75.77
662.68	182.27
662.72	184.32
662.76	141.31
662.80	47.10
662.84	198.65
662.88	204.80
662.92	169.98
662.96	204.80
663.00	251.90
663.04	245.76
663.09	110.59
663.13	227.32
663.17	180.22
663.21	239.61
663.25	176.13
663.29	141.31
663.33	73.73
663.37	225.28
663.41	18.43
663.45	163.84
663.49	63.49
663.53	141.31
663.57	229.37
663.61	145.41
663.65	251.90
663.69	231.42
663.73	169.98
663.77	157.69
663.81	153.60
663.85	126.97
663.89	45.06
663.93	186.37
663.97	169.98
664.01	200.70
664.05	165.89
664.09	131.07
664.13	153.60
664.17	137.21
664.21	96.25
664.25	206.84
664.29	45.06
664.33	55.30
664.37	235.52
664.41	114.69
664.45	108.54
664.49	221.18
664.53	245.76
664.57	112.64
664.61	135.17
664.65	225.28
664.69	124.93
664.73	200.70
664.77	233.47
664.81	57.34
664.85	217.08
664.89	40.96
664.93	227.32
664.97	79.87
665.01	55.30
665.05	225.28
665.09	79.87
665.13	-36.86
665.17	141.31
665.21	155.65
665.25	178.17
665.29	153.60
665.33	129.02
665.37	151.55
665.41	151.55
665.45	124.93
665.49	274.43
665.53	196.61
665.57	96.25
665.61	206.84
665.65	188.41
665.69	86.01
665.73	180.22
665.77	167.93
665.81	86.01
665.85	188.41
665.89	157.69
665.92	215.04
665.96	241.66
666.00	77.82
666.04	176.13
666.08	180.22
666.12	157.69
666.16	124.93
666.20	71.68
666.24	161.79
666.28	217.08
666.32	165.89
666.36	104.45
666.40	133.12
666.44	75.77
666.48	94.21
666.52	198.65
666.56	157.69
666.60	210.94
666.64	237.56
666.68	77.82
666.72	94.21
666.76	137.21
666.80	258.04
666.84	165.89
666.88	104.45
666.91	192.51
666.95	163.84
666.99	239.61
667.03	184.32
667.07	163.84
667.11	157.69
667.15	210.94
667.19	73.73
667.23	198.65
667.27	77.82
667.31	71.68
667.35	235.52
667.39	196.61
667.43	221.18
667.47	212.99
667.51	346.11
667.55	247.80
667.58	403.45
667.62	305.15
667.66	937.97
667.70	1650.66
667.74	2951.12
667.78	5064.63
667.82	7417.74
667.86	9115.51
667.90	10307.43
667.94	11384.66
667.98	12355.40
668.02	15925.00
668.06	16725.76
668.10	13020.99
668.13	9369.46
668.17	8910.71
668.21	9848.68
668.25	10458.98
668.29	10004.33
668.33	9097.08
668.37	8101.76
668.41	7829.38
668.45	8437.63
668.49	8511.36
668.53	9025.40
668.57	8423.30
668.60	8834.94
668.64	8484.73
668.68	8064.90
668.72	7493.52
668.76	6688.67
668.80	5984.16
668.84	5115.83
668.88	4454.33
668.92	4067.27
668.96	3577.80
669.00	2990.03
669.03	2516.95
669.07	2056.16
669.11	1607.66
669.15	1447.91
669.19	1243.12
669.23	899.06
669.27	743.41
669.31	794.61
669.35	587.77
669.39	485.37
669.42	321.53
669.46	262.14
669.50	352.25
669.54	280.57
669.58	323.58
669.62	200.70
669.66	90.11
669.70	288.76
669.74	137.21
669.78	151.55
669.81	225.28
669.85	94.21
669.89	126.97
669.93	210.94
669.97	75.77
670.01	206.84
670.05	190.46
670.09	176.13
670.12	98.30
670.16	231.42
670.20	73.73
670.24	153.60
670.28	208.89
670.32	227.32
670.36	145.41
670.40	139.26
670.43	167.93
670.47	118.78
670.51	278.52
670.55	133.12
670.59	305.15
670.63	100.35
670.67	143.36
670.71	98.30
670.74	262.14
670.78	88.06
670.82	180.22
670.86	88.06
670.90	153.60
670.94	172.03
670.98	59.39
671.01	155.65
671.05	253.95
671.09	208.89
671.13	129.02
671.17	196.61
671.21	67.58
671.25	153.60
671.28	237.56
671.32	92.16
671.36	114.69
671.40	71.68
671.44	59.39
671.48	155.65
671.52	227.32
671.55	186.37
671.59	247.80
671.63	129.02
671.67	141.31
671.71	-18.43
671.75	61.44
671.79	118.78
671.82	116.73
671.86	98.30
671.90	196.61
671.94	155.65
