lambda  n
476.77	86.01
476.84	86.01
476.91	86.01
476.98	-6.14
477.04	-8.19
477.11	-20.48
477.18	0.00
477.25	12.29
477.32	-38.91
477.39	22.53
477.45	-53.25
477.52	-10.24
477.59	-43.01
477.66	22.53
477.73	63.49
477.80	-20.48
477.86	45.06
477.93	-61.44
478.00	0.00
478.07	-49.15
478.14	40.96
478.21	43.01
478.27	-16.38
478.34	-20.48
478.41	8.19
478.48	-81.92
478.55	137.21
478.62	43.01
478.68	-102.40
478.75	20.48
478.82	30.72
478.89	-83.97
478.96	-22.53
479.02	116.73
479.09	8.19
479.16	118.78
479.23	104.45
479.30	4.10
479.37	81.92
479.43	51.20
479.50	-51.20
479.57	-8.19
479.64	-2.05
479.71	49.15
479.77	26.62
479.84	61.44
479.91	59.39
479.98	102.40
480.05	-8.19
480.11	96.25
480.18	2.05
480.25	53.25
480.32	-67.58
480.39	-73.73
480.45	26.62
480.52	-14.34
480.59	-10.24
480.66	-26.62
480.73	-14.34
480.79	75.77
480.86	-57.34
480.93	34.82
481.00	-49.15
481.07	83.97
481.13	108.54
481.20	-32.77
481.27	-57.34
481.34	26.62
481.41	-45.06
481.47	26.62
481.54	-14.34
481.61	110.59
481.68	38.91
481.74	-61.44
481.81	-32.77
481.88	-28.67
481.95	-96.25
482.02	-26.62
482.08	34.82
482.15	-2.05
482.22	-51.20
482.29	16.38
482.35	79.87
482.42	57.34
482.49	-36.86
482.56	124.93
482.63	-45.06
482.69	120.83
482.76	-36.86
482.83	-20.48
482.90	57.34
482.96	-2.05
483.03	4.10
483.10	20.48
483.17	0.00
483.24	49.15
483.30	112.64
483.37	12.29
483.44	6.14
483.51	-18.43
483.57	-4.10
483.64	75.77
483.71	10.24
483.78	26.62
483.84	-45.06
483.91	-63.49
483.98	67.58
484.05	83.97
484.11	49.15
484.18	90.11
484.25	-30.72
484.32	38.91
484.38	-65.54
484.45	-38.91
484.52	-73.73
484.59	63.49
484.65	2.05
484.72	71.68
484.79	53.25
484.86	10.24
484.92	43.01
484.99	-104.45
485.06	-126.97
485.13	-43.01
485.19	-40.96
485.26	-6.14
485.33	-22.53
485.40	28.67
485.46	-2.05
485.53	30.72
485.60	-75.77
485.67	30.72
485.73	12.29
485.80	-79.87
485.87	51.20
485.94	-45.06
486.00	65.54
486.07	-49.15
486.14	18.43
486.20	30.72
486.27	38.91
486.34	36.86
486.41	49.15
486.47	71.68
486.54	22.53
486.61	43.01
486.68	-22.53
486.74	-34.82
486.81	20.48
486.88	-32.77
486.94	-86.01
487.01	20.48
487.08	-63.49
487.15	77.82
487.21	-14.34
487.28	-34.82
487.35	28.67
487.41	57.34
487.48	-22.53
487.55	-83.97
487.62	2.05
487.68	-77.82
487.75	36.86
487.82	16.38
487.88	88.06
487.95	30.72
488.02	36.86
488.09	8.19
488.15	-81.92
488.22	-10.24
488.29	75.77
488.35	77.82
488.42	57.34
488.49	-20.48
488.56	-57.34
488.62	-14.34
488.69	-40.96
488.76	-12.29
488.82	51.20
488.89	12.29
488.96	-32.77
489.02	-49.15
489.09	98.30
489.16	8.19
489.22	92.16
489.29	90.11
489.36	-26.62
489.43	40.96
489.49	4.10
489.56	-100.35
489.63	47.10
489.69	26.62
489.76	-26.62
489.83	10.24
489.89	40.96
489.96	59.39
490.03	-18.43
490.09	-75.77
490.16	-26.62
490.23	8.19
490.29	-32.77
490.36	-36.86
490.43	-6.14
490.50	-30.72
490.56	40.96
490.63	43.01
490.70	43.01
490.76	-14.34
490.83	12.29
490.90	12.29
490.96	102.40
491.03	-47.10
491.10	-67.58
491.16	-34.82
491.23	75.77
491.30	75.77
491.36	124.93
491.43	-38.91
491.50	49.15
491.56	104.45
491.63	47.10
491.70	-129.02
491.76	-14.34
491.83	92.16
491.90	8.19
491.96	10.24
492.03	59.39
492.10	-63.49
492.16	-10.24
492.23	38.91
492.30	-24.58
492.36	141.31
492.43	104.45
492.50	-36.86
492.56	98.30
492.63	16.38
492.70	-14.34
492.76	110.59
492.83	63.49
492.89	6.14
492.96	12.29
493.03	126.97
493.09	16.38
493.16	100.35
493.23	0.00
493.29	90.11
493.36	-8.19
493.43	28.67
493.49	-24.58
493.56	67.58
493.63	61.44
493.69	-22.53
493.76	-36.86
493.82	36.86
493.89	-143.36
493.96	-55.30
494.02	-30.72
494.09	24.58
494.16	-10.24
494.22	-45.06
494.29	49.15
494.36	16.38
494.42	-45.06
494.49	-81.92
494.55	-51.20
494.62	63.49
494.69	106.49
494.75	47.10
494.82	-20.48
494.89	-30.72
494.95	-45.06
495.02	-14.34
495.08	-2.05
495.15	-22.53
495.22	-10.24
495.28	10.24
495.35	-47.10
495.42	12.29
495.48	0.00
495.55	-63.49
495.61	53.25
495.68	28.67
495.75	-36.86
495.81	2.05
495.88	36.86
495.94	-63.49
496.01	-88.06
496.08	-22.53
496.14	53.25
496.21	14.34
496.28	102.40
496.34	-112.64
496.41	40.96
496.47	63.49
496.54	-4.10
496.61	-4.10
496.67	14.34
496.74	-4.10
496.80	71.68
496.87	-12.29
496.94	-65.54
497.00	-92.16
497.07	-57.34
497.13	-112.64
497.20	-32.77
497.27	-14.34
497.33	45.06
497.40	90.11
497.46	2.05
497.53	-61.44
497.60	-38.91
497.66	-26.62
497.73	-45.06
497.79	-47.10
497.86	-26.62
497.93	79.87
497.99	-10.24
498.06	-4.10
498.12	-71.68
498.19	-83.97
498.25	-112.64
498.32	-16.38
498.39	6.14
498.45	-51.20
498.52	-6.14
498.58	-2.05
498.65	-36.86
498.72	75.77
498.78	51.20
498.85	28.67
498.91	49.15
498.98	-20.48
499.04	12.29
499.11	24.58
499.18	-28.67
499.24	-34.82
499.31	-18.43
499.37	49.15
499.44	-8.19
499.50	63.49
499.57	-6.14
499.64	57.34
499.70	24.58
499.77	12.29
499.83	-30.72
499.90	2.05
499.96	10.24
500.03	-30.72
500.09	6.14
500.16	-24.58
500.23	28.67
500.29	-71.68
500.36	14.34
500.42	92.16
500.49	-10.24
500.55	126.97
500.62	-30.72
500.68	-32.77
500.75	71.68
500.82	57.34
500.88	79.87
500.95	-77.82
501.01	-32.77
501.08	69.63
501.14	-61.44
501.21	83.97
501.27	106.49
501.34	53.25
501.41	167.93
501.47	225.28
501.54	382.97
501.60	239.61
501.67	180.22
501.73	161.79
501.80	114.69
501.86	223.23
501.93	88.06
501.99	63.49
502.06	71.68
502.12	-2.05
502.19	110.59
502.26	-4.10
502.32	2.05
502.39	-18.43
502.45	45.06
502.52	-71.68
502.58	-40.96
502.65	53.25
502.71	-32.77
502.78	20.48
502.84	22.53
502.91	-67.58
502.97	96.25
503.04	18.43
503.10	69.63
503.17	8.19
503.23	-6.14
503.30	55.30
503.37	-47.10
503.43	2.05
503.50	36.86
503.56	-18.43
503.63	-2.05
503.69	79.87
503.76	28.67
503.82	2.05
503.89	-14.34
503.95	79.87
504.02	26.62
504.08	-106.49
504.15	34.82
504.21	65.54
504.28	28.67
504.34	20.48
504.41	2.05
504.47	-120.83
504.54	4.10
504.60	-8.19
504.67	-34.82
504.73	32.77
504.80	34.82
504.86	18.43
504.93	4.10
504.99	79.87
505.06	6.14
505.12	-34.82
505.19	-18.43
505.25	-6.14
505.32	47.10
505.38	71.68
505.45	55.30
505.51	-102.40
505.58	4.10
505.64	14.34
505.71	126.97
505.77	30.72
505.84	-47.10
505.90	-30.72
505.97	4.10
506.03	22.53
506.10	94.21
506.16	30.72
506.23	67.58
506.29	90.11
506.36	69.63
506.42	34.82
506.49	71.68
506.55	4.10
506.62	0.00
506.68	28.67
506.75	73.73
506.81	55.30
506.87	22.53
506.94	-12.29
507.00	-22.53
507.07	-20.48
507.13	38.91
507.20	-40.96
507.26	34.82
507.33	4.10
507.39	88.06
507.46	-47.10
507.52	-24.58
507.59	-10.24
507.65	30.72
507.72	40.96
507.78	-20.48
507.85	-4.10
507.91	38.91
507.97	81.92
508.04	-24.58
508.10	-14.34
508.17	88.06
508.23	83.97
508.30	-22.53
508.36	12.29
508.43	-8.19
508.49	10.24
508.56	86.01
508.62	-18.43
508.69	-104.45
508.75	88.06
508.81	45.06
508.88	-94.21
508.94	-92.16
509.01	-24.58
509.07	63.49
509.14	40.96
509.20	18.43
509.27	22.53
509.33	69.63
509.39	-63.49
509.46	-8.19
509.52	24.58
509.59	47.10
509.65	6.14
509.72	59.39
509.78	20.48
509.85	43.01
509.91	32.77
509.97	-28.67
510.04	12.29
510.10	12.29
510.17	18.43
510.23	6.14
510.30	30.72
510.36	38.91
510.42	28.67
510.49	-108.54
510.55	30.72
510.62	47.10
510.68	67.58
510.75	-38.91
510.81	114.69
510.88	-10.24
510.94	38.91
511.00	32.77
511.07	-61.44
511.13	-28.67
511.20	22.53
511.26	-83.97
511.32	-32.77
511.39	12.29
511.45	-51.20
511.52	-4.10
511.58	40.96
511.65	-34.82
511.71	26.62
511.77	-59.39
511.84	-63.49
511.90	-14.34
511.97	4.10
512.03	-16.38
512.09	-20.48
512.16	32.77
512.22	6.14
512.29	141.31
512.35	-63.49
512.42	51.20
512.48	43.01
512.54	24.58
512.61	-69.63
512.67	-18.43
512.74	-26.62
512.80	-2.05
512.86	-57.34
512.93	-32.77
512.99	63.49
513.06	-49.15
513.12	-4.10
513.18	-43.01
513.25	-53.25
513.31	-73.73
513.38	104.45
513.44	-22.53
513.50	149.50
513.57	-79.87
513.63	-49.15
513.69	79.87
513.76	20.48
513.82	90.11
513.89	10.24
513.95	-26.62
514.01	30.72
514.08	6.14
514.14	-16.38
514.21	40.96
514.27	-2.05
514.33	-12.29
514.40	-88.06
514.46	28.67
514.53	22.53
514.59	-18.43
514.65	79.87
514.72	-100.35
514.78	2.05
514.84	-28.67
514.91	65.54
514.97	135.17
515.04	-47.10
515.10	-34.82
515.16	-30.72
515.23	-28.67
515.29	26.62
515.35	-16.38
515.42	49.15
515.48	-102.40
515.54	-149.50
515.61	69.63
515.67	-10.24
515.74	10.24
515.80	0.00
515.86	63.49
515.93	-61.44
515.99	118.78
516.05	-38.91
516.12	104.45
516.18	47.10
516.24	47.10
516.31	-53.25
516.37	-45.06
516.44	92.16
516.50	-45.06
516.56	40.96
516.63	6.14
516.69	4.10
516.75	-18.43
516.82	55.30
516.88	-34.82
516.94	-4.10
517.01	-26.62
517.07	-30.72
517.13	-2.05
517.20	-108.54
517.26	16.38
517.32	16.38
517.39	-20.48
517.45	-14.34
517.52	-14.34
517.58	-14.34
517.64	96.25
517.71	53.25
517.77	-69.63
517.83	-110.59
517.90	-43.01
517.96	-43.01
518.02	-4.10
518.09	116.73
518.15	34.82
518.21	-38.91
518.28	98.30
518.34	-28.67
518.40	-16.38
518.47	43.01
518.53	63.49
518.59	30.72
518.66	28.67
518.72	-67.58
518.78	49.15
518.85	26.62
518.91	-83.97
518.97	-36.86
519.03	-12.29
519.10	53.25
519.16	0.00
519.22	14.34
519.29	-4.10
519.35	28.67
519.41	47.10
519.48	47.10
519.54	81.92
519.60	28.67
519.67	-6.14
519.73	55.30
519.79	61.44
519.86	-110.59
519.92	55.30
519.98	-131.07
520.05	-67.58
520.11	6.14
520.17	-49.15
520.23	71.68
520.30	-4.10
520.36	59.39
520.42	-53.25
520.49	-102.40
520.55	-45.06
520.61	-63.49
520.68	-30.72
520.74	24.58
520.80	-114.69
520.87	-24.58
520.93	71.68
520.99	8.19
521.05	98.30
521.12	-75.77
521.18	-43.01
521.24	-4.10
521.31	-30.72
521.37	-34.82
521.43	40.96
521.49	-6.14
521.56	-4.10
521.62	14.34
521.68	126.97
521.75	-18.43
521.81	-77.82
521.87	-26.62
521.93	24.58
522.00	-20.48
522.06	83.97
522.12	40.96
522.19	-49.15
522.25	38.91
522.31	22.53
522.37	4.10
522.44	-8.19
522.50	28.67
522.56	47.10
522.63	-34.82
522.69	-30.72
522.75	4.10
522.81	6.14
522.88	-61.44
522.94	20.48
523.00	-28.67
523.06	0.00
523.13	-116.73
523.19	8.19
523.25	36.86
523.32	-51.20
523.38	34.82
523.44	0.00
523.50	-49.15
523.57	108.54
523.63	-53.25
523.69	14.34
523.75	14.34
523.82	-16.38
523.88	-16.38
523.94	-65.53
524.00	-20.48
524.07	-83.97
524.13	36.86
524.19	36.86
524.25	-14.34
524.32	69.63
524.38	59.39
524.44	49.15
524.50	43.01
524.57	57.34
524.63	92.16
524.69	32.77
524.75	67.58
524.82	36.86
524.88	59.39
524.94	24.58
525.00	108.54
525.07	55.30
525.13	-63.49
525.19	-55.30
525.25	-30.72
525.32	38.91
525.38	-2.05
525.44	-26.62
525.50	-32.77
525.57	10.24
525.63	-53.25
525.69	-10.24
525.75	-18.43
525.82	-55.30
525.88	-49.15
525.94	-2.05
526.00	-55.30
526.07	-6.14
526.13	-2.05
526.19	12.29
526.25	26.62
526.31	61.44
526.38	22.53
526.44	47.10
526.50	57.34
526.56	14.34
526.63	124.93
526.69	53.25
526.75	-20.48
526.81	94.21
526.87	26.62
526.94	24.58
527.00	10.24
527.06	12.29
527.12	-65.54
527.19	22.53
527.25	-24.58
527.31	-98.30
527.37	-12.29
527.43	-14.34
527.50	83.97
527.56	45.06
527.62	-102.40
527.68	8.19
527.75	-49.15
527.81	77.82
527.87	6.14
527.93	49.15
527.99	-57.34
528.06	8.19
528.12	-40.96
528.18	-4.10
528.24	-61.44
528.30	-47.10
528.37	-88.06
528.43	94.21
528.49	65.53
528.55	-63.49
528.61	-4.10
528.68	8.19
528.74	32.77
528.80	51.20
528.86	-73.73
528.92	-69.63
528.99	-55.30
529.05	53.25
529.11	-43.01
529.17	-26.62
529.23	79.87
529.29	36.86
529.36	47.10
529.42	34.82
529.48	38.91
529.54	-45.06
529.60	-34.82
529.67	-67.58
529.73	24.58
529.79	-67.58
529.85	0.00
529.91	-43.01
529.98	45.06
530.04	16.38
530.10	45.06
530.16	131.07
530.22	20.48
530.28	-16.38
530.35	0.00
530.41	-49.15
530.47	38.91
530.53	-2.05
530.59	53.25
530.65	-18.43
530.72	-79.87
530.78	47.10
530.84	38.91
530.90	6.14
530.96	92.16
531.02	10.24
531.09	32.77
531.15	-40.96
531.21	36.86
531.27	-30.72
531.33	0.00
531.39	-104.45
531.46	28.67
531.52	-2.05
531.58	-90.11
531.64	-108.54
531.70	-47.10
531.76	32.77
531.83	14.34
531.89	28.67
531.95	-12.29
532.01	-24.58
532.07	-47.10
532.13	24.58
532.19	24.58
532.26	110.59
532.32	0.00
532.38	67.58
532.44	-102.40
532.50	-8.19
532.56	-24.58
532.63	40.96
532.69	24.58
532.75	-14.34
532.81	-14.34
532.87	-53.25
532.93	30.72
532.99	6.14
533.06	-47.10
533.12	90.11
533.18	-22.53
533.24	-8.19
533.30	26.62
533.36	59.39
533.42	20.48
533.48	-34.82
533.55	-122.88
533.61	-36.86
533.67	96.25
533.73	-14.34
533.79	-32.77
533.85	-40.96
533.91	-45.06
533.98	26.62
534.04	-61.44
534.10	-59.39
534.16	-65.54
534.22	-32.77
534.28	-12.29
534.34	18.43
534.40	-47.10
534.47	83.97
534.53	-6.14
534.59	8.19
534.65	8.19
534.71	-40.96
534.77	75.77
534.83	6.14
534.89	79.87
534.95	-49.15
535.02	2.05
535.08	-40.96
535.14	0.00
535.20	-18.43
535.26	-129.02
535.32	53.25
535.38	-6.14
535.44	-2.05
535.50	110.59
535.57	-43.01
535.63	45.06
535.69	0.00
535.75	36.86
535.81	-12.29
535.87	-34.82
535.93	4.10
535.99	67.58
536.05	-71.68
536.11	-22.53
536.18	-126.97
536.24	36.86
536.30	0.00
536.36	67.58
536.42	6.14
536.48	59.39
536.54	26.62
536.60	22.53
536.66	96.25
536.72	53.25
536.79	-51.20
536.85	0.00
536.91	-16.38
536.97	30.72
537.03	34.82
537.09	6.14
537.15	-100.35
537.21	-57.34
537.27	36.86
537.33	24.58
537.39	59.39
537.45	57.34
537.52	-6.14
537.58	-77.82
537.64	34.82
537.70	20.48
537.76	-55.30
537.82	-79.87
537.88	-65.54
537.94	-14.34
538.00	-12.29
538.06	26.62
538.12	-51.20
538.18	36.86
538.24	28.67
538.31	16.38
538.37	-73.73
538.43	0.00
538.49	-102.40
538.55	-75.77
538.61	71.68
538.67	112.64
538.73	-65.53
538.79	32.77
538.85	106.49
538.91	-55.30
538.97	-90.11
539.03	-32.77
539.09	63.49
539.15	6.14
539.21	-57.34
539.28	14.34
539.34	24.58
539.40	100.35
539.46	40.96
539.52	36.86
539.58	4.10
539.64	-18.43
539.70	-2.05
539.76	28.67
539.82	67.58
539.88	30.72
539.94	-86.01
540.00	38.91
540.06	71.68
540.12	-36.86
540.18	49.15
540.24	-6.14
540.30	61.44
540.36	20.48
540.42	96.25
540.49	-73.73
540.55	88.06
540.61	8.19
540.67	32.77
540.73	4.10
540.79	24.58
540.85	-30.72
540.91	-28.67
540.97	71.68
541.03	-2.05
541.09	-94.21
541.15	30.72
541.21	102.40
541.27	-55.30
541.33	-43.01
541.39	-147.45
541.45	10.24
541.51	4.10
541.57	-14.34
541.63	40.96
541.69	-2.05
541.75	14.34
541.81	24.58
541.87	28.67
541.93	12.29
541.99	49.15
542.05	-88.06
542.11	100.35
542.17	4.10
542.23	-92.16
542.29	-34.82
542.35	38.91
542.41	34.82
542.47	18.43
542.53	57.34
542.59	-71.68
542.65	59.39
542.71	28.67
542.77	53.25
542.83	-135.17
542.89	-61.44
542.95	-10.24
543.01	-47.10
543.07	-143.36
543.13	88.06
543.19	0.00
543.25	4.10
543.31	83.97
543.37	-71.68
543.43	151.55
543.49	49.15
543.55	-63.49
543.61	47.10
543.67	67.58
543.73	36.86
543.79	69.63
543.85	100.35
543.91	-32.77
543.97	-96.25
544.03	38.91
544.09	-26.62
544.15	63.49
544.21	-2.05
544.27	-12.29
544.33	45.06
544.39	-36.86
544.45	57.34
544.51	32.77
544.57	6.14
544.63	0.00
544.69	-20.48
544.75	-12.29
544.81	-10.24
544.87	-57.34
544.93	0.00
544.99	-49.15
545.05	94.21
545.11	-51.20
545.17	43.01
545.23	47.10
545.29	45.06
545.35	-14.34
545.41	92.16
545.47	10.24
545.53	43.01
545.59	2.05
545.65	71.68
545.71	-49.15
545.77	-38.91
545.83	10.24
545.89	71.68
545.95	53.25
546.01	65.54
546.07	-73.73
546.13	-6.14
546.19	57.34
546.25	36.86
546.31	71.68
546.37	20.48
546.42	45.06
546.48	47.10
546.54	2.05
546.60	-6.14
546.66	-51.20
546.72	26.62
546.78	24.58
546.84	-18.43
546.90	30.72
546.96	-79.87
547.02	-108.54
547.08	16.38
547.14	69.63
547.20	-12.29
547.26	-40.96
547.32	-32.77
547.38	18.43
547.44	-34.82
547.50	-30.72
547.56	-2.05
547.62	-63.49
547.67	-79.87
547.73	20.48
547.79	10.24
547.85	8.19
547.91	2.05
547.97	-16.38
548.03	34.82
548.09	32.77
548.15	67.58
548.21	-12.29
548.27	-14.34
548.33	114.69
548.39	57.34
548.45	-88.06
548.51	2.05
548.56	-45.06
548.62	-94.21
548.68	-10.24
548.74	98.30
548.80	53.25
548.86	32.77
548.92	-6.14
548.98	-10.24
549.04	-120.83
549.10	-20.48
549.16	-135.17
549.22	-8.19
549.28	-43.01
549.34	-71.68
549.39	-16.38
549.45	24.58
549.51	-53.25
549.57	110.59
549.63	-32.77
549.69	-59.39
549.75	49.15
549.81	28.67
549.87	-45.06
549.93	18.43
549.99	-61.44
550.04	-32.77
550.10	-10.24
550.16	180.22
550.22	18.43
550.28	2.05
550.34	124.93
550.40	47.10
550.46	63.49
550.52	14.34
550.58	-96.25
550.64	-36.86
550.69	-75.77
550.75	-34.82
550.81	24.58
550.87	-24.58
550.93	94.21
550.99	6.14
551.05	-22.53
551.11	-10.24
551.17	126.97
551.23	-8.19
551.28	-36.86
551.34	69.63
551.40	-51.20
551.46	-24.58
551.52	124.93
551.58	20.48
551.64	12.29
551.70	71.68
551.76	-122.88
551.81	22.53
551.87	-83.97
551.93	114.69
551.99	126.97
552.05	55.30
552.11	4.10
552.17	47.10
552.23	63.49
552.28	14.34
552.34	79.87
552.40	-22.53
552.46	-14.34
552.52	32.77
552.58	45.06
552.64	12.29
552.70	-65.53
552.75	36.86
552.81	75.77
552.87	26.62
552.93	40.96
552.99	-77.82
553.05	-10.24
553.11	-18.43
553.17	6.14
553.22	34.82
553.28	-30.72
553.34	-26.62
553.40	14.34
553.46	10.24
553.52	16.38
553.58	-32.77
553.63	59.39
553.69	18.43
553.75	-14.34
553.81	67.58
553.87	63.49
553.93	-83.97
553.99	-88.06
554.04	47.10
554.10	-6.14
554.16	-8.19
554.22	38.91
554.28	-40.96
554.34	-86.01
554.40	-59.39
554.45	32.77
554.51	22.53
554.57	-55.30
554.63	-6.14
554.69	38.91
554.75	-30.72
554.80	-2.05
554.86	8.19
554.92	-24.58
554.98	-45.06
555.04	114.69
555.10	12.29
555.16	40.96
555.21	-16.38
555.27	-12.29
555.33	69.63
555.39	-59.39
555.45	-2.05
555.51	59.39
555.56	69.63
555.62	-14.34
555.68	18.43
555.74	4.10
555.80	30.72
555.86	106.49
555.91	94.21
555.97	24.58
556.03	88.06
556.09	38.91
556.15	-24.58
556.20	10.24
556.26	-51.20
556.32	-77.82
556.38	92.16
556.44	32.77
556.50	57.34
556.55	69.63
556.61	120.83
556.67	-26.62
556.73	77.82
556.79	26.62
556.84	-34.82
556.90	75.77
556.96	6.14
557.02	67.58
557.08	-22.53
557.14	-30.72
557.19	47.10
557.25	28.67
557.31	-6.14
557.37	8.19
557.43	-34.82
557.48	-20.48
557.54	-49.15
557.60	-47.10
557.66	18.43
557.72	-14.34
557.77	2.05
557.83	-83.97
557.89	79.87
557.95	4.10
558.01	-69.63
558.06	55.30
558.12	2.05
558.18	-49.15
558.24	34.82
558.30	51.20
558.35	-100.35
558.41	26.62
558.47	-34.82
558.53	-6.14
558.59	-12.29
558.64	45.06
558.70	51.20
558.76	-10.24
558.82	-65.53
558.88	20.48
558.93	-8.19
558.99	88.06
559.05	61.44
559.11	-6.14
559.16	-63.49
559.22	43.01
559.28	118.78
559.34	45.06
559.40	-45.06
559.45	45.06
559.51	-43.01
559.57	83.97
559.63	73.73
559.68	40.96
559.74	-14.34
559.80	-102.40
559.86	71.68
559.92	79.87
559.97	34.82
560.03	8.19
560.09	-94.21
560.15	2.05
560.20	28.67
560.26	63.49
560.32	10.24
560.38	-45.06
560.43	-49.15
560.49	34.82
560.55	-18.43
560.61	81.92
560.66	18.43
560.72	-30.72
560.78	-36.86
560.84	-67.58
560.90	40.96
560.95	55.30
561.01	-4.10
561.07	4.10
561.13	30.72
561.18	-106.49
561.24	-51.20
561.30	22.53
561.36	55.30
561.41	-38.91
561.47	75.77
561.53	51.20
561.59	-34.82
561.64	-63.49
561.70	-16.38
561.76	-24.58
561.82	-57.34
561.87	-63.49
561.93	-4.10
561.99	88.06
562.05	-47.10
562.10	-88.06
562.16	-6.14
562.22	88.06
562.27	34.82
562.33	75.77
562.39	24.58
562.45	18.43
562.50	24.58
562.56	0.00
562.62	20.48
562.68	14.34
562.73	79.87
562.79	51.20
562.85	-67.58
562.91	-79.87
562.96	40.96
563.02	-20.48
563.08	-6.14
563.13	-53.25
563.19	2.05
563.25	-45.06
563.31	-8.19
563.36	6.14
563.42	-77.82
563.48	-10.24
563.53	-114.69
563.59	-34.82
563.65	-47.10
563.71	-6.14
563.76	-40.96
563.82	8.19
563.88	81.92
563.94	0.00
563.99	-36.86
564.05	-47.10
564.11	-36.86
564.16	4.10
564.22	-2.05
564.28	59.39
564.33	-16.38
564.39	-106.49
564.45	20.48
564.51	0.00
564.56	26.62
564.62	-51.20
564.68	34.82
564.73	-38.91
564.79	-18.43
564.85	-14.34
564.91	28.67
564.96	57.34
565.02	26.62
565.08	-38.91
565.13	-22.53
565.19	22.53
565.25	59.39
565.30	65.54
565.36	-55.30
565.42	90.11
565.47	57.34
565.53	-10.24
565.59	-20.48
565.65	61.44
565.70	-59.39
565.76	45.06
565.82	10.24
565.87	-32.77
565.93	49.15
565.99	-63.49
566.04	-122.88
566.10	-4.10
566.16	-90.11
566.21	-45.06
566.27	16.38
566.33	88.06
566.38	14.34
566.44	55.30
566.50	-79.87
566.55	53.25
566.61	49.15
566.67	40.96
566.73	8.19
566.78	36.86
566.84	65.53
566.90	-110.59
566.95	55.30
567.01	45.06
567.07	12.29
567.12	10.24
567.18	-53.25
567.24	-28.67
567.29	12.29
567.35	-83.97
567.41	24.58
567.46	24.58
567.52	34.82
567.58	-49.15
567.63	65.54
567.69	32.77
567.75	16.38
567.80	-30.72
567.86	-75.77
567.91	-104.45
567.97	53.25
568.03	77.82
568.08	77.82
568.14	65.53
568.20	32.77
568.25	28.67
568.31	94.21
568.37	2.05
568.42	16.38
568.48	20.48
568.54	-14.34
568.59	38.91
568.65	57.34
568.71	0.00
568.76	4.10
568.82	-55.30
568.88	-67.58
568.93	-24.58
568.99	-71.68
569.04	-43.01
569.10	-36.86
569.16	-6.14
569.21	-73.73
569.27	-59.39
569.33	36.86
569.38	45.06
569.44	-2.05
569.50	-12.29
569.55	61.44
569.61	28.67
569.66	45.06
569.72	-79.87
569.78	-24.58
569.83	-47.10
569.89	73.73
569.95	-26.62
570.00	2.05
570.06	-67.58
570.11	-102.40
570.17	-18.43
570.23	-20.48
570.28	-53.25
570.34	-77.82
570.40	14.34
570.45	71.68
570.51	4.10
570.56	-24.58
570.62	61.44
570.68	24.58
570.73	-79.87
570.79	53.25
570.85	14.34
570.90	81.92
570.96	28.67
571.01	20.48
571.07	73.73
571.13	45.06
571.18	-55.30
571.24	-6.14
571.29	43.01
571.35	0.00
571.41	43.01
571.46	-69.63
571.52	-40.96
571.57	81.92
571.63	-10.24
571.69	32.77
571.74	-6.14
571.80	40.96
571.85	-10.24
571.91	194.56
571.97	-2.05
572.02	43.01
572.08	14.34
572.13	43.01
572.19	-20.48
572.25	45.06
572.30	-24.58
572.36	22.53
572.41	24.58
572.47	0.00
572.53	-65.54
572.58	-2.05
572.64	-45.06
572.69	22.53
572.75	-14.34
572.80	4.10
572.86	-4.10
572.92	-12.29
572.97	-14.34
573.03	73.73
573.08	10.24
573.14	-30.72
573.20	88.06
573.25	-20.48
573.31	-24.58
573.36	14.34
573.42	-57.34
573.47	38.91
573.53	2.05
573.59	4.10
573.64	8.19
573.70	-32.77
573.75	-73.73
573.81	-49.15
573.86	-77.82
573.92	38.91
573.98	-110.59
574.03	-43.01
574.09	-100.35
574.14	73.73
574.20	-24.58
574.25	36.86
574.31	8.19
574.37	-53.25
574.42	67.58
574.48	10.24
574.53	65.54
574.59	-6.14
574.64	36.86
574.70	22.53
574.75	86.01
574.81	-149.50
574.87	14.34
574.92	14.34
574.98	-63.49
575.03	-67.58
575.09	-26.62
575.14	2.05
575.20	-51.20
575.25	-81.92
575.31	-20.48
575.37	-73.73
575.42	45.06
575.48	-6.14
575.53	16.38
575.59	14.34
575.64	-57.34
575.70	24.58
575.75	-73.73
575.81	-61.44
575.86	-14.34
575.92	-69.63
575.98	34.82
576.03	77.82
576.09	-40.96
576.14	-34.82
576.20	24.58
576.25	55.30
576.31	-28.67
576.36	-26.62
576.42	-36.86
576.47	4.10
576.53	8.19
576.58	-47.10
576.64	-20.48
576.69	83.97
576.75	86.01
576.81	20.48
576.86	-6.14
576.92	24.58
576.97	-12.29
577.03	4.10
577.08	61.44
577.14	86.01
577.19	73.73
577.25	-45.06
577.30	67.58
577.36	-43.01
577.41	-2.05
577.47	-8.19
577.52	-94.21
577.58	131.07
577.63	14.34
577.69	65.53
577.74	2.05
577.80	8.19
577.85	-88.06
577.91	-18.43
577.96	-67.58
578.02	10.24
578.07	34.82
578.13	69.63
578.18	14.34
578.24	-2.05
578.29	14.34
578.35	2.05
578.40	-40.96
578.46	55.30
578.51	22.53
578.57	63.49
578.62	-26.62
578.68	79.87
578.73	0.00
578.79	96.25
578.84	-12.29
578.90	122.88
578.95	92.16
579.01	-34.82
579.06	-16.38
579.12	61.44
579.17	-16.38
579.23	81.92
579.28	-104.45
579.34	59.39
579.39	4.10
579.45	20.48
579.50	-16.38
579.56	45.06
579.61	10.24
579.67	28.67
579.72	2.05
579.78	98.30
579.83	-30.72
579.89	53.25
579.94	12.29
580.00	-26.62
580.05	-10.24
580.11	4.10
580.16	30.72
580.22	-22.53
580.27	-51.20
580.32	-10.24
580.38	18.43
580.43	30.72
580.49	18.43
580.54	32.77
580.60	10.24
580.65	20.48
580.71	-141.31
580.76	-38.91
580.82	20.48
580.87	40.96
580.93	-79.87
580.98	-10.24
581.04	67.58
581.09	59.39
581.14	-92.16
581.20	114.69
581.25	2.05
581.31	110.59
581.36	-55.30
581.42	30.72
581.47	45.06
581.53	106.49
581.58	-6.14
581.64	18.43
581.69	4.10
581.75	73.73
581.80	-18.43
581.85	57.34
581.91	12.29
581.96	4.10
582.02	-40.96
582.07	-36.86
582.13	-28.67
582.18	12.29
582.24	26.62
582.29	-8.19
582.34	28.67
582.40	-28.67
582.45	-6.14
582.51	-92.16
582.56	28.67
582.62	94.21
582.67	10.24
582.73	0.00
582.78	4.10
582.83	-24.58
582.89	-6.14
582.94	20.48
583.00	32.77
583.05	12.29
583.11	-71.68
583.16	-73.73
583.21	-6.14
583.27	-24.58
583.32	-32.77
583.38	73.73
583.43	-10.24
583.49	10.24
583.54	43.01
583.59	-30.72
583.65	104.45
583.70	-14.34
583.76	14.34
583.81	129.02
583.87	-69.63
583.92	-6.14
583.97	-22.53
584.03	71.68
584.08	49.15
584.14	4.10
584.19	57.34
584.24	-28.67
584.30	-71.68
584.35	-55.30
584.41	-20.48
584.46	-53.25
584.52	-8.19
584.57	24.58
584.62	34.82
584.68	0.00
584.73	34.82
584.79	14.34
584.84	-6.14
584.89	14.34
584.95	55.30
585.00	34.82
585.06	-20.48
585.11	-57.34
585.16	153.60
585.22	2.05
585.27	36.86
585.33	63.49
585.38	-53.25
585.43	-69.63
585.49	-51.20
585.54	-18.43
585.60	-38.91
585.65	14.34
585.70	-53.25
585.76	38.91
585.81	4.10
585.87	-14.34
585.92	65.53
585.97	10.24
586.03	-77.82
586.08	20.48
586.13	-28.67
586.19	-34.82
586.24	4.10
586.30	-4.10
586.35	100.35
586.40	-6.14
586.46	-10.24
586.51	6.14
586.57	12.29
586.62	53.25
586.67	-28.67
586.73	81.92
586.78	14.34
586.83	32.77
586.89	-10.24
586.94	55.30
587.00	69.63
587.05	67.58
587.10	-47.10
587.16	28.67
587.21	-51.20
587.26	-53.25
587.32	73.73
587.37	696.31
587.42	2119.65
587.48	4360.13
587.53	7088.02
587.59	8804.22
587.64	11872.07
587.69	13731.63
587.75	11792.20
587.80	10643.29
587.85	11548.50
587.91	11511.63
587.96	7090.07
588.01	4110.27
588.07	2416.60
588.12	1898.47
588.17	1433.58
588.23	972.79
588.28	632.82
588.34	407.55
588.39	202.75
588.44	135.17
588.50	-30.72
588.55	53.25
588.60	73.73
588.66	163.84
588.71	-8.19
588.76	-20.48
588.82	-14.34
588.87	55.30
588.92	-36.86
588.98	98.30
589.03	-28.67
589.08	98.30
589.14	-20.48
589.19	-86.01
589.24	-16.38
589.30	49.15
589.35	-45.06
589.40	-49.15
589.46	-6.14
589.51	-20.48
589.56	38.91
589.62	-14.34
589.67	-20.48
589.72	63.49
589.78	57.34
589.83	-92.16
589.88	104.45
589.94	28.67
589.99	-32.77
590.04	43.01
590.10	86.01
590.15	16.38
590.20	-36.86
590.26	-16.38
590.31	53.25
590.36	-18.43
590.42	53.25
590.47	20.48
590.52	-16.38
590.58	-26.62
590.63	-20.48
590.68	51.20
590.74	30.72
590.79	83.97
590.84	112.64
590.89	-81.92
590.95	57.34
591.00	16.38
591.05	49.15
591.11	24.58
591.16	-79.87
591.21	-36.86
591.27	38.91
591.32	-2.05
591.37	-22.53
591.43	-16.38
591.48	-14.34
591.53	8.19
591.58	-18.43
591.64	79.87
591.69	-8.19
591.74	59.39
591.80	-40.96
591.85	43.01
591.90	20.48
591.96	-43.01
592.01	51.20
592.06	55.30
592.11	57.34
592.17	6.14
592.22	-8.19
592.27	43.01
592.33	30.72
592.38	-28.67
592.43	43.01
592.48	135.17
592.54	28.67
592.59	0.00
592.64	-57.34
592.70	-63.49
592.75	34.82
592.80	57.34
592.85	-10.24
592.91	2.05
592.96	79.87
593.01	-6.14
593.07	-151.55
593.12	55.30
593.17	-98.30
593.22	59.39
593.28	14.34
593.33	-45.06
593.38	-34.82
593.44	28.67
593.49	20.48
593.54	-38.91
593.59	-55.30
593.65	96.25
593.70	-14.34
593.75	-30.72
593.80	36.86
593.86	-40.96
593.91	-40.96
593.96	26.62
594.01	43.01
594.07	10.24
594.12	-4.10
594.17	-69.63
594.23	63.49
594.28	-47.10
594.33	-24.58
594.38	100.35
594.44	8.19
594.49	-14.34
594.54	-51.20
594.59	-32.77
594.65	104.45
594.70	79.87
594.75	14.34
594.80	-28.67
594.86	20.48
594.91	-51.20
594.96	26.62
595.01	57.34
595.07	-61.44
595.12	-43.01
595.17	-22.53
595.22	-43.01
595.28	20.48
595.33	-77.82
595.38	28.67
595.43	14.34
595.49	20.48
595.54	45.06
595.59	16.38
595.64	24.58
595.69	-61.44
595.75	-40.96
595.80	-20.48
595.85	53.25
595.90	-112.64
595.96	-83.97
596.01	61.44
596.06	-59.39
596.11	-12.29
596.17	-49.15
596.22	-53.25
596.27	-135.17
596.32	8.19
596.38	8.19
596.43	-30.72
596.48	-32.77
596.53	65.53
596.58	-16.38
596.64	-34.82
596.69	-8.19
596.74	16.38
596.79	22.53
596.85	8.19
596.90	71.68
596.95	-4.10
597.00	-10.24
597.05	-10.24
597.11	63.49
597.16	-51.20
597.21	67.58
597.26	-122.88
597.31	77.82
597.37	96.25
597.42	-34.82
597.47	-98.30
597.52	57.34
597.57	16.38
597.63	-43.01
597.68	22.53
597.73	-18.43
597.78	34.82
597.84	30.72
597.89	-12.29
597.94	88.06
597.99	30.72
598.04	-30.72
598.10	10.24
598.15	-16.38
598.20	69.63
598.25	43.01
598.30	-26.62
598.36	-51.20
598.41	-36.86
598.46	-47.10
598.51	32.77
598.56	73.73
598.61	-45.06
598.67	110.59
598.72	-102.40
598.77	22.53
598.82	24.58
598.87	24.58
598.93	-22.53
598.98	-12.29
599.03	-94.21
599.08	98.30
599.13	14.34
599.19	-34.82
599.24	-65.54
599.29	49.15
599.34	-55.30
599.39	16.38
599.44	124.93
599.50	20.48
599.55	-4.10
599.60	-79.87
599.65	-6.14
599.70	47.10
599.75	-45.06
599.81	16.38
599.86	-14.34
599.91	-65.53
599.96	-73.73
600.01	-30.72
600.07	-24.58
600.12	59.39
600.17	32.77
600.22	18.43
600.27	-22.53
600.32	-71.68
600.38	69.63
600.43	49.15
600.48	-28.67
600.53	-22.53
600.58	0.00
600.63	-18.43
600.68	-6.14
600.74	-6.14
600.79	-14.34
600.84	8.19
600.89	24.58
600.94	28.67
600.99	106.49
601.05	-67.58
601.10	53.25
601.15	-2.05
601.20	53.25
601.25	2.05
601.30	-24.58
601.35	-28.67
601.41	22.53
601.46	32.77
601.51	-34.82
601.56	-24.58
601.61	18.43
601.66	-12.29
601.71	16.38
601.77	65.53
601.82	53.25
601.87	-34.82
601.92	18.43
601.97	116.73
602.02	-55.30
602.07	26.62
602.13	24.58
602.18	12.29
602.23	26.62
602.28	57.34
602.33	0.00
602.38	-69.63
602.43	38.91
602.48	24.58
602.54	34.82
602.59	10.24
602.64	36.86
602.69	83.97
602.74	73.73
602.79	34.82
602.84	-38.91
602.89	77.82
602.95	94.21
603.00	-8.19
603.05	-71.68
603.10	51.20
603.15	12.29
603.20	-14.34
603.25	26.62
603.30	20.48
603.36	-67.58
603.41	10.24
603.46	43.01
603.51	-65.54
603.56	24.58
603.61	34.82
603.66	75.77
603.71	79.87
603.76	-40.96
603.82	0.00
603.87	6.14
603.92	34.82
603.97	-55.30
604.02	34.82
604.07	-30.72
604.12	-32.77
604.17	16.38
604.22	26.62
604.28	-38.91
604.33	88.06
604.38	-30.72
604.43	24.58
604.48	-16.38
604.53	-2.05
604.58	55.30
604.63	94.21
604.68	4.10
604.73	40.96
604.78	38.91
604.84	116.73
604.89	-36.86
604.94	43.01
604.99	-20.48
605.04	61.44
605.09	98.30
605.14	57.34
605.19	-6.14
605.24	-28.67
605.29	77.82
605.34	-77.82
605.40	-34.82
605.45	-43.01
605.50	40.96
605.55	47.10
605.60	-81.92
605.65	32.77
605.70	61.44
605.75	75.77
605.80	10.24
605.85	-51.20
605.90	98.30
605.95	36.86
606.00	-88.06
606.06	-4.10
606.11	-59.39
606.16	18.43
606.21	110.59
606.26	22.53
606.31	30.72
606.36	-2.05
606.41	16.38
606.46	4.10
606.51	-10.24
606.56	22.53
606.61	-28.67
606.66	2.05
606.71	-122.88
606.76	32.77
606.81	30.72
606.87	98.30
606.92	2.05
606.97	-102.40
607.02	86.01
607.07	26.62
607.12	-45.06
607.17	32.77
607.22	55.30
607.27	-6.14
607.32	-55.30
607.37	43.01
607.42	-90.11
607.47	-47.10
607.52	30.72
607.57	38.91
607.62	-22.53
607.67	71.68
607.72	-16.38
607.77	20.48
607.83	-40.96
607.88	-116.73
607.93	-30.72
607.98	-32.77
608.03	-28.67
608.08	61.44
608.13	69.63
608.18	14.34
608.23	24.58
608.28	6.14
608.33	-4.10
608.38	16.38
608.43	47.10
608.48	34.82
608.53	-30.72
608.58	-20.48
608.63	-118.78
608.68	43.01
608.73	34.82
608.78	61.44
608.83	51.20
608.88	0.00
608.93	40.96
608.98	32.77
609.03	-6.14
609.08	75.77
609.13	59.39
609.18	-24.58
609.23	-4.10
609.28	-14.34
609.33	26.62
609.38	71.68
609.43	34.82
609.48	34.82
609.53	-22.53
609.58	-2.05
609.63	4.10
609.69	102.40
609.74	28.67
609.79	49.15
609.84	61.44
609.89	63.49
609.94	-10.24
609.99	-18.43
610.04	-20.48
610.09	51.20
610.14	98.30
610.19	-20.48
610.24	77.82
610.29	18.43
610.34	-24.58
610.39	-8.19
610.44	83.97
610.49	6.14
610.54	-6.14
610.59	2.05
610.64	-69.63
610.69	83.97
610.74	18.43
610.79	59.39
610.84	18.43
610.89	43.01
610.94	-12.29
610.99	-6.14
611.04	83.97
611.09	-53.25
611.14	-139.26
611.18	112.64
611.23	-20.48
611.28	12.29
611.33	63.49
611.38	28.67
611.43	45.06
611.48	-71.68
611.53	77.82
611.58	45.06
611.63	34.82
611.68	73.73
611.73	-65.54
611.78	0.00
611.83	8.19
611.88	-90.11
611.93	-2.05
611.98	10.24
612.03	-18.43
612.08	102.40
612.13	12.29
612.18	-26.62
612.23	-108.54
612.28	-22.53
612.33	38.91
612.38	12.29
612.43	-12.29
612.48	34.82
612.53	126.97
612.58	24.58
612.63	65.53
612.68	14.34
612.73	-18.43
612.78	-81.92
612.83	-47.10
612.88	47.10
612.93	-6.14
612.97	-20.48
613.02	-49.15
613.07	102.40
613.12	-10.24
613.17	30.72
613.22	0.00
613.27	-61.44
613.32	65.53
613.37	-90.11
613.42	-55.30
613.47	69.63
613.52	40.96
613.57	106.49
613.62	-40.96
613.67	-18.43
613.72	-106.49
613.77	-10.24
613.82	26.62
613.87	129.02
613.92	92.16
613.96	-28.67
614.01	-81.92
614.06	-8.19
614.11	32.77
614.16	63.49
614.21	4.10
614.26	-4.10
614.31	-61.44
614.36	43.01
614.41	49.15
614.46	63.49
614.51	-63.49
614.56	57.34
614.61	-10.24
614.66	36.86
614.70	-43.01
614.75	-16.38
614.80	-120.83
614.85	14.34
614.90	-30.72
614.95	-14.34
615.00	69.63
615.05	-20.48
615.10	-24.58
615.15	77.82
615.20	14.34
615.25	-40.96
615.30	-83.97
615.34	77.82
615.39	-12.29
615.44	-4.10
615.49	16.38
615.54	8.19
615.59	28.67
615.64	38.91
615.69	-22.53
615.74	73.73
615.79	24.58
615.84	-100.35
615.89	63.49
615.93	32.77
615.98	30.72
616.03	118.78
616.08	6.14
616.13	-18.43
616.18	-38.91
616.23	81.92
616.28	-14.34
616.33	-120.83
616.38	38.91
616.42	-26.62
616.47	-67.58
616.52	20.48
616.57	61.44
616.62	-12.29
616.67	6.14
616.72	36.86
616.77	-57.34
616.82	49.15
616.87	2.05
616.91	-63.49
616.96	73.73
617.01	49.15
617.06	114.69
617.11	49.15
617.16	0.00
617.21	75.77
617.26	-24.58
617.31	45.06
617.35	43.01
617.40	-65.54
617.45	59.39
617.50	-24.58
617.55	63.49
617.60	77.82
617.65	-40.96
617.70	-51.20
617.74	32.77
617.79	-81.92
617.84	8.19
617.89	4.10
617.94	38.91
617.99	0.00
618.04	-22.53
618.09	-14.34
618.13	-22.53
618.18	6.14
618.23	98.30
618.28	-159.74
618.33	22.53
618.38	38.91
618.43	-28.67
618.48	-86.01
618.52	12.29
618.57	8.19
618.62	-47.10
618.67	4.10
618.72	69.63
618.77	-73.73
618.82	45.06
618.86	36.86
618.91	30.72
618.96	28.67
619.01	65.53
619.06	24.58
619.11	-94.21
619.16	-10.24
619.20	-28.67
619.25	61.44
619.30	-36.86
619.35	59.39
619.40	32.77
619.45	98.30
619.49	-83.97
619.54	43.01
619.59	43.01
619.64	169.98
619.69	-40.96
619.74	12.29
619.79	67.58
619.83	43.01
619.88	71.68
619.93	22.53
619.98	4.10
620.03	24.58
620.08	-61.44
620.12	-61.44
620.17	14.34
620.22	90.11
620.27	30.72
620.32	20.48
620.37	24.58
620.41	-18.43
620.46	36.86
620.51	18.43
620.56	-61.44
620.61	-12.29
620.66	-36.86
620.70	-24.58
620.75	12.29
620.80	65.53
620.85	92.16
620.90	-30.72
620.95	57.34
620.99	45.06
621.04	-57.34
621.09	-67.58
621.14	-26.62
621.19	-36.86
621.23	-12.29
621.28	55.30
621.33	14.34
621.38	-14.34
621.43	-114.69
621.48	8.19
621.52	16.38
621.57	55.30
621.62	63.49
621.67	112.64
621.72	-28.67
621.76	6.14
621.81	-45.06
621.86	-8.19
621.91	-71.68
621.96	43.01
622.00	-32.77
622.05	43.01
622.10	14.34
622.15	6.14
622.20	-10.24
622.24	86.01
622.29	45.06
622.34	112.64
622.39	65.54
622.44	88.06
622.48	102.40
622.53	108.54
622.58	-32.77
622.63	69.63
622.68	-65.53
622.72	-57.34
622.77	28.67
622.82	-49.15
622.87	-53.25
622.92	86.01
622.96	4.10
623.01	24.58
623.06	102.40
623.11	16.38
623.15	83.97
623.20	55.30
623.25	-34.82
623.30	59.39
623.35	10.24
623.39	-43.01
623.44	22.53
623.49	53.25
623.54	20.48
623.58	43.01
623.63	45.06
623.68	59.39
623.73	43.01
623.78	-20.48
623.82	73.73
623.87	16.38
623.92	4.10
623.97	28.67
624.01	-6.14
624.06	-114.69
624.11	-92.16
624.16	-38.91
624.21	51.20
624.25	10.24
624.30	-45.06
624.35	-43.01
624.40	20.48
624.44	-18.43
624.49	-71.68
624.54	-63.49
624.59	-8.19
624.63	34.82
624.68	-63.49
624.73	-57.34
624.78	-24.58
624.82	34.82
624.87	-4.10
624.92	4.10
624.97	-30.72
625.01	-6.14
625.06	-28.67
625.11	-59.39
625.16	-40.96
625.20	38.91
625.25	-114.69
625.30	77.82
625.35	-14.34
625.39	-16.38
625.44	51.20
625.49	14.34
625.54	-10.24
625.58	-10.24
625.63	-6.14
625.68	-59.39
625.73	40.96
625.77	-26.62
625.82	8.19
625.87	20.48
625.92	69.63
625.96	-43.01
626.01	57.34
626.06	-28.67
626.10	-26.62
626.15	-24.58
626.20	32.77
626.25	-63.49
626.29	49.15
626.34	75.77
626.39	-65.54
626.44	20.48
626.48	-61.44
626.53	-43.01
626.58	-10.24
626.62	30.72
626.67	34.82
626.72	20.48
626.77	81.92
626.81	96.25
626.86	38.91
626.91	-28.67
626.96	-2.05
627.00	-38.91
627.05	-4.10
627.10	-90.11
627.14	-26.62
627.19	102.40
627.24	-77.82
627.29	-40.96
627.33	43.01
627.38	22.53
627.43	43.01
627.47	20.48
627.52	-92.16
627.57	14.34
627.62	-45.06
627.66	12.29
627.71	57.34
627.76	6.14
627.80	14.34
627.85	67.58
627.90	-61.44
627.94	-4.10
627.99	75.77
628.04	-65.54
628.09	6.14
628.13	-12.29
628.18	-20.48
628.23	118.78
628.27	0.00
628.32	71.68
628.37	-10.24
628.41	4.10
628.46	32.77
628.51	-126.97
628.55	-22.53
628.60	-2.05
628.65	-45.06
628.70	55.30
628.74	-71.68
628.79	-24.58
628.84	104.45
628.88	18.43
628.93	86.01
628.98	14.34
629.02	30.72
629.07	100.35
629.12	-12.29
629.16	-57.34
629.21	-67.58
629.26	51.20
629.30	59.39
629.35	24.58
629.40	155.65
629.44	36.86
629.49	-18.43
629.54	-104.45
629.58	2.05
629.63	8.19
629.68	-30.72
629.72	-94.21
629.77	-69.63
629.82	26.62
629.86	49.15
629.91	-10.24
629.96	-32.77
630.00	43.01
630.05	116.73
630.10	-10.24
630.14	10.24
630.19	-49.15
630.24	-38.91
630.28	6.14
630.33	43.01
630.38	26.62
630.42	38.91
630.47	-51.20
630.52	10.24
630.56	-18.43
630.61	57.34
630.66	-4.10
630.70	96.25
630.75	116.73
630.80	20.48
630.84	-63.49
630.89	-40.96
630.94	30.72
630.98	22.53
631.03	-6.14
631.07	-12.29
631.12	12.29
631.17	133.12
631.21	-51.20
631.26	-94.21
631.31	-4.10
631.35	43.01
631.40	104.45
631.45	-10.24
631.49	-12.29
631.54	26.62
631.59	-6.14
631.63	-10.24
631.68	79.87
631.72	69.63
631.77	36.86
631.82	67.58
631.86	-51.20
631.91	6.14
631.96	53.25
632.00	-36.86
632.05	8.19
632.09	38.91
632.14	-4.10
632.19	8.19
632.23	-22.53
632.28	28.67
632.33	45.06
632.37	-2.05
632.42	57.34
632.46	49.15
632.51	24.58
632.56	-73.73
632.60	2.05
632.65	114.69
632.70	-28.67
632.74	-2.05
632.79	34.82
632.83	34.82
632.88	69.63
632.93	-43.01
632.97	8.19
633.02	43.01
633.06	2.05
633.11	40.96
633.16	-43.01
633.20	12.29
633.25	20.48
633.29	-63.49
633.34	8.19
633.39	32.77
633.43	-20.48
633.48	22.53
633.52	-57.34
633.57	-20.48
633.62	-73.73
633.66	6.14
633.71	-45.06
633.75	-2.05
633.80	-49.15
633.85	-10.24
633.89	-38.91
633.94	20.48
633.98	-8.19
634.03	51.20
634.08	59.39
634.12	-26.62
634.17	40.96
634.21	-36.86
634.26	22.53
634.31	22.53
634.35	-6.14
634.40	20.48
634.44	6.14
634.49	-90.11
634.54	100.35
634.58	12.29
634.63	8.19
634.67	47.10
634.72	-59.39
634.76	53.25
634.81	83.97
634.86	12.29
634.90	55.30
634.95	-34.82
634.99	-12.29
635.04	112.64
635.08	-6.14
635.13	-20.48
635.18	-28.67
635.22	67.58
635.27	88.06
635.31	-43.01
635.36	16.38
635.40	81.92
635.45	-49.15
635.50	47.10
635.54	86.01
635.59	67.58
635.63	-24.58
635.68	-6.14
635.72	-98.30
635.77	24.58
635.81	53.25
635.86	-120.83
635.91	-47.10
635.95	-36.86
636.00	28.67
636.04	116.73
636.09	116.73
636.13	43.01
636.18	-83.97
636.22	75.77
636.27	20.48
636.32	108.54
636.36	-77.82
636.41	-116.73
636.45	-30.72
636.50	28.67
636.54	10.24
636.59	6.14
636.63	-32.77
636.68	-18.43
636.73	-79.87
636.77	-57.34
636.82	-45.06
636.86	-55.30
636.91	79.87
636.95	-30.72
637.00	67.58
637.04	-75.77
637.09	-18.43
637.13	-12.29
637.18	-20.48
637.22	45.06
637.27	28.67
637.31	-75.77
637.36	-10.24
637.41	53.25
637.45	-34.82
637.50	18.43
637.54	-47.10
637.59	-10.24
637.63	-59.39
637.68	6.14
637.72	-40.96
637.77	24.58
637.81	-20.48
637.86	92.16
637.90	57.34
637.95	8.19
637.99	32.77
638.04	-36.86
638.08	-47.10
638.13	20.48
638.17	8.19
638.22	57.34
638.26	0.00
638.31	-61.44
638.35	30.72
638.40	12.29
638.45	98.30
638.49	-106.49
638.54	-59.39
638.58	16.38
638.63	16.38
638.67	10.24
638.72	-16.38
638.76	-4.10
638.81	-40.96
638.85	92.16
638.90	-59.39
638.94	22.53
638.99	47.10
639.03	-49.15
639.08	86.01
639.12	77.82
639.17	6.14
639.21	98.30
639.26	-2.05
639.30	-24.58
639.35	30.72
639.39	-100.35
639.44	59.39
639.48	77.82
639.53	-14.34
639.57	-14.34
639.62	30.72
639.66	-112.64
639.70	38.91
639.75	-6.14
639.79	-106.49
639.84	67.58
639.88	14.34
639.93	49.15
639.97	30.72
640.02	61.44
640.06	18.43
640.11	18.43
640.15	-24.58
640.20	-8.19
640.24	49.15
640.29	26.62
640.33	-12.29
640.38	67.58
640.42	-36.86
640.47	102.40
640.51	-86.01
640.56	26.62
640.60	-2.05
640.65	34.82
640.69	14.34
640.73	40.96
640.78	30.72
640.82	26.62
640.87	-61.44
640.91	55.30
640.96	67.58
641.00	59.39
641.05	-12.29
641.09	-12.29
641.14	-10.24
641.18	8.19
641.23	86.01
641.27	-63.49
641.32	-40.96
641.36	30.72
641.40	24.58
641.45	-63.49
641.49	-43.01
641.54	-49.15
641.58	49.15
641.63	30.72
641.67	108.54
641.72	16.38
641.76	16.38
641.80	-16.38
641.85	102.40
641.89	-83.97
641.94	-38.91
641.98	100.35
642.03	-16.38
642.07	-28.67
642.12	-12.29
642.16	-28.67
642.20	34.82
642.25	10.24
642.29	-8.19
642.34	8.19
642.38	-6.14
642.43	16.38
642.47	16.38
642.52	90.11
642.56	-36.86
642.60	-40.96
642.65	22.53
642.69	-47.10
642.74	86.01
642.78	14.34
642.83	-81.92
642.87	-51.20
642.91	-75.77
642.96	-18.43
643.00	98.30
643.05	-28.67
643.09	51.20
643.14	4.10
643.18	-81.92
643.22	26.62
643.27	-131.07
643.31	-32.77
643.36	-26.62
643.40	-67.58
643.45	-61.44
643.49	-47.10
643.53	-55.30
643.58	14.34
643.62	55.30
643.67	114.69
643.71	14.34
643.75	-14.34
643.80	8.19
643.84	26.62
643.89	-20.48
643.93	0.00
643.97	10.24
644.02	-4.10
644.06	40.96
644.11	90.11
644.15	-32.77
644.19	-69.63
644.24	-30.72
644.28	-98.30
644.33	-28.67
644.37	-40.96
644.42	59.39
644.46	47.10
644.50	-86.01
644.55	77.82
644.59	-92.16
644.63	26.62
644.68	-30.72
644.72	-24.58
644.77	-51.20
644.81	69.63
644.85	20.48
644.90	34.82
644.94	-55.30
644.99	2.05
645.03	114.69
645.07	96.25
645.12	14.34
645.16	-176.13
645.21	4.10
645.25	-20.48
645.29	-90.11
645.34	18.43
645.38	34.82
645.42	28.67
645.47	18.43
645.51	-67.58
645.56	73.73
645.60	-34.82
645.64	-67.58
645.69	-36.86
645.73	-65.53
645.77	-40.96
645.82	-49.15
645.86	16.38
645.91	20.48
645.95	83.97
645.99	129.02
646.04	-135.17
646.08	20.48
646.12	-49.15
646.17	-53.25
646.21	165.89
646.26	61.44
646.30	83.97
646.34	12.29
646.39	47.10
646.43	14.34
646.47	-38.91
646.52	104.45
646.56	51.20
646.60	49.15
646.65	-40.96
646.69	-47.10
646.73	26.62
646.78	-83.97
646.82	114.69
646.87	114.69
646.91	-12.29
646.95	4.10
647.00	-18.43
647.04	24.58
647.08	-30.72
647.13	-79.87
647.17	28.67
647.21	-8.19
647.26	51.20
647.30	45.06
647.34	49.15
647.39	65.53
647.43	-32.77
647.47	90.11
647.52	-59.39
647.56	47.10
647.60	-88.06
647.65	51.20
647.69	4.10
647.73	-12.29
647.78	116.73
647.82	-71.68
647.86	26.62
647.91	-12.29
647.95	4.10
647.99	4.10
648.04	-51.20
648.08	94.21
648.12	55.30
648.17	0.00
648.21	38.91
648.25	22.53
648.30	88.06
648.34	61.44
648.38	-71.68
648.43	36.86
648.47	14.34
648.51	-18.43
648.56	12.29
648.60	77.82
648.64	8.19
648.69	-118.78
648.73	-90.11
648.77	-51.20
648.82	45.06
648.86	86.01
648.90	49.15
648.95	75.77
648.99	-143.36
649.03	-10.24
649.07	40.96
649.12	-34.82
649.16	-40.96
649.20	106.49
649.25	-122.88
649.29	-26.62
649.33	88.06
649.38	-43.01
649.42	12.29
649.46	28.67
649.51	-43.01
649.55	22.53
649.59	61.44
649.63	-28.67
649.68	22.53
649.72	-32.77
649.76	6.14
649.81	32.77
649.85	-6.14
649.89	-4.10
649.93	20.48
649.98	16.38
650.02	59.39
650.06	57.34
650.11	92.16
650.15	-67.58
650.19	-38.91
650.24	16.38
650.28	65.54
650.32	40.96
650.36	12.29
650.41	18.43
650.45	-38.91
650.49	32.77
650.54	34.82
650.58	-38.91
650.62	22.53
650.66	-47.10
650.71	-73.73
650.75	63.49
650.79	16.38
650.83	-75.77
650.88	38.91
650.92	-118.78
650.96	36.86
651.01	-10.24
651.05	30.72
651.09	59.39
651.13	2.05
651.18	69.63
651.22	59.39
651.26	75.77
651.30	18.43
651.35	110.59
651.39	16.38
651.43	34.82
651.48	26.62
651.52	14.34
651.56	98.30
651.60	-24.58
651.65	-14.34
651.69	88.06
651.73	-92.16
651.77	10.24
651.82	-61.44
651.86	-14.34
651.90	30.72
651.94	-65.53
651.99	79.87
652.03	-16.38
652.07	-45.06
652.11	-14.34
652.16	102.40
652.20	47.10
652.24	8.19
652.28	-12.29
652.33	65.54
652.37	-61.44
652.41	53.25
652.45	-38.91
652.50	49.15
652.54	-20.48
652.58	-4.10
652.62	-10.24
652.67	53.25
652.71	0.00
652.75	22.53
652.79	-30.72
652.84	-98.30
652.88	2.05
652.92	24.58
652.96	104.45
653.00	20.48
653.05	12.29
653.09	4.10
653.13	-20.48
653.17	14.34
653.22	61.44
653.26	79.87
653.30	-67.58
653.34	108.54
653.39	-26.62
653.43	-94.21
653.47	-24.58
653.51	38.91
653.55	-6.14
653.60	18.43
653.64	-36.86
653.68	79.87
653.72	-14.34
653.77	-18.43
653.81	-18.43
653.85	-6.14
653.89	0.00
653.93	-20.48
653.98	65.54
654.02	-36.86
654.06	-151.55
654.10	47.10
654.14	-47.10
654.19	16.38
654.23	32.77
654.27	135.17
654.31	-4.10
654.35	-26.62
654.40	-61.44
654.44	40.96
654.48	10.24
654.52	-73.73
654.57	-16.38
654.61	-8.19
654.65	-12.29
654.69	133.12
654.73	-36.86
654.78	-43.01
654.82	-24.58
654.86	6.14
654.90	28.67
654.94	6.14
654.98	-8.19
655.03	-2.05
655.07	4.10
655.11	45.06
655.15	-8.19
655.19	8.19
655.24	38.91
655.28	57.34
655.32	-59.39
655.36	-28.67
655.40	77.82
655.45	10.24
655.49	0.00
655.53	59.39
655.57	14.34
655.61	133.12
655.65	6.14
655.70	-26.62
655.74	24.58
655.78	79.87
655.82	94.21
655.86	-12.29
655.91	30.72
655.95	-40.96
655.99	6.14
656.03	8.19
656.07	-32.77
656.11	69.63
656.16	71.68
656.20	88.06
656.24	34.82
656.28	45.06
656.32	57.34
656.36	-40.96
656.41	26.62
656.45	51.20
656.49	30.72
656.53	-24.58
656.57	20.48
656.61	4.10
656.66	-36.86
656.70	-32.77
656.74	4.10
656.78	-49.15
656.82	-18.43
656.86	116.73
656.91	22.53
656.95	59.39
656.99	-57.34
657.03	69.63
657.07	40.96
657.11	-6.14
657.15	43.01
657.20	22.53
657.24	51.20
657.28	34.82
657.32	18.43
657.36	14.34
657.40	-67.58
657.44	-59.39
657.49	-77.82
657.53	174.08
657.57	61.44
657.61	-36.86
657.65	-81.92
657.69	10.24
657.73	53.25
657.78	36.86
657.82	-57.34
657.86	4.10
657.90	69.63
657.94	34.82
657.98	43.01
658.02	49.15
658.07	38.91
658.11	2.05
658.15	49.15
658.19	4.10
658.23	59.39
658.27	34.82
658.31	71.68
658.35	-32.77
658.40	96.25
658.44	12.29
658.48	47.10
658.52	4.10
658.56	88.06
658.60	-32.77
658.64	14.34
658.68	2.05
658.73	16.38
658.77	-118.78
658.81	10.24
658.85	14.34
658.89	75.77
658.93	-14.34
658.97	110.59
659.01	-32.77
659.06	-2.05
659.10	6.14
659.14	22.53
659.18	-77.82
659.22	55.30
659.26	-6.14
659.30	-2.05
659.34	-98.30
659.38	-12.29
659.42	32.77
659.47	38.91
659.51	-26.62
659.55	51.20
659.59	-18.43
659.63	6.14
659.67	-106.49
659.71	14.34
659.75	18.43
659.79	32.77
659.83	28.67
659.88	-45.06
659.92	-73.73
659.96	-14.34
660.00	45.06
660.04	104.45
660.08	-49.15
660.12	-75.77
660.16	73.73
660.20	61.44
660.24	40.96
660.28	51.20
660.33	40.96
660.37	-55.30
660.41	-34.82
660.45	-83.97
660.49	6.14
660.53	-6.14
660.57	49.15
660.61	-10.24
660.65	40.96
660.69	53.25
660.73	-83.97
660.77	94.21
660.82	0.00
660.86	-38.91
660.90	-59.39
660.94	81.92
660.98	69.63
661.02	-24.58
661.06	2.05
661.10	-49.15
661.14	49.15
661.18	49.15
661.22	69.63
661.26	-30.72
661.30	6.14
661.34	51.20
661.39	-40.96
661.43	-8.19
661.47	0.00
661.51	18.43
661.55	-30.72
661.59	24.58
661.63	-6.14
661.67	18.43
661.71	30.72
661.75	51.20
661.79	-57.34
661.83	-38.91
661.87	-59.39
661.91	2.05
661.95	16.38
661.99	-61.44
662.03	71.68
662.08	-75.77
662.12	-4.10
662.16	-24.58
662.20	10.24
662.24	61.44
662.28	-8.19
662.32	32.77
662.36	-114.69
662.40	-43.01
662.44	141.31
662.48	-16.38
662.52	45.06
662.56	14.34
662.60	38.91
662.64	79.87
662.68	32.77
662.72	-20.48
662.76	18.43
662.80	-43.01
662.84	-79.87
662.88	-14.34
662.92	16.38
662.96	-26.62
663.00	-63.49
663.04	57.34
663.09	-65.53
663.13	34.82
663.17	26.62
663.21	-59.39
663.25	2.05
663.29	-10.24
663.33	-34.82
663.37	34.82
663.41	-22.53
663.45	-20.48
663.49	26.62
663.53	-14.34
663.57	49.15
663.61	-22.53
663.65	32.77
663.69	-88.06
663.73	-20.48
663.77	-14.34
663.81	10.24
663.85	-45.06
663.89	40.96
663.93	-12.29
663.97	-26.62
664.01	30.72
664.05	96.25
664.09	-36.86
664.13	-100.35
664.17	-67.58
664.21	-22.53
664.25	-18.43
664.29	-75.77
664.33	-30.72
664.37	28.67
664.41	22.53
664.45	22.53
664.49	124.93
664.53	51.20
664.57	71.68
664.61	-34.82
664.65	30.72
664.69	55.30
664.73	20.48
664.77	-65.53
664.81	2.05
664.85	57.34
664.89	32.77
664.93	-47.10
664.97	32.77
665.01	61.44
665.05	55.30
665.09	-49.15
665.13	-10.24
665.17	-4.10
665.21	-36.86
665.25	-36.86
665.29	114.69
665.33	47.10
665.37	57.34
665.41	47.10
665.45	-100.35
665.49	-4.10
665.53	49.15
665.57	-22.53
665.61	0.00
665.65	-28.67
665.69	75.77
665.73	-26.62
665.77	38.91
665.81	12.29
665.85	34.82
665.89	47.10
665.92	-43.01
665.96	94.21
666.00	16.38
666.04	-59.39
666.08	63.49
666.12	-20.48
666.16	-8.19
666.20	53.25
666.24	6.14
666.28	51.20
666.32	-18.43
666.36	-22.53
666.40	-24.58
666.44	28.67
666.48	-14.34
666.52	55.30
666.56	-30.72
666.60	-92.16
666.64	73.73
666.68	22.53
666.72	-28.67
666.76	14.34
666.80	-16.38
666.84	-53.25
666.88	-38.91
666.91	90.11
666.95	-108.54
666.99	73.73
667.03	12.29
667.07	-2.05
667.11	-22.53
667.15	194.56
667.19	-10.24
667.23	-20.48
667.27	47.10
667.31	43.01
667.35	-26.62
667.39	67.58
667.43	-22.53
667.47	180.22
667.51	40.96
667.55	81.92
667.58	36.86
667.62	-10.24
667.66	47.10
667.70	249.85
667.74	319.48
667.78	546.81
667.82	681.97
667.86	876.53
667.90	921.59
667.94	1038.32
667.98	1224.69
668.02	1605.61
668.06	1525.74
668.10	1222.64
668.13	876.53
668.17	833.52
668.21	925.68
668.25	1091.57
668.29	999.41
668.33	894.96
668.37	741.36
668.41	886.77
668.45	782.32
668.49	827.38
668.53	839.67
668.57	815.09
668.60	993.26
668.64	847.86
668.68	831.48
668.72	665.59
668.76	688.12
668.80	575.48
668.84	583.67
668.88	503.80
668.92	329.72
668.96	288.76
669.00	212.99
669.03	243.71
669.07	194.56
669.11	151.55
669.15	98.30
669.19	153.60
669.23	51.20
669.27	43.01
669.31	112.64
669.35	120.83
669.39	81.92
669.42	-18.43
669.46	-65.53
669.50	-53.25
669.54	-14.34
669.58	-8.19
669.62	90.11
669.66	26.62
669.70	51.20
669.74	108.54
669.78	-45.06
669.81	83.97
669.85	-2.05
669.89	131.07
669.93	30.72
669.97	61.44
670.01	-16.38
670.05	-10.24
670.09	-24.58
670.12	-30.72
670.16	92.16
670.20	10.24
670.24	12.29
670.28	59.39
670.32	36.86
670.36	69.63
670.40	-8.19
670.43	30.72
670.47	-65.54
670.51	-32.77
670.55	61.44
670.59	104.45
670.63	38.91
670.67	59.39
670.71	28.67
670.74	16.38
670.78	-86.01
670.82	38.91
670.86	-12.29
670.90	-51.20
670.94	-36.86
670.98	20.48
671.01	67.58
671.05	-88.06
671.09	38.91
671.13	16.38
671.17	108.54
671.21	-10.24
671.25	10.24
671.28	38.91
671.32	94.21
671.36	-36.86
671.40	47.10
671.44	116.73
671.48	16.38
671.52	43.01
671.55	137.21
671.59	16.38
671.63	-28.67
671.67	75.77
671.71	83.97
671.75	116.73
671.79	18.43
671.82	24.58
671.86	92.16
671.90	57.34
671.94	-24.58
