t   ch1 ch2
-5.995999999999999552e+00 7.599999999999999645e+00 0.000000000000000000e+00
-5.985999999999999766e+00 6.799999999999999822e+00 2.000000000000000111e-01
-5.975999999999999979e+00 7.599999999999999645e+00 4.000000000000000222e-01
-5.966000000000000192e+00 6.799999999999999822e+00 0.000000000000000000e+00
-5.955999999999999517e+00 7.599999999999999645e+00 0.000000000000000000e+00
-5.945999999999999730e+00 6.799999999999999822e+00 4.000000000000000222e-01
-5.935999999999999055e+00 6.799999999999999822e+00 0.000000000000000000e+00
-5.926000000000000156e+00 7.599999999999999645e+00 2.000000000000000111e-01
-5.915999999999999481e+00 7.599999999999999645e+00 4.000000000000000222e-01
-5.905999999999999694e+00 6.799999999999999822e+00 0.000000000000000000e+00
-5.895999999999999019e+00 7.599999999999999645e+00 0.000000000000000000e+00
-5.886000000000000121e+00 6.799999999999999822e+00 4.000000000000000222e-01
-5.875999999999999446e+00 7.599999999999999645e+00 0.000000000000000000e+00
-5.865999999999999659e+00 6.799999999999999822e+00 4.000000000000000222e-01
-5.855999999999998984e+00 6.799999999999999822e+00 0.000000000000000000e+00
-5.845999999999999197e+00 7.599999999999999645e+00 4.000000000000000222e-01
-5.835999999999999410e+00 6.799999999999999822e+00 0.000000000000000000e+00
-5.825999999999999623e+00 7.599999999999999645e+00 4.000000000000000222e-01
-5.815999999999999837e+00 7.599999999999999645e+00 0.000000000000000000e+00
-5.805999999999999162e+00 6.799999999999999822e+00 4.000000000000000222e-01
-5.796000000000000263e+00 7.599999999999999645e+00 0.000000000000000000e+00
-5.785999999999999588e+00 6.799999999999999822e+00 4.000000000000000222e-01
-5.775999999999999801e+00 7.599999999999999645e+00 0.000000000000000000e+00
-5.765999999999999126e+00 6.799999999999999822e+00 4.000000000000000222e-01
-5.756000000000000227e+00 6.799999999999999822e+00 0.000000000000000000e+00
-5.745999999999999552e+00 7.599999999999999645e+00 4.000000000000000222e-01
-5.735999999999999766e+00 6.799999999999999822e+00 0.000000000000000000e+00
-5.725999999999999091e+00 7.599999999999999645e+00 4.000000000000000222e-01
-5.715999999999999304e+00 7.599999999999999645e+00 0.000000000000000000e+00
-5.705999999999999517e+00 6.799999999999999822e+00 4.000000000000000222e-01
-5.695999999999999730e+00 7.599999999999999645e+00 0.000000000000000000e+00
-5.685999999999999055e+00 6.799999999999999822e+00 4.000000000000000222e-01
-5.675999999999999268e+00 7.599999999999999645e+00 0.000000000000000000e+00
-5.665999999999999481e+00 6.799999999999999822e+00 4.000000000000000222e-01
-5.655999999999999694e+00 6.799999999999999822e+00 0.000000000000000000e+00
-5.645999999999999908e+00 7.599999999999999645e+00 4.000000000000000222e-01
-5.635999999999999233e+00 6.799999999999999822e+00 0.000000000000000000e+00
-5.626000000000000334e+00 7.599999999999999645e+00 4.000000000000000222e-01
-5.615999999999999659e+00 7.599999999999999645e+00 0.000000000000000000e+00
-5.605999999999999872e+00 6.799999999999999822e+00 4.000000000000000222e-01
-5.595999999999999197e+00 7.599999999999999645e+00 4.000000000000000222e-01
-5.585999999999999410e+00 6.799999999999999822e+00 0.000000000000000000e+00
-5.575999999999999623e+00 7.599999999999999645e+00 0.000000000000000000e+00
-5.565999999999999837e+00 6.799999999999999822e+00 4.000000000000000222e-01
-5.555999999999999162e+00 7.599999999999999645e+00 0.000000000000000000e+00
-5.545999999999999375e+00 6.799999999999999822e+00 4.000000000000000222e-01
-5.535999999999999588e+00 6.799999999999999822e+00 0.000000000000000000e+00
-5.525999999999999801e+00 7.599999999999999645e+00 2.000000000000000111e-01
-5.515999999999999126e+00 7.599999999999999645e+00 0.000000000000000000e+00
-5.505999999999999339e+00 6.799999999999999822e+00 2.000000000000000111e-01
-5.495999999999999552e+00 7.599999999999999645e+00 0.000000000000000000e+00
-5.485999999999999766e+00 6.799999999999999822e+00 4.000000000000000222e-01
-5.475999999999999979e+00 7.599999999999999645e+00 0.000000000000000000e+00
-5.465999999999999304e+00 6.799999999999999822e+00 4.000000000000000222e-01
-5.455999999999999517e+00 7.599999999999999645e+00 2.000000000000000111e-01
-5.445999999999999730e+00 6.799999999999999822e+00 0.000000000000000000e+00
-5.435999999999999943e+00 6.799999999999999822e+00 0.000000000000000000e+00
-5.425999999999999268e+00 7.599999999999999645e+00 4.000000000000000222e-01
-5.415999999999999481e+00 7.599999999999999645e+00 0.000000000000000000e+00
-5.405999999999999694e+00 6.799999999999999822e+00 4.000000000000000222e-01
-5.395999999999999908e+00 7.599999999999999645e+00 0.000000000000000000e+00
-5.385999999999999233e+00 6.799999999999999822e+00 4.000000000000000222e-01
-5.375999999999999446e+00 7.599999999999999645e+00 0.000000000000000000e+00
-5.365999999999999659e+00 6.799999999999999822e+00 4.000000000000000222e-01
-5.355999999999999872e+00 6.799999999999999822e+00 0.000000000000000000e+00
-5.345999999999999197e+00 7.599999999999999645e+00 4.000000000000000222e-01
-5.335999999999999410e+00 6.799999999999999822e+00 0.000000000000000000e+00
-5.325999999999998735e+00 7.599999999999999645e+00 4.000000000000000222e-01
-5.315999999999999837e+00 6.799999999999999822e+00 0.000000000000000000e+00
-5.306000000000000050e+00 7.599999999999999645e+00 4.000000000000000222e-01
-5.295999999999999375e+00 6.799999999999999822e+00 0.000000000000000000e+00
-5.285999999999999588e+00 7.599999999999999645e+00 2.000000000000000111e-01
-5.275999999999999801e+00 7.599999999999999645e+00 0.000000000000000000e+00
-5.266000000000000014e+00 6.799999999999999822e+00 4.000000000000000222e-01
-5.255999999999999339e+00 6.799999999999999822e+00 0.000000000000000000e+00
-5.245999999999999552e+00 7.599999999999999645e+00 4.000000000000000222e-01
-5.235999999999999766e+00 6.799999999999999822e+00 0.000000000000000000e+00
-5.225999999999999979e+00 7.599999999999999645e+00 4.000000000000000222e-01
-5.215999999999999304e+00 6.799999999999999822e+00 0.000000000000000000e+00
-5.205999999999999517e+00 7.599999999999999645e+00 4.000000000000000222e-01
-5.195999999999998842e+00 7.599999999999999645e+00 0.000000000000000000e+00
-5.185999999999999943e+00 6.799999999999999822e+00 4.000000000000000222e-01
-5.175999999999999268e+00 7.599999999999999645e+00 0.000000000000000000e+00
-5.165999999999999481e+00 6.799999999999999822e+00 4.000000000000000222e-01
-5.155999999999998806e+00 6.799999999999999822e+00 0.000000000000000000e+00
-5.145999999999999908e+00 7.599999999999999645e+00 4.000000000000000222e-01
-5.136000000000000121e+00 7.599999999999999645e+00 0.000000000000000000e+00
-5.125999999999999446e+00 6.799999999999999822e+00 4.000000000000000222e-01
-5.115999999999999659e+00 6.799999999999999822e+00 0.000000000000000000e+00
-5.105999999999999872e+00 7.599999999999999645e+00 4.000000000000000222e-01
-5.096000000000000085e+00 6.799999999999999822e+00 0.000000000000000000e+00
-5.085999999999999410e+00 7.599999999999999645e+00 4.000000000000000222e-01
-5.075999999999999623e+00 7.599999999999999645e+00 0.000000000000000000e+00
-5.065999999999998948e+00 6.799999999999999822e+00 4.000000000000000222e-01
-5.056000000000000050e+00 6.799999999999999822e+00 4.000000000000000222e-01
-5.045999999999999375e+00 7.599999999999999645e+00 0.000000000000000000e+00
-5.035999999999999588e+00 6.799999999999999822e+00 0.000000000000000000e+00
-5.025999999999998913e+00 7.599999999999999645e+00 4.000000000000000222e-01
-5.016000000000000014e+00 7.599999999999999645e+00 0.000000000000000000e+00
-5.006000000000000227e+00 6.000000000000000000e+00 5.000000000000000000e+00
-4.995999999999999552e+00 6.799999999999999822e+00 4.000000000000000222e-01
-4.985999999999998877e+00 4.400000000000000355e+00 0.000000000000000000e+00
-4.975999999999999091e+00 4.400000000000000355e+00 4.000000000000000222e-01
-4.966000000000000192e+00 -1.600000000000000089e+00 0.000000000000000000e+00
-4.955999999999999517e+00 -1.199999999999999956e+00 0.000000000000000000e+00
-4.945999999999998842e+00 -1.040000000000000036e+01 4.000000000000000222e-01
-4.935999999999999055e+00 -1.000000000000000000e+01 0.000000000000000000e+00
-4.926000000000000156e+00 -1.640000000000000213e+01 4.000000000000000000e+00
-4.915999999999999481e+00 -1.600000000000000000e+01 1.000000000000000000e+00
-4.905999999999999694e+00 -1.800000000000000000e+01 0.000000000000000000e+00
-4.895999999999999019e+00 -1.760000000000000142e+01 0.000000000000000000e+00
-4.886000000000000121e+00 -1.359999999999999964e+01 4.000000000000000222e-01
-4.875999999999999446e+00 -1.440000000000000036e+01 4.000000000000000222e-01
-4.865999999999999659e+00 -1.000000000000000000e+01 0.000000000000000000e+00
-4.855999999999998984e+00 -1.040000000000000036e+01 2.000000000000000111e-01
-4.845999999999999197e+00 -6.400000000000000355e+00 0.000000000000000000e+00
-4.836000000000000298e+00 -6.799999999999999822e+00 0.000000000000000000e+00
-4.825999999999999623e+00 -4.000000000000000000e+00 4.000000000000000222e-01
-4.815999999999998948e+00 -4.400000000000000355e+00 0.000000000000000000e+00
-4.805999999999999162e+00 -1.600000000000000089e+00 2.000000000000000000e+00
-4.796000000000000263e+00 -2.000000000000000000e+00 7.200000000000000178e+00
-4.785999999999999588e+00 0.000000000000000000e+00 2.000000000000000111e-01
-4.775999999999998913e+00 -8.000000000000000444e-01 5.999999999999999778e-01
-4.765999999999999126e+00 1.600000000000000089e+00 0.000000000000000000e+00
-4.756000000000000227e+00 1.199999999999999956e+00 0.000000000000000000e+00
-4.745999999999999552e+00 2.799999999999999822e+00 4.000000000000000222e-01
-4.735999999999999766e+00 2.399999999999999911e+00 0.000000000000000000e+00
-4.725999999999999091e+00 3.600000000000000089e+00 4.000000000000000222e-01
-4.715999999999999304e+00 3.200000000000000178e+00 0.000000000000000000e+00
-4.705999999999999517e+00 4.799999999999999822e+00 4.000000000000000222e-01
-4.695999999999999730e+00 4.000000000000000000e+00 0.000000000000000000e+00
-4.685999999999999055e+00 5.200000000000000178e+00 4.000000000000000222e-01
-4.675999999999999268e+00 4.400000000000000355e+00 4.000000000000000222e-01
-4.666000000000000369e+00 5.599999999999999645e+00 0.000000000000000000e+00
-4.655999999999999694e+00 4.799999999999999822e+00 4.000000000000000222e-01
-4.645999999999999019e+00 6.000000000000000000e+00 0.000000000000000000e+00
-4.635999999999999233e+00 4.799999999999999822e+00 0.000000000000000000e+00
-4.626000000000000334e+00 6.000000000000000000e+00 4.000000000000000222e-01
-4.615999999999999659e+00 6.000000000000000000e+00 4.000000000000000222e-01
-4.605999999999998984e+00 4.799999999999999822e+00 0.000000000000000000e+00
-4.595999999999999197e+00 5.599999999999999645e+00 0.000000000000000000e+00
-4.585999999999999410e+00 6.400000000000000355e+00 4.000000000000000222e-01
-4.575999999999999623e+00 6.400000000000000355e+00 0.000000000000000000e+00
-4.565999999999999837e+00 5.599999999999999645e+00 4.000000000000000222e-01
-4.555999999999999162e+00 5.599999999999999645e+00 0.000000000000000000e+00
-4.545999999999999375e+00 6.400000000000000355e+00 4.000000000000000222e-01
-4.535999999999999588e+00 6.400000000000000355e+00 0.000000000000000000e+00
-4.525999999999999801e+00 5.599999999999999645e+00 4.000000000000000222e-01
-4.515999999999999126e+00 6.400000000000000355e+00 0.000000000000000000e+00
-4.505999999999999339e+00 5.599999999999999645e+00 4.000000000000000222e-01
-4.496000000000000441e+00 5.599999999999999645e+00 0.000000000000000000e+00
-4.485999999999999766e+00 6.400000000000000355e+00 4.000000000000000222e-01
-4.475999999999999091e+00 6.400000000000000355e+00 0.000000000000000000e+00
-4.465999999999999304e+00 5.599999999999999645e+00 4.000000000000000222e-01
-4.455999999999999517e+00 6.400000000000000355e+00 4.000000000000000222e-01
-4.445999999999999730e+00 5.599999999999999645e+00 0.000000000000000000e+00
-4.435999999999999055e+00 6.400000000000000355e+00 0.000000000000000000e+00
-4.425999999999999268e+00 5.599999999999999645e+00 4.000000000000000222e-01
-4.415999999999999481e+00 6.400000000000000355e+00 0.000000000000000000e+00
-4.405999999999999694e+00 5.599999999999999645e+00 4.000000000000000222e-01
-4.395999999999999908e+00 6.400000000000000355e+00 0.000000000000000000e+00
-4.385999999999999233e+00 5.599999999999999645e+00 4.000000000000000222e-01
-4.375999999999999446e+00 6.400000000000000355e+00 4.000000000000000222e-01
-4.365999999999999659e+00 5.599999999999999645e+00 0.000000000000000000e+00
-4.355999999999999872e+00 5.599999999999999645e+00 0.000000000000000000e+00
-4.345999999999999197e+00 6.400000000000000355e+00 4.000000000000000222e-01
-4.335999999999999410e+00 6.400000000000000355e+00 4.000000000000000222e-01
-4.325999999999999623e+00 5.599999999999999645e+00 0.000000000000000000e+00
-4.315999999999999837e+00 6.400000000000000355e+00 0.000000000000000000e+00
-4.305999999999999162e+00 5.599999999999999645e+00 4.000000000000000222e-01
-4.295999999999999375e+00 5.599999999999999645e+00 0.000000000000000000e+00
-4.285999999999999588e+00 6.799999999999999822e+00 4.000000000000000222e-01
-4.275999999999999801e+00 6.400000000000000355e+00 0.000000000000000000e+00
-4.265999999999999126e+00 5.599999999999999645e+00 4.000000000000000222e-01
-4.255999999999999339e+00 6.400000000000000355e+00 0.000000000000000000e+00
-4.245999999999999552e+00 5.599999999999999645e+00 4.000000000000000222e-01
-4.235999999999998877e+00 6.400000000000000355e+00 0.000000000000000000e+00
-4.225999999999999979e+00 5.599999999999999645e+00 4.000000000000000222e-01
-4.215999999999999304e+00 5.599999999999999645e+00 0.000000000000000000e+00
-4.205999999999999517e+00 6.400000000000000355e+00 4.000000000000000222e-01
-4.195999999999998842e+00 5.599999999999999645e+00 0.000000000000000000e+00
-4.185999999999999943e+00 6.400000000000000355e+00 4.000000000000000222e-01
-4.175999999999999268e+00 5.599999999999999645e+00 0.000000000000000000e+00
-4.165999999999999481e+00 6.400000000000000355e+00 4.000000000000000222e-01
-4.155999999999999694e+00 5.599999999999999645e+00 0.000000000000000000e+00
-4.145999999999999908e+00 6.799999999999999822e+00 4.000000000000000222e-01
-4.135999999999999233e+00 5.599999999999999645e+00 4.000000000000000222e-01
-4.125999999999999446e+00 6.400000000000000355e+00 0.000000000000000000e+00
-4.115999999999999659e+00 6.400000000000000355e+00 0.000000000000000000e+00
-4.105999999999998984e+00 5.599999999999999645e+00 4.000000000000000222e-01
-4.095999999999999197e+00 6.400000000000000355e+00 0.000000000000000000e+00
-4.085999999999999410e+00 5.599999999999999645e+00 4.000000000000000222e-01
-4.075999999999999623e+00 5.599999999999999645e+00 0.000000000000000000e+00
-4.065999999999998948e+00 6.400000000000000355e+00 4.000000000000000222e-01
-4.056000000000000050e+00 5.599999999999999645e+00 0.000000000000000000e+00
-4.045999999999999375e+00 6.400000000000000355e+00 4.000000000000000222e-01
-4.035999999999999588e+00 6.400000000000000355e+00 0.000000000000000000e+00
-4.025999999999999801e+00 5.599999999999999645e+00 4.000000000000000222e-01
-4.016000000000000014e+00 6.400000000000000355e+00 0.000000000000000000e+00
-4.005999999999999339e+00 5.599999999999999645e+00 4.000000000000000222e-01
-3.995999999999999552e+00 5.599999999999999645e+00 0.000000000000000000e+00
-3.985999999999999766e+00 6.400000000000000355e+00 4.000000000000000222e-01
-3.975999999999999535e+00 5.599999999999999645e+00 0.000000000000000000e+00
-3.965999999999998860e+00 6.400000000000000355e+00 4.000000000000000222e-01
-3.955999999999999517e+00 5.599999999999999645e+00 0.000000000000000000e+00
-3.945999999999999730e+00 6.400000000000000355e+00 4.000000000000000222e-01
-3.935999999999999499e+00 6.400000000000000355e+00 0.000000000000000000e+00
-3.925999999999998824e+00 5.599999999999999645e+00 4.000000000000000222e-01
-3.915999999999999481e+00 6.400000000000000355e+00 0.000000000000000000e+00
-3.905999999999999250e+00 5.599999999999999645e+00 4.000000000000000222e-01
-3.895999999999999464e+00 5.599999999999999645e+00 4.000000000000000222e-01
-3.885999999999999233e+00 6.400000000000000355e+00 0.000000000000000000e+00
-3.875999999999999446e+00 5.599999999999999645e+00 0.000000000000000000e+00
-3.865999999999999215e+00 6.400000000000000355e+00 4.000000000000000222e-01
-3.855999999999999428e+00 5.599999999999999645e+00 0.000000000000000000e+00
-3.845999999999999641e+00 6.400000000000000355e+00 4.000000000000000222e-01
-3.835999999999999410e+00 6.400000000000000355e+00 0.000000000000000000e+00
-3.825999999999999623e+00 5.599999999999999645e+00 4.000000000000000222e-01
-3.815999999999999392e+00 6.400000000000000355e+00 0.000000000000000000e+00
-3.805999999999999606e+00 5.599999999999999645e+00 4.000000000000000222e-01
-3.795999999999999375e+00 6.400000000000000355e+00 0.000000000000000000e+00
-3.785999999999999588e+00 5.599999999999999645e+00 2.000000000000000111e-01
-3.775999999999999357e+00 5.599999999999999645e+00 0.000000000000000000e+00
-3.765999999999999570e+00 6.400000000000000355e+00 4.000000000000000222e-01
-3.755999999999999339e+00 5.599999999999999645e+00 4.000000000000000222e-01
-3.745999999999999552e+00 6.400000000000000355e+00 0.000000000000000000e+00
-3.735999999999999321e+00 6.400000000000000355e+00 0.000000000000000000e+00
-3.725999999999999091e+00 5.200000000000000178e+00 4.000000000000000222e-01
-3.715999999999999304e+00 5.599999999999999645e+00 4.000000000000000222e-01
-3.705999999999999073e+00 6.400000000000000355e+00 -2.000000000000000111e-01
-3.695999999999999286e+00 5.599999999999999645e+00 0.000000000000000000e+00
-3.685999999999999499e+00 6.400000000000000355e+00 2.000000000000000111e-01
-3.675999999999999712e+00 6.400000000000000355e+00 0.000000000000000000e+00
-3.665999999999999481e+00 5.200000000000000178e+00 4.000000000000000222e-01
-3.655999999999999694e+00 5.599999999999999645e+00 4.000000000000000222e-01
-3.645999999999999464e+00 6.000000000000000000e+00 -2.000000000000000111e-01
-3.635999999999999677e+00 4.799999999999999822e+00 -2.000000000000000111e-01
-3.625999999999999446e+00 6.000000000000000000e+00 4.000000000000000222e-01
-3.615999999999999215e+00 6.000000000000000000e+00 -2.000000000000000111e-01
-3.605999999999999428e+00 4.799999999999999822e+00 4.000000000000000222e-01
-3.595999999999999197e+00 6.000000000000000000e+00 0.000000000000000000e+00
-3.585999999999999410e+00 4.799999999999999822e+00 4.000000000000000222e-01
-3.575999999999999179e+00 4.799999999999999822e+00 0.000000000000000000e+00
-3.565999999999999392e+00 6.000000000000000000e+00 4.000000000000000222e-01
-3.555999999999999162e+00 4.799999999999999822e+00 4.000000000000000222e-01
-3.545999999999999375e+00 6.000000000000000000e+00 -2.000000000000000111e-01
-3.535999999999999144e+00 6.000000000000000000e+00 0.000000000000000000e+00
-3.525999999999999357e+00 4.799999999999999822e+00 2.000000000000000111e-01
-3.515999999999999570e+00 6.000000000000000000e+00 0.000000000000000000e+00
-3.505999999999999783e+00 4.799999999999999822e+00 4.000000000000000222e-01
-3.495999999999999552e+00 4.799999999999999822e+00 0.000000000000000000e+00
-3.485999999999999321e+00 6.000000000000000000e+00 4.000000000000000222e-01
-3.475999999999999535e+00 4.799999999999999822e+00 0.000000000000000000e+00
-3.465999999999999304e+00 5.599999999999999645e+00 4.000000000000000222e-01
-3.455999999999999517e+00 6.000000000000000000e+00 4.000000000000000222e-01
-3.445999999999999286e+00 4.400000000000000355e+00 -2.000000000000000111e-01
-3.435999999999999499e+00 4.400000000000000355e+00 -2.000000000000000111e-01
-3.425999999999999268e+00 5.599999999999999645e+00 4.000000000000000222e-01
-3.415999999999999481e+00 4.400000000000000355e+00 0.000000000000000000e+00
-3.405999999999999250e+00 5.599999999999999645e+00 4.000000000000000222e-01
-3.395999999999999464e+00 5.200000000000000178e+00 0.000000000000000000e+00
-3.385999999999999233e+00 4.400000000000000355e+00 4.000000000000000222e-01
-3.375999999999999446e+00 5.200000000000000178e+00 0.000000000000000000e+00
-3.365999999999999215e+00 4.400000000000000355e+00 4.000000000000000222e-01
-3.355999999999998984e+00 4.400000000000000355e+00 0.000000000000000000e+00
-3.345999999999999641e+00 5.200000000000000178e+00 4.000000000000000222e-01
-3.335999999999999410e+00 5.200000000000000178e+00 0.000000000000000000e+00
-3.325999999999999623e+00 4.400000000000000355e+00 4.000000000000000222e-01
-3.315999999999999392e+00 4.400000000000000355e+00 0.000000000000000000e+00
-3.305999999999999606e+00 5.200000000000000178e+00 4.000000000000000222e-01
-3.295999999999999375e+00 5.200000000000000178e+00 0.000000000000000000e+00
-3.285999999999999588e+00 4.400000000000000355e+00 4.000000000000000222e-01
-3.275999999999999357e+00 3.600000000000000089e+00 0.000000000000000000e+00
-3.265999999999999570e+00 5.200000000000000178e+00 4.000000000000000222e-01
-3.255999999999999339e+00 4.400000000000000355e+00 0.000000000000000000e+00
-3.245999999999999108e+00 4.799999999999999822e+00 4.000000000000000222e-01
-3.235999999999999321e+00 4.799999999999999822e+00 0.000000000000000000e+00
-3.225999999999999091e+00 3.600000000000000089e+00 4.000000000000000222e-01
-3.215999999999999304e+00 4.799999999999999822e+00 0.000000000000000000e+00
-3.205999999999999073e+00 3.600000000000000089e+00 4.000000000000000222e-01
-3.195999999999999286e+00 3.600000000000000089e+00 0.000000000000000000e+00
-3.185999999999999055e+00 4.799999999999999822e+00 4.000000000000000222e-01
-3.175999999999999712e+00 4.799999999999999822e+00 0.000000000000000000e+00
-3.165999999999999481e+00 3.600000000000000089e+00 4.000000000000000222e-01
-3.155999999999999694e+00 4.799999999999999822e+00 0.000000000000000000e+00
-3.145999999999999464e+00 3.600000000000000089e+00 4.000000000000000222e-01
-3.135999999999999677e+00 3.600000000000000089e+00 0.000000000000000000e+00
-3.125999999999999446e+00 4.799999999999999822e+00 4.000000000000000222e-01
-3.115999999999999215e+00 4.000000000000000000e+00 0.000000000000000000e+00
-3.105999999999999428e+00 3.200000000000000178e+00 4.000000000000000222e-01
-3.095999999999999197e+00 4.000000000000000000e+00 0.000000000000000000e+00
-3.085999999999999410e+00 3.200000000000000178e+00 4.000000000000000222e-01
-3.075999999999999179e+00 4.000000000000000000e+00 0.000000000000000000e+00
-3.065999999999999392e+00 3.200000000000000178e+00 4.000000000000000222e-01
-3.055999999999999162e+00 4.000000000000000000e+00 0.000000000000000000e+00
-3.045999999999999375e+00 3.200000000000000178e+00 4.000000000000000222e-01
-3.035999999999999144e+00 4.000000000000000000e+00 0.000000000000000000e+00
-3.025999999999999357e+00 3.200000000000000178e+00 4.000000000000000222e-01
-3.015999999999999126e+00 3.200000000000000178e+00 0.000000000000000000e+00
-3.005999999999999339e+00 4.000000000000000000e+00 4.000000000000000222e-01
-2.995999999999999552e+00 3.200000000000000178e+00 0.000000000000000000e+00
-2.985999999999999321e+00 4.000000000000000000e+00 4.000000000000000222e-01
-2.975999999999999535e+00 3.600000000000000089e+00 0.000000000000000000e+00
-2.965999999999999304e+00 2.799999999999999822e+00 4.000000000000000222e-01
-2.955999999999999517e+00 3.600000000000000089e+00 0.000000000000000000e+00
-2.945999999999999286e+00 2.399999999999999911e+00 4.000000000000000222e-01
-2.935999999999999499e+00 3.600000000000000089e+00 0.000000000000000000e+00
-2.925999999999999268e+00 2.399999999999999911e+00 4.000000000000000222e-01
-2.915999999999999481e+00 3.600000000000000089e+00 0.000000000000000000e+00
-2.905999999999999250e+00 2.399999999999999911e+00 4.000000000000000222e-01
-2.895999999999999464e+00 2.399999999999999911e+00 0.000000000000000000e+00
-2.885999999999999233e+00 3.200000000000000178e+00 2.000000000000000111e-01
-2.875999999999999002e+00 2.399999999999999911e+00 0.000000000000000000e+00
-2.865999999999999215e+00 3.600000000000000089e+00 4.000000000000000222e-01
-2.855999999999998984e+00 2.799999999999999822e+00 4.000000000000000222e-01
-2.845999999999999197e+00 2.000000000000000000e+00 0.000000000000000000e+00
-2.835999999999999410e+00 2.799999999999999822e+00 0.000000000000000000e+00
-2.825999999999999623e+00 2.000000000000000000e+00 4.000000000000000222e-01
-2.815999999999999392e+00 2.799999999999999822e+00 0.000000000000000000e+00
-2.805999999999999606e+00 2.000000000000000000e+00 4.000000000000000222e-01
-2.795999999999999375e+00 2.000000000000000000e+00 4.000000000000000222e-01
-2.785999999999999588e+00 2.799999999999999822e+00 0.000000000000000000e+00
-2.775999999999999357e+00 2.399999999999999911e+00 0.000000000000000000e+00
-2.765999999999999570e+00 1.199999999999999956e+00 4.000000000000000222e-01
-2.755999999999999339e+00 2.399999999999999911e+00 0.000000000000000000e+00
-2.745999999999999108e+00 1.199999999999999956e+00 4.000000000000000222e-01
-2.735999999999999321e+00 2.399999999999999911e+00 0.000000000000000000e+00
-2.725999999999999091e+00 1.199999999999999956e+00 4.000000000000000222e-01
-2.715999999999999304e+00 2.399999999999999911e+00 0.000000000000000000e+00
-2.705999999999999073e+00 1.199999999999999956e+00 4.000000000000000222e-01
-2.695999999999999286e+00 1.199999999999999956e+00 0.000000000000000000e+00
-2.685999999999999055e+00 2.399999999999999911e+00 4.000000000000000222e-01
-2.675999999999999268e+00 2.399999999999999911e+00 0.000000000000000000e+00
-2.665999999999999481e+00 8.000000000000000444e-01 4.000000000000000222e-01
-2.655999999999999694e+00 1.600000000000000089e+00 0.000000000000000000e+00
-2.645999999999999464e+00 8.000000000000000444e-01 4.000000000000000222e-01
-2.635999999999999233e+00 1.600000000000000089e+00 0.000000000000000000e+00
-2.625999999999999446e+00 8.000000000000000444e-01 4.000000000000000222e-01
-2.615999999999999215e+00 1.600000000000000089e+00 0.000000000000000000e+00
-2.605999999999999428e+00 8.000000000000000444e-01 4.000000000000000222e-01
-2.595999999999999197e+00 1.600000000000000089e+00 0.000000000000000000e+00
-2.585999999999999410e+00 8.000000000000000444e-01 4.000000000000000222e-01
-2.575999999999999179e+00 8.000000000000000444e-01 0.000000000000000000e+00
-2.565999999999999392e+00 1.600000000000000089e+00 4.000000000000000222e-01
-2.555999999999999162e+00 8.000000000000000444e-01 0.000000000000000000e+00
-2.545999999999999375e+00 1.600000000000000089e+00 4.000000000000000222e-01
-2.535999999999999144e+00 8.000000000000000444e-01 4.000000000000000222e-01
-2.525999999999999357e+00 1.600000000000000089e+00 0.000000000000000000e+00
-2.515999999999999126e+00 8.000000000000000444e-01 0.000000000000000000e+00
-2.505999999999998895e+00 1.600000000000000089e+00 4.000000000000000222e-01
-2.495999999999999552e+00 1.199999999999999956e+00 4.000000000000000222e-01
-2.485999999999999321e+00 0.000000000000000000e+00 0.000000000000000000e+00
-2.475999999999999535e+00 1.199999999999999956e+00 0.000000000000000000e+00
-2.465999999999999304e+00 0.000000000000000000e+00 4.000000000000000222e-01
-2.455999999999999517e+00 1.199999999999999956e+00 0.000000000000000000e+00
-2.445999999999999286e+00 0.000000000000000000e+00 4.000000000000000222e-01
-2.435999999999999499e+00 1.199999999999999956e+00 0.000000000000000000e+00
-2.425999999999999268e+00 0.000000000000000000e+00 4.000000000000000222e-01
-2.415999999999999481e+00 4.000000000000000222e-01 0.000000000000000000e+00
-2.405999999999999250e+00 -4.000000000000000222e-01 4.000000000000000222e-01
-2.395999999999999464e+00 4.000000000000000222e-01 0.000000000000000000e+00
-2.385999999999999233e+00 -4.000000000000000222e-01 4.000000000000000222e-01
-2.375999999999999002e+00 -4.000000000000000222e-01 0.000000000000000000e+00
-2.365999999999999215e+00 4.000000000000000222e-01 4.000000000000000222e-01
-2.355999999999998984e+00 -4.000000000000000222e-01 0.000000000000000000e+00
-2.345999999999999197e+00 4.000000000000000222e-01 5.999999999999999778e-01
-2.335999999999998966e+00 0.000000000000000000e+00 4.000000000000000222e-01
-2.325999999999999623e+00 -8.000000000000000444e-01 0.000000000000000000e+00
-2.315999999999999392e+00 0.000000000000000000e+00 2.000000000000000111e-01
-2.305999999999999606e+00 -8.000000000000000444e-01 5.999999999999999778e-01
-2.295999999999999375e+00 0.000000000000000000e+00 8.000000000000000444e-01
-2.285999999999999588e+00 -8.000000000000000444e-01 2.000000000000000111e-01
-2.275999999999999357e+00 0.000000000000000000e+00 2.000000000000000111e-01
-2.265999999999999570e+00 -1.199999999999999956e+00 1.000000000000000000e+00
-2.255999999999999339e+00 -8.000000000000000444e-01 8.000000000000000444e-01
-2.245999999999999108e+00 -1.199999999999999956e+00 2.399999999999999911e+00
-2.235999999999999321e+00 -8.000000000000000444e-01 3.000000000000000000e+00
-2.225999999999999091e+00 -1.600000000000000089e+00 2.000000000000000000e+00
-2.215999999999999304e+00 -8.000000000000000444e-01 2.000000000000000000e+00
-2.205999999999999073e+00 -1.600000000000000089e+00 4.200000000000000178e+00
-2.195999999999999286e+00 -1.600000000000000089e+00 3.200000000000000178e+00
-2.185999999999999055e+00 -8.000000000000000444e-01 5.000000000000000000e+00
-2.175999999999999268e+00 -8.000000000000000444e-01 4.000000000000000000e+00
-2.165999999999999037e+00 -1.600000000000000089e+00 1.200000000000000000e+01
-2.155999999999999250e+00 -8.000000000000000444e-01 1.300000000000000000e+01
-2.145999999999999464e+00 -1.600000000000000089e+00 1.020000000000000107e+01
-2.135999999999999233e+00 -8.000000000000000444e-01 1.300000000000000000e+01
-2.125999999999999446e+00 -1.600000000000000089e+00 3.399999999999999911e+00
-2.115999999999999215e+00 -1.600000000000000089e+00 3.799999999999999822e+00
-2.105999999999999428e+00 -8.000000000000000444e-01 1.000000000000000000e+00
-2.095999999999999197e+00 -8.000000000000000444e-01 1.000000000000000000e+00
-2.085999999999999410e+00 -1.600000000000000089e+00 4.000000000000000222e-01
-2.075999999999998735e+00 -8.000000000000000444e-01 8.000000000000000444e-01
-2.065999999999999392e+00 -1.600000000000000089e+00 2.000000000000000111e-01
-2.055999999999999606e+00 -1.600000000000000089e+00 2.000000000000000111e-01
-2.045999999999999375e+00 -8.000000000000000444e-01 5.999999999999999778e-01
-2.035999999999999588e+00 -8.000000000000000444e-01 2.000000000000000111e-01
-2.025999999999999357e+00 -1.600000000000000089e+00 5.999999999999999778e-01
-2.015999999999999570e+00 -1.600000000000000089e+00 2.000000000000000111e-01
-2.005999999999998895e+00 -8.000000000000000444e-01 5.999999999999999778e-01
-1.995999999999999552e+00 -8.000000000000000444e-01 4.000000000000000222e-01
-1.985999999999999099e+00 -1.600000000000000089e+00 0.000000000000000000e+00
-1.975999999999999535e+00 -1.600000000000000089e+00 4.000000000000000222e-01
-1.965999999999999082e+00 -8.000000000000000444e-01 0.000000000000000000e+00
-1.955999999999999517e+00 -8.000000000000000444e-01 0.000000000000000000e+00
-1.945999999999998842e+00 -2.000000000000000000e+00 4.000000000000000222e-01
-1.935999999999999277e+00 -1.199999999999999956e+00 0.000000000000000000e+00
-1.925999999999998824e+00 -2.000000000000000000e+00 4.000000000000000222e-01
-1.915999999999999259e+00 -1.199999999999999956e+00 4.000000000000000222e-01
-1.905999999999998806e+00 -2.000000000000000000e+00 0.000000000000000000e+00
-1.895999999999999241e+00 -1.199999999999999956e+00 0.000000000000000000e+00
-1.885999999999999677e+00 -2.000000000000000000e+00 4.000000000000000222e-01
-1.875999999999999224e+00 -2.000000000000000000e+00 0.000000000000000000e+00
-1.865999999999999659e+00 -1.199999999999999956e+00 4.000000000000000222e-01
-1.855999999999999206e+00 -2.000000000000000000e+00 4.000000000000000222e-01
-1.845999999999999641e+00 -1.199999999999999956e+00 0.000000000000000000e+00
-1.835999999999999188e+00 -1.600000000000000089e+00 4.000000000000000222e-01
-1.825999999999999401e+00 -2.799999999999999822e+00 0.000000000000000000e+00
-1.815999999999998948e+00 -2.799999999999999822e+00 0.000000000000000000e+00
-1.805999999999999384e+00 -2.000000000000000000e+00 4.000000000000000222e-01
-1.795999999999998931e+00 -2.799999999999999822e+00 0.000000000000000000e+00
-1.785999999999999366e+00 -1.600000000000000089e+00 4.000000000000000222e-01
-1.775999999999998913e+00 -1.600000000000000089e+00 0.000000000000000000e+00
-1.765999999999999348e+00 -2.799999999999999822e+00 4.000000000000000222e-01
-1.755999999999998895e+00 -2.000000000000000000e+00 4.000000000000000222e-01
-1.745999999999999330e+00 -2.799999999999999822e+00 0.000000000000000000e+00
-1.735999999999998877e+00 -2.799999999999999822e+00 4.000000000000000222e-01
-1.725999999999999313e+00 -2.000000000000000000e+00 0.000000000000000000e+00
-1.715999999999999748e+00 -2.399999999999999911e+00 0.000000000000000000e+00
-1.705999999999999073e+00 -3.200000000000000178e+00 4.000000000000000222e-01
-1.695999999999999508e+00 -2.399999999999999911e+00 0.000000000000000000e+00
-1.685999999999999055e+00 -3.200000000000000178e+00 4.000000000000000222e-01
-1.675999999999999490e+00 -2.399999999999999911e+00 0.000000000000000000e+00
-1.665999999999999037e+00 -3.200000000000000178e+00 4.000000000000000222e-01
-1.655999999999999472e+00 -3.200000000000000178e+00 0.000000000000000000e+00
-1.645999999999999019e+00 -2.399999999999999911e+00 4.000000000000000222e-01
-1.635999999999999455e+00 -2.799999999999999822e+00 0.000000000000000000e+00
-1.625999999999999002e+00 -4.000000000000000000e+00 4.000000000000000222e-01
-1.615999999999999437e+00 -2.799999999999999822e+00 4.000000000000000222e-01
-1.605999999999998984e+00 -4.000000000000000000e+00 0.000000000000000000e+00
-1.595999999999999419e+00 -4.000000000000000000e+00 0.000000000000000000e+00
-1.585999999999998966e+00 -2.799999999999999822e+00 4.000000000000000222e-01
-1.575999999999999179e+00 -2.799999999999999822e+00 0.000000000000000000e+00
-1.565999999999998726e+00 -4.400000000000000355e+00 4.000000000000000222e-01
-1.555999999999999162e+00 -2.799999999999999822e+00 0.000000000000000000e+00
-1.545999999999999597e+00 -4.400000000000000355e+00 4.000000000000000222e-01
-1.535999999999999144e+00 -4.000000000000000000e+00 0.000000000000000000e+00
-1.525999999999999579e+00 -2.799999999999999822e+00 4.000000000000000222e-01
-1.515999999999999126e+00 -4.000000000000000000e+00 0.000000000000000000e+00
-1.505999999999999561e+00 -2.799999999999999822e+00 4.000000000000000222e-01
-1.495999999999999108e+00 -4.000000000000000000e+00 4.000000000000000222e-01
-1.485999999999999543e+00 -2.799999999999999822e+00 -2.000000000000000111e-01
-1.475999999999999091e+00 -4.000000000000000000e+00 0.000000000000000000e+00
-1.465999999999999526e+00 -2.799999999999999822e+00 4.000000000000000222e-01
-1.455999999999999073e+00 -4.000000000000000000e+00 0.000000000000000000e+00
-1.445999999999999286e+00 -3.200000000000000178e+00 2.000000000000000111e-01
-1.435999999999998833e+00 -4.000000000000000000e+00 0.000000000000000000e+00
-1.425999999999999268e+00 -3.200000000000000178e+00 2.000000000000000111e-01
-1.415999999999998815e+00 -4.000000000000000000e+00 4.000000000000000222e-01
-1.405999999999999250e+00 -3.600000000000000089e+00 -2.000000000000000111e-01
-1.395999999999998797e+00 -4.000000000000000000e+00 0.000000000000000000e+00
-1.385999999999999233e+00 -2.799999999999999822e+00 4.000000000000000222e-01
-1.375999999999999668e+00 -4.000000000000000000e+00 0.000000000000000000e+00
-1.365999999999999215e+00 -3.200000000000000178e+00 4.000000000000000222e-01
-1.355999999999999650e+00 -4.000000000000000000e+00 0.000000000000000000e+00
-1.345999999999999197e+00 -3.600000000000000089e+00 4.000000000000000222e-01
-1.335999999999999410e+00 -3.600000000000000089e+00 0.000000000000000000e+00
-1.325999999999998957e+00 -4.400000000000000355e+00 2.000000000000000111e-01
-1.315999999999999392e+00 -3.600000000000000089e+00 0.000000000000000000e+00
-1.305999999999998940e+00 -4.400000000000000355e+00 4.000000000000000222e-01
-1.295999999999999375e+00 -3.600000000000000089e+00 0.000000000000000000e+00
-1.285999999999998922e+00 -4.400000000000000355e+00 4.000000000000000222e-01
-1.275999999999999357e+00 -3.600000000000000089e+00 0.000000000000000000e+00
-1.265999999999998904e+00 -4.400000000000000355e+00 4.000000000000000222e-01
-1.255999999999999339e+00 -3.600000000000000089e+00 0.000000000000000000e+00
-1.245999999999998886e+00 -4.400000000000000355e+00 4.000000000000000222e-01
-1.235999999999999321e+00 -3.600000000000000089e+00 0.000000000000000000e+00
-1.225999999999998868e+00 -4.400000000000000355e+00 4.000000000000000222e-01
-1.215999999999999304e+00 -3.600000000000000089e+00 0.000000000000000000e+00
-1.205999999999999517e+00 -4.400000000000000355e+00 4.000000000000000222e-01
-1.195999999999999064e+00 -4.400000000000000355e+00 0.000000000000000000e+00
-1.185999999999999499e+00 -3.600000000000000089e+00 4.000000000000000222e-01
-1.175999999999999046e+00 -4.400000000000000355e+00 0.000000000000000000e+00
-1.165999999999999481e+00 -3.600000000000000089e+00 4.000000000000000222e-01
-1.155999999999999028e+00 -3.600000000000000089e+00 0.000000000000000000e+00
-1.145999999999999464e+00 -5.200000000000000178e+00 4.000000000000000222e-01
-1.135999999999999011e+00 -4.000000000000000000e+00 0.000000000000000000e+00
-1.125999999999999446e+00 -4.799999999999999822e+00 4.000000000000000222e-01
-1.115999999999998993e+00 -5.200000000000000178e+00 2.000000000000000111e-01
-1.105999999999999428e+00 -4.000000000000000000e+00 0.000000000000000000e+00
-1.095999999999998975e+00 -5.200000000000000178e+00 0.000000000000000000e+00
-1.085999999999999188e+00 -4.000000000000000000e+00 2.000000000000000111e-01
-1.075999999999998735e+00 -5.200000000000000178e+00 0.000000000000000000e+00
-1.065999999999999170e+00 -4.000000000000000000e+00 4.000000000000000222e-01
-1.055999999999998717e+00 -4.000000000000000000e+00 0.000000000000000000e+00
-1.045999999999999153e+00 -5.599999999999999645e+00 4.000000000000000222e-01
-1.035999999999999588e+00 -4.799999999999999822e+00 0.000000000000000000e+00
-1.025999999999999135e+00 -5.599999999999999645e+00 4.000000000000000222e-01
-1.015999999999999570e+00 -5.599999999999999645e+00 2.000000000000000111e-01
-1.005999999999999117e+00 -4.799999999999999822e+00 -2.000000000000000111e-01
-9.959999999999994413e-01 -4.799999999999999822e+00 0.000000000000000000e+00
-9.859999999999989884e-01 -5.599999999999999645e+00 4.000000000000000222e-01
-9.759999999999994236e-01 -4.799999999999999822e+00 0.000000000000000000e+00
-9.659999999999989706e-01 -5.599999999999999645e+00 4.000000000000000222e-01
-9.559999999999994058e-01 -5.200000000000000178e+00 0.000000000000000000e+00
-9.459999999999989528e-01 -5.599999999999999645e+00 4.000000000000000222e-01
-9.359999999999992770e-01 -5.200000000000000178e+00 0.000000000000000000e+00
-9.259999999999988241e-01 -6.400000000000000355e+00 4.000000000000000222e-01
-9.159999999999992593e-01 -6.400000000000000355e+00 0.000000000000000000e+00
-9.059999999999988063e-01 -5.200000000000000178e+00 4.000000000000000222e-01
-8.959999999999992415e-01 -5.200000000000000178e+00 0.000000000000000000e+00
-8.859999999999987885e-01 -6.000000000000000000e+00 4.000000000000000222e-01
-8.759999999999992237e-01 -5.200000000000000178e+00 0.000000000000000000e+00
-8.659999999999995479e-01 -6.000000000000000000e+00 4.000000000000000222e-01
-8.559999999999990949e-01 -5.200000000000000178e+00 0.000000000000000000e+00
-8.459999999999995302e-01 -6.400000000000000355e+00 4.000000000000000222e-01
-8.359999999999990772e-01 -5.200000000000000178e+00 4.000000000000000222e-01
-8.259999999999995124e-01 -6.799999999999999822e+00 0.000000000000000000e+00
-8.159999999999990594e-01 -6.000000000000000000e+00 4.000000000000000222e-01
-8.059999999999993836e-01 -6.799999999999999822e+00 0.000000000000000000e+00
-7.959999999999989306e-01 -6.000000000000000000e+00 0.000000000000000000e+00
-7.859999999999993658e-01 -7.200000000000000178e+00 4.000000000000000222e-01
-7.759999999999989129e-01 -6.400000000000000355e+00 0.000000000000000000e+00
-7.659999999999993481e-01 -7.599999999999999645e+00 4.000000000000000222e-01
-7.559999999999988951e-01 -6.400000000000000355e+00 4.000000000000000222e-01
-7.459999999999992193e-01 -7.599999999999999645e+00 0.000000000000000000e+00
-7.359999999999987663e-01 -7.200000000000000178e+00 0.000000000000000000e+00
-7.259999999999992015e-01 -8.000000000000000000e+00 4.000000000000000222e-01
-7.159999999999987486e-01 -7.200000000000000178e+00 4.000000000000000222e-01
-7.059999999999991838e-01 -8.000000000000000000e+00 0.000000000000000000e+00
-6.959999999999996190e-01 -7.200000000000000178e+00 0.000000000000000000e+00
-6.859999999999990550e-01 -8.000000000000000000e+00 4.000000000000000222e-01
-6.759999999999994902e-01 -7.200000000000000178e+00 0.000000000000000000e+00
-6.659999999999990372e-01 -8.000000000000000000e+00 4.000000000000000222e-01
-6.559999999999994724e-01 -7.200000000000000178e+00 0.000000000000000000e+00
-6.459999999999990195e-01 -8.000000000000000000e+00 4.000000000000000222e-01
-6.359999999999994547e-01 -7.200000000000000178e+00 0.000000000000000000e+00
-6.259999999999990017e-01 -8.000000000000000000e+00 4.000000000000000222e-01
-6.159999999999993259e-01 -8.000000000000000000e+00 0.000000000000000000e+00
-6.059999999999988729e-01 -7.200000000000000178e+00 4.000000000000000222e-01
-5.959999999999993081e-01 -8.000000000000000000e+00 0.000000000000000000e+00
-5.859999999999988551e-01 -7.200000000000000178e+00 4.000000000000000222e-01
-5.759999999999992903e-01 -7.599999999999999645e+00 0.000000000000000000e+00
-5.659999999999988374e-01 -8.400000000000000355e+00 4.000000000000000222e-01
-5.559999999999991616e-01 -8.000000000000000000e+00 0.000000000000000000e+00
-5.459999999999987086e-01 -7.200000000000000178e+00 4.000000000000000222e-01
-5.359999999999991438e-01 -7.599999999999999645e+00 0.000000000000000000e+00
-5.259999999999995790e-01 -8.400000000000000355e+00 4.000000000000000222e-01
-5.159999999999991260e-01 -7.599999999999999645e+00 0.000000000000000000e+00
-5.059999999999995612e-01 -8.800000000000000711e+00 4.000000000000000222e-01
-4.959999999999990528e-01 -7.599999999999999645e+00 0.000000000000000000e+00
-4.859999999999994325e-01 -8.800000000000000711e+00 4.000000000000000222e-01
-4.759999999999989795e-01 -7.599999999999999645e+00 0.000000000000000000e+00
-4.659999999999994147e-01 -8.800000000000000711e+00 4.000000000000000222e-01
-4.559999999999989617e-01 -8.000000000000000000e+00 0.000000000000000000e+00
-4.459999999999993414e-01 -8.800000000000000711e+00 4.000000000000000222e-01
-4.359999999999988884e-01 -8.400000000000000355e+00 0.000000000000000000e+00
-4.259999999999992681e-01 -9.199999999999999289e+00 4.000000000000000222e-01
-4.159999999999988152e-01 -8.400000000000000355e+00 0.000000000000000000e+00
-4.059999999999992504e-01 -9.199999999999999289e+00 4.000000000000000222e-01
-3.959999999999987974e-01 -8.400000000000000355e+00 0.000000000000000000e+00
-3.859999999999991771e-01 -9.599999999999999645e+00 4.000000000000000222e-01
-3.759999999999987241e-01 -8.800000000000000711e+00 0.000000000000000000e+00
-3.659999999999991593e-01 -9.599999999999999645e+00 4.000000000000000222e-01
-3.559999999999995390e-01 -8.800000000000000711e+00 0.000000000000000000e+00
-3.459999999999990861e-01 -9.599999999999999645e+00 4.000000000000000222e-01
-3.359999999999995213e-01 -8.800000000000000711e+00 0.000000000000000000e+00
-3.259999999999990128e-01 -9.599999999999999645e+00 4.000000000000000222e-01
-3.159999999999994480e-01 -9.599999999999999645e+00 0.000000000000000000e+00
-3.059999999999989950e-01 -8.800000000000000711e+00 4.000000000000000222e-01
-2.959999999999993747e-01 -9.199999999999999289e+00 0.000000000000000000e+00
-2.859999999999989218e-01 -1.000000000000000000e+01 4.000000000000000222e-01
-2.759999999999993570e-01 -9.199999999999999289e+00 0.000000000000000000e+00
-2.659999999999989040e-01 -1.040000000000000036e+01 4.000000000000000222e-01
-2.559999999999992837e-01 -1.040000000000000036e+01 2.000000000000000111e-01
-2.459999999999988307e-01 -9.199999999999999289e+00 0.000000000000000000e+00
-2.359999999999992382e-01 -1.000000000000000000e+01 0.000000000000000000e+00
-2.259999999999987574e-01 -9.199999999999999289e+00 4.000000000000000222e-01
-2.159999999999991926e-01 -9.199999999999999289e+00 0.000000000000000000e+00
-2.059999999999987119e-01 -1.040000000000000036e+01 4.000000000000000222e-01
-1.959999999999991194e-01 -1.040000000000000036e+01 0.000000000000000000e+00
-1.859999999999995268e-01 -9.199999999999999289e+00 4.000000000000000222e-01
-1.759999999999990739e-01 -1.000000000000000000e+01 0.000000000000000000e+00
-1.659999999999994813e-01 -1.080000000000000071e+01 4.000000000000000222e-01
-1.559999999999990283e-01 -1.040000000000000036e+01 0.000000000000000000e+00
-1.459999999999994358e-01 -1.159999999999999964e+01 4.000000000000000222e-01
-1.359999999999989551e-01 -1.080000000000000071e+01 0.000000000000000000e+00
-1.259999999999993903e-01 -1.200000000000000000e+01 4.000000000000000222e-01
-1.159999999999989095e-01 -1.119999999999999929e+01 0.000000000000000000e+00
-1.059999999999993170e-01 -1.200000000000000000e+01 4.000000000000000222e-01
-9.599999999999886402e-02 -1.119999999999999929e+01 0.000000000000000000e+00
-8.599999999999927147e-02 -1.200000000000000000e+01 4.000000000000000222e-01
-7.599999999999881850e-02 -1.119999999999999929e+01 0.000000000000000000e+00
-6.599999999999922595e-02 -1.200000000000000000e+01 4.000000000000000222e-01
-5.599999999999875910e-02 -1.159999999999999964e+01 2.000000000000000111e-01
-4.599999999999916656e-02 -1.080000000000000071e+01 -2.000000000000000111e-01
-3.599999999999870665e-02 -1.159999999999999964e+01 0.000000000000000000e+00
-2.599999999999911410e-02 -1.040000000000000036e+01 4.000000000000000222e-01
-1.599999999999952155e-02 -1.080000000000000071e+01 0.000000000000000000e+00
-5.999999999999061639e-03 -1.200000000000000000e+01 4.000000000000000222e-01
4.000000000000530909e-03 -1.119999999999999929e+01 0.000000000000000000e+00
1.400000000000099082e-02 -1.200000000000000000e+01 4.000000000000000222e-01
2.400000000000058337e-02 -1.119999999999999929e+01 0.000000000000000000e+00
3.400000000000104328e-02 -1.200000000000000000e+01 4.000000000000000222e-01
4.400000000000063582e-02 -1.200000000000000000e+01 0.000000000000000000e+00
5.400000000000109573e-02 -1.119999999999999929e+01 4.000000000000000222e-01
6.400000000000069522e-02 -1.200000000000000000e+01 4.000000000000000222e-01
7.400000000000114819e-02 -1.119999999999999929e+01 0.000000000000000000e+00
8.400000000000074074e-02 -1.119999999999999929e+01 4.000000000000000222e-01
9.400000000000119371e-02 -1.200000000000000000e+01 0.000000000000000000e+00
1.040000000000007863e-01 -1.200000000000000000e+01 0.000000000000000000e+00
1.140000000000012531e-01 -1.119999999999999929e+01 4.000000000000000222e-01
1.240000000000008457e-01 -1.200000000000000000e+01 0.000000000000000000e+00
1.340000000000013125e-01 -1.119999999999999929e+01 4.000000000000000222e-01
1.440000000000009051e-01 -1.119999999999999929e+01 0.000000000000000000e+00
1.540000000000004976e-01 -1.200000000000000000e+01 4.000000000000000222e-01
1.640000000000009506e-01 -1.119999999999999929e+01 0.000000000000000000e+00
1.740000000000005431e-01 -1.200000000000000000e+01 4.000000000000000222e-01
1.840000000000009961e-01 -1.119999999999999929e+01 0.000000000000000000e+00
1.940000000000005886e-01 -1.159999999999999964e+01 4.000000000000000222e-01
2.040000000000010694e-01 -1.159999999999999964e+01 0.000000000000000000e+00
2.140000000000006342e-01 -1.080000000000000071e+01 4.000000000000000222e-01
2.240000000000011149e-01 -1.119999999999999929e+01 0.000000000000000000e+00
2.340000000000007074e-01 -1.200000000000000000e+01 4.000000000000000222e-01
2.440000000000011604e-01 -1.119999999999999929e+01 4.000000000000000222e-01
2.540000000000007807e-01 -1.200000000000000000e+01 0.000000000000000000e+00
2.640000000000012337e-01 -1.159999999999999964e+01 0.000000000000000000e+00
2.740000000000007985e-01 -1.080000000000000071e+01 4.000000000000000222e-01
2.840000000000012514e-01 -1.159999999999999964e+01 0.000000000000000000e+00
2.940000000000008717e-01 -1.040000000000000036e+01 4.000000000000000222e-01
3.040000000000013247e-01 -1.159999999999999964e+01 2.000000000000000111e-01
3.140000000000008895e-01 -1.040000000000000036e+01 5.999999999999999778e-01
3.240000000000005098e-01 -1.159999999999999964e+01 2.000000000000000111e-01
3.340000000000009628e-01 -1.040000000000000036e+01 5.999999999999999778e-01
3.440000000000005276e-01 -1.159999999999999964e+01 2.000000000000000111e-01
3.540000000000010361e-01 -1.040000000000000036e+01 5.999999999999999778e-01
3.640000000000006009e-01 -1.159999999999999964e+01 2.000000000000000111e-01
3.740000000000010538e-01 -1.040000000000000036e+01 5.999999999999999778e-01
3.840000000000006741e-01 -1.159999999999999964e+01 2.000000000000000111e-01
3.940000000000011271e-01 -1.040000000000000036e+01 1.000000000000000000e+00
4.040000000000006919e-01 -1.040000000000000036e+01 8.000000000000000444e-01
4.140000000000011449e-01 -1.159999999999999964e+01 1.199999999999999956e+00
4.240000000000007652e-01 -1.159999999999999964e+01 8.000000000000000444e-01
4.340000000000012181e-01 -1.040000000000000036e+01 1.600000000000000089e+00
4.440000000000008384e-01 -1.159999999999999964e+01 1.199999999999999956e+00
4.540000000000012914e-01 -1.040000000000000036e+01 2.399999999999999911e+00
4.640000000000008562e-01 -1.159999999999999964e+01 1.800000000000000044e+00
4.740000000000013092e-01 -1.040000000000000036e+01 3.200000000000000178e+00
4.840000000000009295e-01 -1.040000000000000036e+01 2.799999999999999822e+00
4.940000000000004943e-01 -1.159999999999999964e+01 7.599999999999999645e+00
5.040000000000010028e-01 -1.159999999999999964e+01 6.799999999999999822e+00
5.140000000000005675e-01 -1.040000000000000036e+01 1.379999999999999893e+01
5.240000000000010205e-01 -1.159999999999999964e+01 1.119999999999999929e+01
5.340000000000005853e-01 -1.040000000000000036e+01 1.640000000000000213e+01
5.440000000000010383e-01 -1.159999999999999964e+01 1.600000000000000000e+01
5.540000000000007141e-01 -1.040000000000000036e+01 5.599999999999999645e+00
5.640000000000011671e-01 -1.159999999999999964e+01 7.400000000000000355e+00
5.740000000000007319e-01 -1.040000000000000036e+01 2.200000000000000178e+00
5.840000000000011848e-01 -1.159999999999999964e+01 2.399999999999999911e+00
5.940000000000007496e-01 -1.040000000000000036e+01 5.999999999999999778e-01
6.040000000000012026e-01 -1.159999999999999964e+01 1.199999999999999956e+00
6.140000000000008784e-01 -1.040000000000000036e+01 2.000000000000000111e-01
6.240000000000013314e-01 -1.040000000000000036e+01 2.000000000000000111e-01
6.340000000000008962e-01 -1.159999999999999964e+01 5.999999999999999778e-01
6.440000000000013491e-01 -1.159999999999999964e+01 5.999999999999999778e-01
6.540000000000009139e-01 -1.040000000000000036e+01 0.000000000000000000e+00
6.640000000000004787e-01 -1.040000000000000036e+01 0.000000000000000000e+00
6.740000000000010427e-01 -1.159999999999999964e+01 4.000000000000000222e-01
6.840000000000006075e-01 -1.159999999999999964e+01 0.000000000000000000e+00
6.940000000000010605e-01 -1.000000000000000000e+01 4.000000000000000222e-01
7.040000000000006253e-01 -1.080000000000000071e+01 4.000000000000000222e-01
7.140000000000010782e-01 -1.000000000000000000e+01 0.000000000000000000e+00
7.240000000000006430e-01 -1.000000000000000000e+01 4.000000000000000222e-01
7.340000000000010960e-01 -1.080000000000000071e+01 0.000000000000000000e+00
7.440000000000007718e-01 -1.080000000000000071e+01 0.000000000000000000e+00
7.540000000000012248e-01 -1.000000000000000000e+01 4.000000000000000222e-01
7.640000000000007896e-01 -1.040000000000000036e+01 0.000000000000000000e+00
7.740000000000012426e-01 -9.599999999999999645e+00 4.000000000000000222e-01
7.840000000000008074e-01 -1.040000000000000036e+01 0.000000000000000000e+00
7.940000000000012603e-01 -9.199999999999999289e+00 4.000000000000000222e-01
8.040000000000009361e-01 -1.040000000000000036e+01 0.000000000000000000e+00
8.140000000000013891e-01 -9.199999999999999289e+00 4.000000000000000222e-01
8.240000000000009539e-01 -9.599999999999999645e+00 0.000000000000000000e+00
8.340000000000005187e-01 -8.800000000000000711e+00 4.000000000000000222e-01
8.440000000000009717e-01 -8.800000000000000711e+00 4.000000000000000222e-01
8.540000000000005365e-01 -9.599999999999999645e+00 0.000000000000000000e+00
8.640000000000011005e-01 -9.199999999999999289e+00 0.000000000000000000e+00
8.740000000000006652e-01 -8.400000000000000355e+00 4.000000000000000222e-01
8.840000000000011182e-01 -8.400000000000000355e+00 0.000000000000000000e+00
8.940000000000006830e-01 -9.199999999999999289e+00 4.000000000000000222e-01
9.040000000000011360e-01 -8.400000000000000355e+00 0.000000000000000000e+00
9.140000000000007008e-01 -9.199999999999999289e+00 4.000000000000000222e-01
9.240000000000012648e-01 -8.400000000000000355e+00 4.000000000000000222e-01
9.340000000000008296e-01 -9.199999999999999289e+00 -2.000000000000000111e-01
9.440000000000012825e-01 -8.400000000000000355e+00 0.000000000000000000e+00
9.540000000000008473e-01 -9.199999999999999289e+00 4.000000000000000222e-01
9.640000000000013003e-01 -8.400000000000000355e+00 4.000000000000000222e-01
9.740000000000008651e-01 -7.599999999999999645e+00 -2.000000000000000111e-01
9.840000000000013181e-01 -8.400000000000000355e+00 -2.000000000000000111e-01
9.940000000000009939e-01 -7.200000000000000178e+00 4.000000000000000222e-01
1.004000000000000448e+00 -7.200000000000000178e+00 0.000000000000000000e+00
1.014000000000001123e+00 -8.000000000000000000e+00 4.000000000000000222e-01
1.024000000000000687e+00 -7.200000000000000178e+00 0.000000000000000000e+00
1.034000000000001140e+00 -8.000000000000000000e+00 4.000000000000000222e-01
1.044000000000000705e+00 -8.000000000000000000e+00 0.000000000000000000e+00
1.054000000000001158e+00 -7.200000000000000178e+00 4.000000000000000222e-01
1.064000000000000723e+00 -7.599999999999999645e+00 0.000000000000000000e+00
1.074000000000001176e+00 -6.400000000000000355e+00 4.000000000000000222e-01
1.084000000000000741e+00 -7.599999999999999645e+00 0.000000000000000000e+00
1.094000000000001194e+00 -6.400000000000000355e+00 4.000000000000000222e-01
1.104000000000000759e+00 -7.599999999999999645e+00 0.000000000000000000e+00
1.114000000000001211e+00 -6.400000000000000355e+00 4.000000000000000222e-01
1.124000000000000776e+00 -6.000000000000000000e+00 0.000000000000000000e+00
1.134000000000001229e+00 -7.599999999999999645e+00 4.000000000000000222e-01
1.144000000000001016e+00 -6.799999999999999822e+00 0.000000000000000000e+00
1.154000000000001469e+00 -6.000000000000000000e+00 4.000000000000000222e-01
1.164000000000001034e+00 -6.000000000000000000e+00 0.000000000000000000e+00
1.174000000000000599e+00 -6.799999999999999822e+00 2.000000000000000111e-01
1.184000000000001052e+00 -6.799999999999999822e+00 0.000000000000000000e+00
1.194000000000000616e+00 -5.599999999999999645e+00 4.000000000000000222e-01
1.204000000000001069e+00 -5.200000000000000178e+00 0.000000000000000000e+00
1.214000000000000634e+00 -6.400000000000000355e+00 4.000000000000000222e-01
1.224000000000001087e+00 -5.200000000000000178e+00 4.000000000000000222e-01
1.234000000000000652e+00 -6.400000000000000355e+00 0.000000000000000000e+00
1.244000000000001105e+00 -5.200000000000000178e+00 4.000000000000000222e-01
1.254000000000000670e+00 -6.000000000000000000e+00 -2.000000000000000111e-01
1.264000000000001123e+00 -5.200000000000000178e+00 2.000000000000000111e-01
1.274000000000000909e+00 -6.400000000000000355e+00 -2.000000000000000111e-01
1.284000000000001362e+00 -5.599999999999999645e+00 0.000000000000000000e+00
1.294000000000000927e+00 -4.799999999999999822e+00 4.000000000000000222e-01
1.304000000000001380e+00 -5.599999999999999645e+00 0.000000000000000000e+00
1.314000000000000945e+00 -4.799999999999999822e+00 4.000000000000000222e-01
1.324000000000001398e+00 -5.599999999999999645e+00 0.000000000000000000e+00
1.334000000000000963e+00 -4.799999999999999822e+00 4.000000000000000222e-01
1.344000000000000528e+00 -5.599999999999999645e+00 2.000000000000000111e-01
1.354000000000000981e+00 -4.400000000000000355e+00 -2.000000000000000111e-01
1.364000000000000545e+00 -5.200000000000000178e+00 0.000000000000000000e+00
1.374000000000000998e+00 -4.000000000000000000e+00 4.000000000000000222e-01
1.384000000000000785e+00 -5.200000000000000178e+00 2.000000000000000111e-01
1.394000000000001238e+00 -4.000000000000000000e+00 -2.000000000000000111e-01
1.404000000000000803e+00 -5.200000000000000178e+00 -2.000000000000000111e-01
1.414000000000001256e+00 -4.000000000000000000e+00 4.000000000000000222e-01
1.424000000000000821e+00 -4.799999999999999822e+00 4.000000000000000222e-01
1.434000000000001274e+00 -4.000000000000000000e+00 -2.000000000000000111e-01
1.444000000000000838e+00 -4.400000000000000355e+00 0.000000000000000000e+00
1.454000000000001291e+00 -3.600000000000000089e+00 4.000000000000000222e-01
1.464000000000000856e+00 -4.400000000000000355e+00 -2.000000000000000111e-01
1.474000000000001309e+00 -3.600000000000000089e+00 4.000000000000000222e-01
1.484000000000000874e+00 -4.000000000000000000e+00 2.000000000000000111e-01
1.494000000000001327e+00 -3.200000000000000178e+00 -2.000000000000000111e-01
1.504000000000000892e+00 -4.000000000000000000e+00 -2.000000000000000111e-01
1.514000000000000679e+00 -2.799999999999999822e+00 4.000000000000000222e-01
1.524000000000001132e+00 -2.799999999999999822e+00 -2.000000000000000111e-01
1.534000000000000696e+00 -4.000000000000000000e+00 4.000000000000000222e-01
1.544000000000001149e+00 -3.200000000000000178e+00 -2.000000000000000111e-01
1.554000000000000714e+00 -2.399999999999999911e+00 2.000000000000000111e-01
1.564000000000001167e+00 -2.399999999999999911e+00 -2.000000000000000111e-01
1.574000000000000732e+00 -3.200000000000000178e+00 2.000000000000000111e-01
1.584000000000001185e+00 -2.799999999999999822e+00 -2.000000000000000111e-01
1.594000000000000750e+00 -1.600000000000000089e+00 4.000000000000000222e-01
1.604000000000001203e+00 -2.000000000000000000e+00 2.000000000000000111e-01
1.614000000000000767e+00 -1.199999999999999956e+00 -2.000000000000000111e-01
1.624000000000001220e+00 -2.000000000000000000e+00 0.000000000000000000e+00
1.634000000000001007e+00 -1.199999999999999956e+00 2.000000000000000111e-01
1.644000000000001460e+00 -2.000000000000000000e+00 2.000000000000000111e-01
1.654000000000001025e+00 -8.000000000000000444e-01 -2.000000000000000111e-01
1.664000000000001478e+00 -1.600000000000000089e+00 2.000000000000000111e-01
1.674000000000001043e+00 -8.000000000000000444e-01 -2.000000000000000111e-01
1.684000000000001496e+00 -1.600000000000000089e+00 0.000000000000000000e+00
1.694000000000001060e+00 -8.000000000000000444e-01 4.000000000000000222e-01
1.704000000000000625e+00 -1.199999999999999956e+00 4.000000000000000222e-01
1.714000000000001078e+00 0.000000000000000000e+00 -2.000000000000000111e-01
1.724000000000000643e+00 -1.199999999999999956e+00 -2.000000000000000111e-01
1.734000000000001096e+00 0.000000000000000000e+00 4.000000000000000222e-01
1.744000000000000661e+00 -8.000000000000000444e-01 0.000000000000000000e+00
1.754000000000001114e+00 4.000000000000000222e-01 2.000000000000000111e-01
1.764000000000000901e+00 -4.000000000000000222e-01 2.000000000000000111e-01
1.774000000000001354e+00 4.000000000000000222e-01 -2.000000000000000111e-01
1.784000000000000918e+00 -4.000000000000000222e-01 -2.000000000000000111e-01
1.794000000000001371e+00 4.000000000000000222e-01 2.000000000000000111e-01
1.804000000000000936e+00 0.000000000000000000e+00 0.000000000000000000e+00
1.814000000000001389e+00 1.199999999999999956e+00 4.000000000000000222e-01
1.824000000000000954e+00 1.199999999999999956e+00 0.000000000000000000e+00
1.834000000000000519e+00 0.000000000000000000e+00 2.000000000000000111e-01
1.844000000000001860e+00 1.199999999999999956e+00 -2.000000000000000111e-01
1.854000000000001425e+00 0.000000000000000000e+00 2.000000000000000111e-01
1.864000000000000989e+00 1.199999999999999956e+00 0.000000000000000000e+00
1.874000000000000554e+00 0.000000000000000000e+00 4.000000000000000222e-01
1.884000000000000341e+00 8.000000000000000444e-01 2.000000000000000111e-01
1.894000000000001682e+00 1.600000000000000089e+00 0.000000000000000000e+00
1.904000000000001247e+00 8.000000000000000444e-01 2.000000000000000111e-01
1.914000000000000812e+00 1.600000000000000089e+00 -2.000000000000000111e-01
1.924000000000000377e+00 8.000000000000000444e-01 0.000000000000000000e+00
1.934000000000001718e+00 2.000000000000000000e+00 4.000000000000000222e-01
1.944000000000001283e+00 1.199999999999999956e+00 2.000000000000000111e-01
1.954000000000000847e+00 2.399999999999999911e+00 0.000000000000000000e+00
1.964000000000000412e+00 2.399999999999999911e+00 0.000000000000000000e+00
1.974000000000001753e+00 1.199999999999999956e+00 4.000000000000000222e-01
1.984000000000001318e+00 2.399999999999999911e+00 2.000000000000000111e-01
1.994000000000000883e+00 1.199999999999999956e+00 -2.000000000000000111e-01
2.004000000000000448e+00 1.199999999999999956e+00 -2.000000000000000111e-01
2.014000000000002011e+00 2.399999999999999911e+00 4.000000000000000222e-01
2.024000000000001354e+00 1.600000000000000089e+00 4.000000000000000222e-01
2.034000000000001140e+00 2.799999999999999822e+00 -2.000000000000000111e-01
2.044000000000000483e+00 2.000000000000000000e+00 2.000000000000000111e-01
2.054000000000000270e+00 2.799999999999999822e+00 -2.000000000000000111e-01
2.064000000000001389e+00 2.799999999999999822e+00 2.000000000000000111e-01
2.074000000000001176e+00 2.000000000000000000e+00 -2.000000000000000111e-01
2.084000000000000963e+00 2.000000000000000000e+00 -2.000000000000000111e-01
2.094000000000000306e+00 3.200000000000000178e+00 4.000000000000000222e-01
2.104000000000001869e+00 2.799999999999999822e+00 4.000000000000000222e-01
2.114000000000001211e+00 2.399999999999999911e+00 -2.000000000000000111e-01
2.124000000000000998e+00 2.399999999999999911e+00 0.000000000000000000e+00
2.134000000000000341e+00 3.200000000000000178e+00 4.000000000000000222e-01
2.144000000000001904e+00 2.399999999999999911e+00 2.000000000000000111e-01
2.154000000000001247e+00 3.600000000000000089e+00 0.000000000000000000e+00
2.164000000000001034e+00 2.399999999999999911e+00 4.000000000000000222e-01
2.174000000000000377e+00 3.600000000000000089e+00 -2.000000000000000111e-01
2.184000000000001940e+00 3.600000000000000089e+00 2.000000000000000111e-01
2.194000000000001727e+00 2.399999999999999911e+00 -2.000000000000000111e-01
2.204000000000001069e+00 2.799999999999999822e+00 2.000000000000000111e-01
2.214000000000000856e+00 4.000000000000000000e+00 -2.000000000000000111e-01
2.224000000000000199e+00 2.399999999999999911e+00 2.000000000000000111e-01
2.234000000000001762e+00 3.600000000000000089e+00 -2.000000000000000111e-01
2.244000000000001105e+00 4.000000000000000000e+00 4.000000000000000222e-01
2.254000000000000892e+00 3.200000000000000178e+00 -2.000000000000000111e-01
2.264000000000000234e+00 4.000000000000000000e+00 2.000000000000000111e-01
2.274000000000001798e+00 3.200000000000000178e+00 -2.000000000000000111e-01
2.284000000000001140e+00 3.200000000000000178e+00 -2.000000000000000111e-01
2.294000000000000927e+00 4.400000000000000355e+00 4.000000000000000222e-01
2.304000000000000270e+00 3.600000000000000089e+00 -2.000000000000000111e-01
2.314000000000001833e+00 4.799999999999999822e+00 4.000000000000000222e-01
2.324000000000001620e+00 4.799999999999999822e+00 2.000000000000000111e-01
2.334000000000000963e+00 3.600000000000000089e+00 -2.000000000000000111e-01
2.344000000000000750e+00 4.799999999999999822e+00 2.000000000000000111e-01
2.354000000000001869e+00 3.600000000000000089e+00 -2.000000000000000111e-01
2.364000000000001656e+00 4.799999999999999822e+00 -2.000000000000000111e-01
2.374000000000000998e+00 3.600000000000000089e+00 4.000000000000000222e-01
2.384000000000000785e+00 5.200000000000000178e+00 4.000000000000000222e-01
2.394000000000000128e+00 4.000000000000000000e+00 -2.000000000000000111e-01
2.404000000000001691e+00 4.400000000000000355e+00 -2.000000000000000111e-01
2.414000000000001034e+00 5.200000000000000178e+00 2.000000000000000111e-01
2.424000000000000821e+00 4.400000000000000355e+00 0.000000000000000000e+00
2.434000000000000608e+00 5.200000000000000178e+00 4.000000000000000222e-01
2.444000000000001727e+00 5.200000000000000178e+00 0.000000000000000000e+00
2.454000000000001513e+00 4.400000000000000355e+00 4.000000000000000222e-01
2.464000000000000856e+00 5.200000000000000178e+00 4.000000000000000222e-01
2.474000000000000643e+00 4.400000000000000355e+00 -2.000000000000000111e-01
2.484000000000001762e+00 4.799999999999999822e+00 2.000000000000000111e-01
2.494000000000001549e+00 5.200000000000000178e+00 -2.000000000000000111e-01
2.504000000000000892e+00 5.200000000000000178e+00 0.000000000000000000e+00
2.514000000000000679e+00 4.400000000000000355e+00 2.000000000000000111e-01
2.524000000000001798e+00 4.799999999999999822e+00 0.000000000000000000e+00
2.534000000000001585e+00 6.000000000000000000e+00 4.000000000000000222e-01
2.544000000000000927e+00 4.799999999999999822e+00 0.000000000000000000e+00
2.554000000000000714e+00 6.000000000000000000e+00 4.000000000000000222e-01
2.564000000000000501e+00 4.799999999999999822e+00 2.000000000000000111e-01
2.574000000000001620e+00 6.000000000000000000e+00 0.000000000000000000e+00
2.584000000000001407e+00 4.799999999999999822e+00 0.000000000000000000e+00
2.594000000000000750e+00 6.000000000000000000e+00 4.000000000000000222e-01
2.604000000000000536e+00 4.799999999999999822e+00 2.000000000000000111e-01
2.614000000000001656e+00 6.000000000000000000e+00 -2.000000000000000111e-01
2.624000000000001442e+00 6.000000000000000000e+00 -2.000000000000000111e-01
2.634000000000000785e+00 4.799999999999999822e+00 4.000000000000000222e-01
2.644000000000000572e+00 6.000000000000000000e+00 0.000000000000000000e+00
2.654000000000001691e+00 4.799999999999999822e+00 4.000000000000000222e-01
2.664000000000001478e+00 5.599999999999999645e+00 0.000000000000000000e+00
2.674000000000000821e+00 6.000000000000000000e+00 4.000000000000000222e-01
2.684000000000000608e+00 5.599999999999999645e+00 0.000000000000000000e+00
2.694000000000001727e+00 6.400000000000000355e+00 4.000000000000000222e-01
2.704000000000001513e+00 5.599999999999999645e+00 4.000000000000000222e-01
2.714000000000001300e+00 6.400000000000000355e+00 -2.000000000000000111e-01
2.724000000000000643e+00 5.599999999999999645e+00 0.000000000000000000e+00
2.734000000000000430e+00 6.400000000000000355e+00 4.000000000000000222e-01
2.744000000000001549e+00 6.400000000000000355e+00 0.000000000000000000e+00
2.754000000000001336e+00 5.599999999999999645e+00 4.000000000000000222e-01
2.764000000000000679e+00 6.400000000000000355e+00 0.000000000000000000e+00
2.774000000000000465e+00 5.599999999999999645e+00 4.000000000000000222e-01
2.784000000000001585e+00 5.599999999999999645e+00 0.000000000000000000e+00
2.794000000000001371e+00 6.400000000000000355e+00 2.000000000000000111e-01
2.804000000000001158e+00 6.400000000000000355e+00 -2.000000000000000111e-01
2.814000000000000501e+00 5.599999999999999645e+00 4.000000000000000222e-01
2.824000000000002064e+00 5.599999999999999645e+00 -2.000000000000000111e-01
2.834000000000001407e+00 6.400000000000000355e+00 4.000000000000000222e-01
2.844000000000001194e+00 6.400000000000000355e+00 4.000000000000000222e-01
2.854000000000000536e+00 5.599999999999999645e+00 0.000000000000000000e+00
2.864000000000002100e+00 6.400000000000000355e+00 0.000000000000000000e+00
2.874000000000001442e+00 5.599999999999999645e+00 4.000000000000000222e-01
2.884000000000001229e+00 6.400000000000000355e+00 0.000000000000000000e+00
2.894000000000000572e+00 5.599999999999999645e+00 4.000000000000000222e-01
2.904000000000000359e+00 6.400000000000000355e+00 0.000000000000000000e+00
2.914000000000001478e+00 5.599999999999999645e+00 4.000000000000000222e-01
2.924000000000001265e+00 5.599999999999999645e+00 -2.000000000000000111e-01
2.934000000000001052e+00 6.799999999999999822e+00 4.000000000000000222e-01
2.944000000000000394e+00 6.400000000000000355e+00 2.000000000000000111e-01
2.954000000000001958e+00 5.599999999999999645e+00 0.000000000000000000e+00
2.964000000000001300e+00 6.799999999999999822e+00 0.000000000000000000e+00
2.974000000000001087e+00 6.000000000000000000e+00 4.000000000000000222e-01
2.984000000000000430e+00 6.000000000000000000e+00 0.000000000000000000e+00
2.994000000000001993e+00 6.799999999999999822e+00 4.000000000000000222e-01
3.004000000000001336e+00 6.000000000000000000e+00 0.000000000000000000e+00
3.014000000000001123e+00 6.799999999999999822e+00 4.000000000000000222e-01
3.024000000000000465e+00 6.799999999999999822e+00 0.000000000000000000e+00
3.034000000000002029e+00 6.000000000000000000e+00 4.000000000000000222e-01
3.044000000000001371e+00 6.799999999999999822e+00 0.000000000000000000e+00
3.054000000000001158e+00 6.000000000000000000e+00 4.000000000000000222e-01
3.064000000000000945e+00 6.000000000000000000e+00 0.000000000000000000e+00
3.074000000000000288e+00 6.799999999999999822e+00 4.000000000000000222e-01
3.084000000000001851e+00 7.200000000000000178e+00 0.000000000000000000e+00
3.094000000000001194e+00 6.000000000000000000e+00 4.000000000000000222e-01
3.104000000000000981e+00 6.000000000000000000e+00 4.000000000000000222e-01
3.114000000000000323e+00 6.799999999999999822e+00 0.000000000000000000e+00
3.124000000000001886e+00 6.799999999999999822e+00 0.000000000000000000e+00
3.134000000000001229e+00 6.000000000000000000e+00 4.000000000000000222e-01
3.144000000000001016e+00 6.000000000000000000e+00 5.999999999999999778e-01
3.154000000000000359e+00 6.799999999999999822e+00 0.000000000000000000e+00
3.164000000000001922e+00 6.799999999999999822e+00 0.000000000000000000e+00
3.174000000000001265e+00 6.000000000000000000e+00 5.999999999999999778e-01
3.184000000000001052e+00 6.799999999999999822e+00 2.000000000000000111e-01
3.194000000000000838e+00 6.000000000000000000e+00 8.000000000000000444e-01
3.204000000000001958e+00 6.000000000000000000e+00 4.000000000000000222e-01
3.214000000000001744e+00 6.799999999999999822e+00 1.600000000000000089e+00
3.224000000000001087e+00 6.000000000000000000e+00 1.399999999999999911e+00
3.234000000000000874e+00 6.799999999999999822e+00 2.399999999999999911e+00
3.244000000000000217e+00 6.000000000000000000e+00 2.399999999999999911e+00
3.254000000000001780e+00 7.200000000000000178e+00 4.400000000000000355e+00
3.264000000000001123e+00 6.799999999999999822e+00 3.600000000000000089e+00
3.274000000000000909e+00 6.000000000000000000e+00 6.799999999999999822e+00
3.284000000000000252e+00 6.000000000000000000e+00 6.400000000000000355e+00
3.294000000000001815e+00 7.200000000000000178e+00 1.000000000000000000e+01
3.304000000000001158e+00 6.000000000000000000e+00 1.459999999999999964e+01
3.314000000000000945e+00 6.799999999999999822e+00 6.400000000000000355e+00
3.324000000000000732e+00 6.000000000000000000e+00 5.000000000000000000e+00
3.334000000000001851e+00 7.200000000000000178e+00 1.000000000000000000e+01
3.344000000000001638e+00 6.799999999999999822e+00 6.000000000000000000e+00
3.354000000000000981e+00 6.000000000000000000e+00 5.999999999999999778e-01
3.364000000000000767e+00 6.799999999999999822e+00 1.000000000000000000e+00
3.374000000000001886e+00 6.000000000000000000e+00 4.000000000000000222e-01
3.384000000000001673e+00 7.200000000000000178e+00 5.999999999999999778e-01
3.394000000000001016e+00 6.000000000000000000e+00 2.000000000000000111e-01
3.404000000000000803e+00 6.799999999999999822e+00 5.999999999999999778e-01
3.414000000000000590e+00 6.000000000000000000e+00 0.000000000000000000e+00
3.424000000000001709e+00 6.799999999999999822e+00 4.000000000000000222e-01
3.434000000000001496e+00 6.000000000000000000e+00 0.000000000000000000e+00
3.444000000000000838e+00 6.000000000000000000e+00 4.000000000000000222e-01
3.454000000000000625e+00 7.200000000000000178e+00 0.000000000000000000e+00
3.464000000000001744e+00 7.200000000000000178e+00 0.000000000000000000e+00
3.474000000000001531e+00 6.000000000000000000e+00 4.000000000000000222e-01
3.484000000000000874e+00 6.799999999999999822e+00 4.000000000000000222e-01
3.494000000000000661e+00 6.000000000000000000e+00 0.000000000000000000e+00
3.504000000000001780e+00 7.200000000000000178e+00 4.000000000000000222e-01
3.514000000000001567e+00 6.000000000000000000e+00 0.000000000000000000e+00
3.524000000000000909e+00 6.799999999999999822e+00 0.000000000000000000e+00
3.534000000000000696e+00 6.000000000000000000e+00 4.000000000000000222e-01
3.544000000000001815e+00 6.000000000000000000e+00 0.000000000000000000e+00
3.554000000000001602e+00 7.200000000000000178e+00 4.000000000000000222e-01
3.564000000000001389e+00 6.799999999999999822e+00 4.000000000000000222e-01
3.574000000000000732e+00 6.000000000000000000e+00 0.000000000000000000e+00
3.584000000000000519e+00 6.400000000000000355e+00 0.000000000000000000e+00
3.594000000000001638e+00 7.200000000000000178e+00 4.000000000000000222e-01
3.604000000000001425e+00 6.799999999999999822e+00 0.000000000000000000e+00
3.614000000000000767e+00 7.599999999999999645e+00 4.000000000000000222e-01
3.624000000000000554e+00 7.200000000000000178e+00 0.000000000000000000e+00
3.634000000000001673e+00 6.400000000000000355e+00 4.000000000000000222e-01
3.644000000000001460e+00 6.000000000000000000e+00 2.000000000000000111e-01
3.654000000000000803e+00 7.599999999999999645e+00 -2.000000000000000111e-01
3.664000000000000590e+00 6.799999999999999822e+00 0.000000000000000000e+00
3.674000000000001709e+00 7.599999999999999645e+00 4.000000000000000222e-01
3.684000000000001496e+00 6.799999999999999822e+00 4.000000000000000222e-01
3.694000000000001283e+00 7.599999999999999645e+00 0.000000000000000000e+00
3.704000000000000625e+00 6.799999999999999822e+00 0.000000000000000000e+00
3.714000000000002188e+00 7.599999999999999645e+00 2.000000000000000111e-01
3.724000000000001531e+00 6.799999999999999822e+00 0.000000000000000000e+00
3.734000000000001318e+00 7.599999999999999645e+00 4.000000000000000222e-01
3.744000000000000661e+00 6.799999999999999822e+00 0.000000000000000000e+00
3.754000000000000448e+00 7.599999999999999645e+00 4.000000000000000222e-01
3.764000000000001567e+00 6.799999999999999822e+00 4.000000000000000222e-01
3.774000000000001354e+00 7.200000000000000178e+00 0.000000000000000000e+00
3.784000000000000696e+00 6.799999999999999822e+00 0.000000000000000000e+00
3.794000000000000483e+00 7.599999999999999645e+00 4.000000000000000222e-01
3.804000000000002046e+00 6.799999999999999822e+00 0.000000000000000000e+00
3.814000000000001389e+00 7.599999999999999645e+00 2.000000000000000111e-01
3.824000000000001176e+00 6.799999999999999822e+00 0.000000000000000000e+00
3.834000000000000519e+00 7.599999999999999645e+00 2.000000000000000111e-01
3.844000000000002082e+00 6.799999999999999822e+00 0.000000000000000000e+00
3.854000000000001425e+00 7.599999999999999645e+00 4.000000000000000222e-01
3.864000000000001211e+00 6.799999999999999822e+00 -2.000000000000000111e-01
3.874000000000000554e+00 7.599999999999999645e+00 4.000000000000000222e-01
3.884000000000002117e+00 6.799999999999999822e+00 0.000000000000000000e+00
3.894000000000001460e+00 7.599999999999999645e+00 4.000000000000000222e-01
3.904000000000001247e+00 6.799999999999999822e+00 0.000000000000000000e+00
3.914000000000000590e+00 7.599999999999999645e+00 4.000000000000000222e-01
3.924000000000000377e+00 6.799999999999999822e+00 2.000000000000000111e-01
3.934000000000001940e+00 7.599999999999999645e+00 0.000000000000000000e+00
3.944000000000001283e+00 6.799999999999999822e+00 0.000000000000000000e+00
3.954000000000001069e+00 7.200000000000000178e+00 2.000000000000000111e-01
3.964000000000000412e+00 6.799999999999999822e+00 -2.000000000000000111e-01
3.974000000000001975e+00 7.599999999999999645e+00 4.000000000000000222e-01
3.984000000000001318e+00 6.799999999999999822e+00 -2.000000000000000111e-01
3.994000000000001105e+00 7.599999999999999645e+00 4.000000000000000222e-01
4.004000000000000448e+00 6.799999999999999822e+00 4.000000000000000222e-01
4.014000000000002011e+00 7.599999999999999645e+00 -2.000000000000000111e-01
4.024000000000001798e+00 6.799999999999999822e+00 2.000000000000000111e-01
4.034000000000000696e+00 7.200000000000000178e+00 -2.000000000000000111e-01
4.044000000000000483e+00 6.799999999999999822e+00 2.000000000000000111e-01
4.054000000000002046e+00 6.799999999999999822e+00 -2.000000000000000111e-01
4.064000000000001833e+00 6.799999999999999822e+00 2.000000000000000111e-01
4.074000000000001620e+00 7.599999999999999645e+00 -2.000000000000000111e-01
4.084000000000000519e+00 6.799999999999999822e+00 -2.000000000000000111e-01
4.094000000000000306e+00 7.599999999999999645e+00 2.000000000000000111e-01
4.104000000000001869e+00 6.799999999999999822e+00 0.000000000000000000e+00
4.114000000000001656e+00 7.599999999999999645e+00 4.000000000000000222e-01
4.124000000000000554e+00 6.799999999999999822e+00 2.000000000000000111e-01
4.134000000000000341e+00 6.799999999999999822e+00 -2.000000000000000111e-01
4.144000000000001904e+00 6.799999999999999822e+00 2.000000000000000111e-01
4.154000000000001691e+00 7.599999999999999645e+00 -2.000000000000000111e-01
4.164000000000001478e+00 6.799999999999999822e+00 2.000000000000000111e-01
4.174000000000000377e+00 7.200000000000000178e+00 -2.000000000000000111e-01
4.184000000000001940e+00 6.799999999999999822e+00 -2.000000000000000111e-01
4.194000000000001727e+00 7.599999999999999645e+00 2.000000000000000111e-01
4.204000000000001513e+00 6.799999999999999822e+00 2.000000000000000111e-01
4.214000000000000412e+00 7.599999999999999645e+00 -2.000000000000000111e-01
4.224000000000001975e+00 6.799999999999999822e+00 2.000000000000000111e-01
4.234000000000001762e+00 7.200000000000000178e+00 -2.000000000000000111e-01
4.244000000000001549e+00 6.799999999999999822e+00 -2.000000000000000111e-01
4.254000000000000448e+00 7.599999999999999645e+00 2.000000000000000111e-01
4.264000000000000234e+00 6.799999999999999822e+00 -2.000000000000000111e-01
4.274000000000001798e+00 7.599999999999999645e+00 2.000000000000000111e-01
4.284000000000001585e+00 6.799999999999999822e+00 2.000000000000000111e-01
4.294000000000001371e+00 7.599999999999999645e+00 -2.000000000000000111e-01
4.304000000000000270e+00 6.799999999999999822e+00 2.000000000000000111e-01
4.314000000000001833e+00 7.599999999999999645e+00 -2.000000000000000111e-01
4.324000000000001620e+00 6.799999999999999822e+00 2.000000000000000111e-01
4.334000000000001407e+00 7.599999999999999645e+00 -2.000000000000000111e-01
4.344000000000000306e+00 6.799999999999999822e+00 2.000000000000000111e-01
4.354000000000001869e+00 7.599999999999999645e+00 -2.000000000000000111e-01
4.364000000000001656e+00 6.799999999999999822e+00 -2.000000000000000111e-01
4.374000000000001442e+00 7.599999999999999645e+00 2.000000000000000111e-01
4.384000000000000341e+00 6.799999999999999822e+00 -2.000000000000000111e-01
4.394000000000001904e+00 7.599999999999999645e+00 2.000000000000000111e-01
4.404000000000001691e+00 7.599999999999999645e+00 0.000000000000000000e+00
4.414000000000001478e+00 6.799999999999999822e+00 2.000000000000000111e-01
4.424000000000001265e+00 6.799999999999999822e+00 2.000000000000000111e-01
4.434000000000000163e+00 7.599999999999999645e+00 -2.000000000000000111e-01
4.444000000000001727e+00 6.799999999999999822e+00 2.000000000000000111e-01
4.454000000000001513e+00 7.599999999999999645e+00 -2.000000000000000111e-01
4.464000000000001300e+00 6.799999999999999822e+00 2.000000000000000111e-01
4.474000000000000199e+00 7.599999999999999645e+00 -2.000000000000000111e-01
4.484000000000001762e+00 6.799999999999999822e+00 4.000000000000000222e-01
4.494000000000001549e+00 7.599999999999999645e+00 -2.000000000000000111e-01
4.504000000000001336e+00 6.799999999999999822e+00 2.000000000000000111e-01
4.514000000000000234e+00 7.599999999999999645e+00 -2.000000000000000111e-01
4.524000000000001798e+00 7.599999999999999645e+00 -2.000000000000000111e-01
4.534000000000001585e+00 6.799999999999999822e+00 2.000000000000000111e-01
4.544000000000001371e+00 7.599999999999999645e+00 2.000000000000000111e-01
4.554000000000001158e+00 6.799999999999999822e+00 -2.000000000000000111e-01
4.564000000000001833e+00 7.599999999999999645e+00 2.000000000000000111e-01
4.574000000000001620e+00 6.799999999999999822e+00 -2.000000000000000111e-01
4.584000000000001407e+00 6.799999999999999822e+00 2.000000000000000111e-01
4.594000000000001194e+00 7.599999999999999645e+00 -2.000000000000000111e-01
4.604000000000000092e+00 6.799999999999999822e+00 -2.000000000000000111e-01
4.614000000000001656e+00 7.599999999999999645e+00 4.000000000000000222e-01
4.624000000000001442e+00 6.799999999999999822e+00 2.000000000000000111e-01
4.634000000000001229e+00 7.599999999999999645e+00 -2.000000000000000111e-01
4.644000000000000128e+00 6.799999999999999822e+00 -2.000000000000000111e-01
4.654000000000001691e+00 7.599999999999999645e+00 2.000000000000000111e-01
4.664000000000001478e+00 7.599999999999999645e+00 2.000000000000000111e-01
4.674000000000001265e+00 6.799999999999999822e+00 -2.000000000000000111e-01
4.684000000000001052e+00 6.799999999999999822e+00 4.000000000000000222e-01
4.694000000000001727e+00 7.599999999999999645e+00 -2.000000000000000111e-01
4.704000000000001513e+00 7.599999999999999645e+00 -2.000000000000000111e-01
4.714000000000001300e+00 6.799999999999999822e+00 2.000000000000000111e-01
4.724000000000001087e+00 7.599999999999999645e+00 -2.000000000000000111e-01
4.734000000000001762e+00 6.799999999999999822e+00 2.000000000000000111e-01
4.744000000000001549e+00 7.599999999999999645e+00 -2.000000000000000111e-01
4.754000000000001336e+00 6.799999999999999822e+00 4.000000000000000222e-01
4.764000000000001123e+00 6.799999999999999822e+00 2.000000000000000111e-01
4.774000000000000909e+00 7.599999999999999645e+00 -2.000000000000000111e-01
4.784000000000001585e+00 6.799999999999999822e+00 4.000000000000000222e-01
4.794000000000001371e+00 7.599999999999999645e+00 -2.000000000000000111e-01
4.804000000000001158e+00 6.799999999999999822e+00 0.000000000000000000e+00
4.814000000000000945e+00 7.599999999999999645e+00 2.000000000000000111e-01
4.824000000000001620e+00 6.799999999999999822e+00 4.000000000000000222e-01
4.834000000000001407e+00 7.599999999999999645e+00 -2.000000000000000111e-01
4.844000000000001194e+00 7.599999999999999645e+00 0.000000000000000000e+00
4.854000000000000981e+00 6.799999999999999822e+00 2.000000000000000111e-01
4.864000000000001656e+00 7.599999999999999645e+00 0.000000000000000000e+00
4.874000000000001442e+00 6.799999999999999822e+00 4.000000000000000222e-01
4.884000000000001229e+00 6.799999999999999822e+00 4.000000000000000222e-01
4.894000000000001016e+00 7.599999999999999645e+00 0.000000000000000000e+00
4.904000000000001691e+00 6.799999999999999822e+00 0.000000000000000000e+00
4.914000000000001478e+00 7.599999999999999645e+00 4.000000000000000222e-01
4.924000000000001265e+00 7.599999999999999645e+00 0.000000000000000000e+00
4.934000000000001052e+00 6.799999999999999822e+00 4.000000000000000222e-01
4.944000000000000838e+00 7.599999999999999645e+00 2.000000000000000111e-01
4.954000000000001513e+00 6.799999999999999822e+00 0.000000000000000000e+00
4.964000000000001300e+00 6.799999999999999822e+00 -2.000000000000000111e-01
4.974000000000001087e+00 7.599999999999999645e+00 4.000000000000000222e-01
4.984000000000000874e+00 6.799999999999999822e+00 5.000000000000000000e+00
4.994000000000001549e+00 6.000000000000000000e+00 0.000000000000000000e+00
5.004000000000001336e+00 6.400000000000000355e+00 0.000000000000000000e+00
5.014000000000001123e+00 3.200000000000000178e+00 4.000000000000000222e-01
5.024000000000000909e+00 3.600000000000000089e+00 0.000000000000000000e+00
5.034000000000001585e+00 -4.400000000000000355e+00 2.000000000000000111e-01
5.044000000000001371e+00 -4.000000000000000000e+00 0.000000000000000000e+00
5.054000000000001158e+00 -1.319999999999999929e+01 4.000000000000000222e-01
5.064000000000000945e+00 -1.240000000000000036e+01 0.000000000000000000e+00
5.074000000000002508e+00 -1.719999999999999929e+01 4.799999999999999822e+00
5.084000000000001407e+00 -1.640000000000000213e+01 4.000000000000000222e-01
5.094000000000001194e+00 -1.839999999999999858e+01 0.000000000000000000e+00
5.104000000000000981e+00 -1.680000000000000071e+01 2.000000000000000111e-01
5.114000000000000767e+00 -1.240000000000000036e+01 -2.000000000000000111e-01
5.124000000000001442e+00 -1.280000000000000071e+01 2.000000000000000111e-01
5.134000000000001229e+00 -7.599999999999999645e+00 -2.000000000000000111e-01
5.144000000000001016e+00 -8.400000000000000355e+00 2.000000000000000111e-01
5.154000000000000803e+00 -5.599999999999999645e+00 -2.000000000000000111e-01
5.164000000000001478e+00 -6.400000000000000355e+00 0.000000000000000000e+00
5.174000000000001265e+00 -2.799999999999999822e+00 4.000000000000000222e-01
5.184000000000001052e+00 -3.200000000000000178e+00 2.000000000000000111e-01
5.194000000000000838e+00 -8.000000000000000444e-01 6.599999999999999645e+00
5.204000000000002402e+00 -1.600000000000000089e+00 1.000000000000000000e+00
5.214000000000001300e+00 1.199999999999999956e+00 0.000000000000000000e+00
5.224000000000001087e+00 8.000000000000000444e-01 4.000000000000000222e-01
5.234000000000000874e+00 2.399999999999999911e+00 0.000000000000000000e+00
5.244000000000002437e+00 2.000000000000000000e+00 2.000000000000000111e-01
5.254000000000001336e+00 3.600000000000000089e+00 -2.000000000000000111e-01
5.264000000000001123e+00 3.200000000000000178e+00 -2.000000000000000111e-01
5.274000000000000909e+00 4.799999999999999822e+00 4.000000000000000222e-01
5.284000000000000696e+00 4.000000000000000000e+00 0.000000000000000000e+00
5.294000000000002260e+00 5.200000000000000178e+00 4.000000000000000222e-01
5.304000000000001158e+00 5.200000000000000178e+00 4.000000000000000222e-01
5.314000000000000945e+00 4.400000000000000355e+00 -2.000000000000000111e-01
5.324000000000000732e+00 4.799999999999999822e+00 0.000000000000000000e+00
5.334000000000002295e+00 6.000000000000000000e+00 4.000000000000000222e-01
5.344000000000001194e+00 5.200000000000000178e+00 0.000000000000000000e+00
5.354000000000000981e+00 6.400000000000000355e+00 4.000000000000000222e-01
5.364000000000000767e+00 5.599999999999999645e+00 0.000000000000000000e+00
5.374000000000002331e+00 6.400000000000000355e+00 4.000000000000000222e-01
5.384000000000001229e+00 5.599999999999999645e+00 0.000000000000000000e+00
5.394000000000001016e+00 6.400000000000000355e+00 4.000000000000000222e-01
5.404000000000000803e+00 5.599999999999999645e+00 0.000000000000000000e+00
5.414000000000002366e+00 6.400000000000000355e+00 4.000000000000000222e-01
5.424000000000002153e+00 6.400000000000000355e+00 0.000000000000000000e+00
5.434000000000001052e+00 5.599999999999999645e+00 4.000000000000000222e-01
5.444000000000000838e+00 6.400000000000000355e+00 2.000000000000000111e-01
5.454000000000000625e+00 5.599999999999999645e+00 -2.000000000000000111e-01
5.464000000000002188e+00 5.599999999999999645e+00 -2.000000000000000111e-01
5.474000000000001087e+00 6.400000000000000355e+00 4.000000000000000222e-01
5.484000000000000874e+00 5.599999999999999645e+00 -2.000000000000000111e-01
5.494000000000000661e+00 6.400000000000000355e+00 4.000000000000000222e-01
5.504000000000002224e+00 6.400000000000000355e+00 2.000000000000000111e-01
5.514000000000001123e+00 5.599999999999999645e+00 0.000000000000000000e+00
5.524000000000000909e+00 6.400000000000000355e+00 -2.000000000000000111e-01
5.534000000000000696e+00 5.599999999999999645e+00 2.000000000000000111e-01
5.544000000000002260e+00 5.599999999999999645e+00 0.000000000000000000e+00
5.554000000000002046e+00 6.799999999999999822e+00 4.000000000000000222e-01
5.564000000000000945e+00 6.000000000000000000e+00 0.000000000000000000e+00
5.574000000000000732e+00 6.799999999999999822e+00 4.000000000000000222e-01
5.584000000000002295e+00 6.000000000000000000e+00 2.000000000000000111e-01
5.594000000000002082e+00 6.799999999999999822e+00 -2.000000000000000111e-01
5.604000000000000981e+00 5.599999999999999645e+00 0.000000000000000000e+00
5.614000000000000767e+00 6.799999999999999822e+00 4.000000000000000222e-01
5.624000000000000554e+00 6.400000000000000355e+00 4.000000000000000222e-01
5.634000000000002117e+00 6.000000000000000000e+00 -2.000000000000000111e-01
5.644000000000001016e+00 6.400000000000000355e+00 4.000000000000000222e-01
5.654000000000000803e+00 5.599999999999999645e+00 -2.000000000000000111e-01
5.664000000000000590e+00 6.000000000000000000e+00 0.000000000000000000e+00
5.674000000000002153e+00 6.799999999999999822e+00 4.000000000000000222e-01
5.684000000000001940e+00 5.599999999999999645e+00 0.000000000000000000e+00
5.694000000000000838e+00 6.799999999999999822e+00 2.000000000000000111e-01
5.704000000000000625e+00 6.000000000000000000e+00 0.000000000000000000e+00
5.714000000000002188e+00 6.799999999999999822e+00 4.000000000000000222e-01
5.724000000000001975e+00 6.799999999999999822e+00 0.000000000000000000e+00
5.734000000000000874e+00 5.599999999999999645e+00 4.000000000000000222e-01
5.744000000000000661e+00 6.000000000000000000e+00 0.000000000000000000e+00
5.754000000000002224e+00 6.799999999999999822e+00 4.000000000000000222e-01
5.764000000000002011e+00 5.599999999999999645e+00 0.000000000000000000e+00
5.774000000000000909e+00 6.799999999999999822e+00 4.000000000000000222e-01
5.784000000000000696e+00 6.400000000000000355e+00 2.000000000000000111e-01
5.794000000000000483e+00 5.599999999999999645e+00 -2.000000000000000111e-01
5.804000000000002046e+00 6.000000000000000000e+00 0.000000000000000000e+00
5.814000000000001833e+00 6.799999999999999822e+00 4.000000000000000222e-01
5.824000000000000732e+00 5.599999999999999645e+00 0.000000000000000000e+00
5.834000000000000519e+00 6.799999999999999822e+00 4.000000000000000222e-01
5.844000000000002082e+00 6.400000000000000355e+00 4.000000000000000222e-01
5.854000000000001869e+00 6.000000000000000000e+00 -2.000000000000000111e-01
5.864000000000000767e+00 6.400000000000000355e+00 4.000000000000000222e-01
5.874000000000000554e+00 5.599999999999999645e+00 -2.000000000000000111e-01
5.884000000000002117e+00 6.400000000000000355e+00 -2.000000000000000111e-01
5.894000000000001904e+00 5.599999999999999645e+00 4.000000000000000222e-01
5.904000000000001691e+00 5.599999999999999645e+00 0.000000000000000000e+00
5.914000000000000590e+00 6.799999999999999822e+00 4.000000000000000222e-01
5.924000000000002153e+00 6.400000000000000355e+00 0.000000000000000000e+00
5.934000000000001940e+00 6.000000000000000000e+00 4.000000000000000222e-01
5.944000000000001727e+00 6.000000000000000000e+00 4.000000000000000222e-01
5.954000000000000625e+00 6.799999999999999822e+00 -2.000000000000000111e-01
5.964000000000000412e+00 5.599999999999999645e+00 0.000000000000000000e+00
5.974000000000001975e+00 6.400000000000000355e+00 4.000000000000000222e-01
5.984000000000001762e+00 5.599999999999999645e+00 0.000000000000000000e+00
5.994000000000000661e+00 6.799999999999999822e+00 4.000000000000000222e-01
