t ch1 ch2 ch3
0 4.00e-04 4.00e-04 -1.52e+01
1 -4.00e-04 0.00e+00 -1.28e+01
2 4.00e-04 4.00e-04 -1.52e+01
3 -4.00e-04 0.00e+00 -1.44e+01
4 -4.00e-04 4.00e-04 -1.44e+01
5 8.00e-04 0.00e+00 -1.60e+01
6 4.00e-04 4.00e-04 -1.44e+01
7 -4.00e-04 0.00e+00 -1.60e+01 
8 -4.00e-04 4.00e-04 -1.60e+01
9 1.20e-03 0.00e+00 -1.52e+01
10 4.00e-04 4.00e-04 -1.60e+01
11 -4.00e-04 0.00e+00 -1.52e+01
12 4.00e-04 4.00e-04 -1.76e+01
13 -4.00e-04 0.00e+00 -1.52e+01
14 4.00e-04 4.00e-04 -1.76e+01
15 -4.00e-04 0.00e+00 -1.68e+01
16 -4.00e-04 4.00e-04 -1.68e+01
17 1.20e-03 0.00e+00 -1.76e+01
18 4.00e-04 2.00e-04 -1.68e+01
19 -4.00e-04 6.00e-04 -1.84e+01
20 1.20e-03 2.00e-04 -1.84e+01
21 -4.00e-04 6.00e-04 -1.76e+01
22 4.00e-04 2.00e-04 -1.84e+01
23 -4.00e-04 6.00e-04 -1.76e+01
24 4.00e-04 6.00e-04 -1.76e+01
25 -4.00e-04 2.00e-04 -2.00e+01
26 4.00e-04 2.00e-04 -1.92e+01
27 -4.00e-04 6.00e-04 -2.00e+01
28 4.00e-04 4.00e-04 -1.92e+01
29 -4.00e-04 8.00e-04 -2.00e+01
30 4.00e-04 4.00e-04 -1.92e+01
31 -4.00e-04 1.00e-03 -2.08e+01
32 4.00e-04 8.00e-04 -2.08e+01
33 -4.00e-04 2.00e-04 -2.00e+01
34 1.20e-03 6.00e-04 -2.08e+01
35 0.00e+00 3.40e-03 -2.00e+01
36 -4.00e-04 3.00e-03 -2.00e+01
37 1.20e-03 2.00e-03 -2.24e+01
38 4.00e-04 2.60e-03 -2.16e+01
39 -4.00e-04 7.60e-03 -2.24e+01
40 0.00e+00 1.12e-02 -2.24e+01
41 8.00e-04 5.80e-03 -2.16e+01
42 1.20e-03 1.18e-02 -2.16e+01
43 -4.00e-04 4.40e-03 -2.32e+01
44 -4.00e-04 4.80e-03 -2.32e+01
45 8.00e-04 1.40e-03 -2.24e+01
46 4.00e-04 2.20e-03 -2.32e+01
47 0.00e+00 6.00e-04 -2.24e+01
48 0.00e+00 1.00e-03 -2.24e+01
49 8.00e-04 2.00e-04 -2.48e+01
50 1.20e-03 6.00e-04 -2.40e+01
51 0.00e+00 2.00e-04 -2.48e+01
52 0.00e+00 2.00e-04 -2.40e+01
53 8.00e-04 6.00e-04 -2.48e+01
54 8.00e-04 4.00e-04 -2.40e+01
55 -4.00e-04 0.00e+00 -2.56e+01
56 0.00e+00 4.00e-04 -2.48e+01
57 1.20e-03 0.00e+00 -2.56e+01
58 0.00e+00 4.00e-04 -2.48e+01
59 1.20e-03 0.00e+00 -2.56e+01
60 0.00e+00 4.00e-04 -2.48e+01
61 1.20e-03 0.00e+00 -2.72e+01
62 1.20e-03 4.00e-04 -2.56e+01
63 0.00e+00 0.00e+00 -2.72e+01
64 0.00e+00 4.00e-04 -2.64e+01
65 1.20e-03 0.00e+00 -2.72e+01
66 0.00e+00 0.00e+00 -2.64e+01
67 8.00e-04 4.00e-04 -2.80e+01
68 0.00e+00 0.00e+00 -2.80e+01
69 1.20e-03 4.00e-04 -2.64e+01
70 0.00e+00 0.00e+00 -2.80e+01
71 1.20e-03 4.00e-04 -2.72e+01
72 0.00e+00 4.00e-04 -2.72e+01
73 1.20e-03 0.00e+00 -2.88e+01
74 0.00e+00 4.00e-04 -2.96e+01
75 1.20e-03 0.00e+00 -2.72e+01
76 1.20e-03 0.00e+00 -2.96e+01
77 0.00e+00 4.00e-04 -2.88e+01
78 0.00e+00 0.00e+00 -2.88e+01
79 8.00e-04 4.00e-04 -3.04e+01
80 0.00e+00 0.00e+00 -3.04e+01
81 1.20e-03 4.00e-04 -2.88e+01
82 1.20e-03 4.00e-04 -3.04e+01
83 0.00e+00 0.00e+00 -2.96e+01
84 1.20e-03 0.00e+00 -3.04e+01
85 -4.00e-04 4.00e-04 -2.96e+01
86 -4.00e-04 0.00e+00 -2.96e+01
87 1.20e-03 4.00e-04 -3.20e+01
88 4.00e-04 0.00e+00 -3.12e+01
89 -4.00e-04 4.00e-04 -3.20e+01
90 4.00e-04 0.00e+00 -3.12e+01
91 -4.00e-04 4.00e-04 -3.28e+01
92 1.20e-03 4.00e-04 -3.12e+01
93 0.00e+00 0.00e+00 -3.28e+01
94 1.20e-03 4.00e-04 -3.28e+01
95 -4.00e-04 0.00e+00 -3.20e+01
96 8.00e-04 4.00e-04 -3.20e+01
97 -4.00e-04 0.00e+00 -3.36e+01
98 1.20e-03 0.00e+00 -3.20e+01
99 -4.00e-04 4.00e-04 -3.44e+01
100 0.00e+00 4.00e-04 -3.44e+01
101 1.20e-03 0.00e+00 -3.36e+01
102 0.00e+00 4.00e-04 -3.36e+01
103 1.20e-03 0.00e+00 -3.44e+01
104 1.20e-03 0.00e+00 -3.36e+01
105 0.00e+00 4.00e-04 -3.52e+01
106 0.00e+00 4.00e-04 -3.44e+01
107 1.20e-03 0.00e+00 -3.52e+01
108 0.00e+00 4.00e-04 -3.52e+01
109 1.20e-03 0.00e+00 -3.44e+01
110 1.20e-03 4.00e-04 -3.44e+01
111 0.00e+00 0.00e+00 -3.68e+01
112 0.00e+00 0.00e+00 -3.68e+01
113 1.20e-03 4.00e-04 -3.60e+01
114 0.00e+00 4.00e-04 -3.68e+01
115 1.20e-03 0.00e+00 -3.60e+01
116 0.00e+00 4.00e-04 -3.60e+01
117 1.20e-03 0.00e+00 -3.76e+01
118 8.00e-04 4.00e-04 -3.76e+01
119 0.00e+00 0.00e+00 -3.68e+01
120 1.20e-03 0.00e+00 -3.76e+01
121 0.00e+00 4.00e-04 -3.68e+01
122 1.20e-03 4.00e-04 -3.68e+01
123 0.00e+00 0.00e+00 -3.92e+01
124 1.20e-03 0.00e+00 -3.92e+01
125 -4.00e-04 4.00e-04 -3.84e+01
126 0.00e+00 4.00e-04 -3.84e+01
127 1.20e-03 0.00e+00 -3.92e+01
128 0.00e+00 4.00e-04 -3.84e+01
129 1.20e-03 0.00e+00 -4.00e+01
130 0.00e+00 4.00e-04 -4.00e+01
131 1.20e-03 0.00e+00 -3.92e+01
132 1.20e-03 4.00e-04 -4.00e+01
133 0.00e+00 0.00e+00 -3.92e+01
134 0.00e+00 4.00e-04 -3.92e+01
135 1.20e-03 0.00e+00 -4.16e+01
136 0.00e+00 4.00e-04 -4.16e+01
137 1.20e-03 0.00e+00 -4.00e+01
138 0.00e+00 4.00e-04 -4.16e+01
139 1.20e-03 0.00e+00 -4.08e+01
140 1.20e-03 0.00e+00 -4.08e+01
141 0.00e+00 4.00e-04 -4.24e+01
142 1.20e-03 4.00e-04 -4.24e+01
143 0.00e+00 0.00e+00 -4.16e+01
144 -4.00e-04 4.00e-04 -4.24e+01
145 1.20e-03 0.00e+00 -4.16e+01
146 4.00e-04 4.00e-04 -4.16e+01
147 -4.00e-04 0.00e+00 -4.40e+01
148 8.00e-04 4.00e-04 -4.32e+01
149 0.00e+00 0.00e+00 -4.40e+01
150 -4.00e-04 0.00e+00 -4.40e+01
151 1.20e-03 4.00e-04 -4.32e+01
152 -4.00e-04 0.00e+00 -4.32e+01
153 8.00e-04 4.00e-04 -4.48e+01
154 8.00e-04 0.00e+00 -4.48e+01
155 -4.00e-04 4.00e-04 -4.40e+01
156 1.20e-03 0.00e+00 -4.48e+01
157 0.00e+00 4.00e-04 -4.40e+01
158 0.00e+00 0.00e+00 -4.40e+01
159 1.20e-03 4.00e-04 -4.56e+01
160 1.20e-03 4.00e-04 -4.64e+01
161 0.00e+00 0.00e+00 -4.40e+01
162 0.00e+00 4.00e-04 -4.56e+01
163 1.20e-03 0.00e+00 -4.64e+01
164 0.00e+00 4.00e-04 -4.56e+01
165 1.20e-03 0.00e+00 -4.64e+01
166 0.00e+00 4.00e-04 -4.56e+01
167 1.20e-03 0.00e+00 -4.72e+01
168 1.20e-03 4.00e-04 -4.56e+01
169 0.00e+00 0.00e+00 -4.72e+01
170 1.20e-03 4.00e-04 -4.72e+01
171 0.00e+00 0.00e+00 -4.56e+01
172 1.20e-03 4.00e-04 -4.72e+01
173 0.00e+00 0.00e+00 -4.64e+01
174 -4.00e-04 4.00e-04 -4.72e+01
175 8.00e-04 0.00e+00 -4.56e+01
176 4.00e-04 0.00e+00 -4.72e+01
177 -4.00e-04 4.00e-04 -4.56e+01
178 1.20e-03 0.00e+00 -4.64e+01
179 -4.00e-04 4.00e-04 -4.56e+01
180 -4.00e-04 0.00e+00 -4.56e+01
181 1.20e-03 4.00e-04 -4.64e+01
182 8.00e-04 0.00e+00 -4.56e+01
183 -4.00e-04 4.00e-04 -4.64e+01
184 0.00e+00 4.00e-04 -4.56e+01
185 8.00e-04 0.00e+00 -4.64e+01
186 1.20e-03 4.00e-04 -4.64e+01
187 -4.00e-04 0.00e+00 -4.40e+01
188 0.00e+00 4.00e-04 -4.64e+01
189 8.00e-04 0.00e+00 -4.40e+01
190 0.00e+00 0.00e+00 -4.48e+01
191 1.20e-03 4.00e-04 -4.40e+01
192 1.20e-03 0.00e+00 -4.48e+01
193 0.00e+00 4.00e-04 -4.40e+01
194 1.20e-03 4.00e-04 -4.48e+01
195 0.00e+00 0.00e+00 -4.40e+01
196 -4.00e-04 4.00e-04 -4.48e+01
197 1.20e-03 0.00e+00 -4.32e+01
198 8.00e-04 4.00e-04 -4.32e+01
199 -4.00e-04 0.00e+00 -4.40e+01
200 0.00e+00 0.00e+00 -4.40e+01
201 4.00e-04 4.00e-04 -4.32e+01
202 4.00e-04 0.00e+00 -4.40e+01
203 0.00e+00 4.00e-04 -4.24e+01
204 4.00e-04 0.00e+00 -4.16e+01
205 -4.00e-04 4.00e-04 -4.40e+01
206 0.00e+00 0.00e+00 -4.16e+01
207 1.20e-03 4.00e-04 -4.24e+01
208 0.00e+00 0.00e+00 -4.24e+01
209 1.20e-03 4.00e-04 -4.16e+01
210 4.00e-04 0.00e+00 -4.24e+01
211 0.00e+00 4.00e-04 -4.08e+01
212 0.00e+00 4.00e-04 -4.08e+01
213 1.20e-03 0.00e+00 -4.16e+01
214 4.00e-04 4.00e-04 -4.08e+01
215 0.00e+00 0.00e+00 -4.16e+01
216 4.00e-04 4.00e-04 -4.16e+01
217 -4.00e-04 0.00e+00 -3.92e+01
218 4.00e-04 0.00e+00 -4.00e+01
219 0.00e+00 4.00e-04 -3.92e+01
220 1.20e-03 4.00e-04 -4.00e+01
221 0.00e+00 0.00e+00 -3.92e+01
222 0.00e+00 0.00e+00 -4.00e+01
223 8.00e-04 4.00e-04 -3.84e+01
224 4.00e-04 0.00e+00 -3.84e+01
225 -4.00e-04 4.00e-04 -4.00e+01
226 4.00e-04 0.00e+00 -3.92e+01
227 0.00e+00 4.00e-04 -3.84e+01
228 4.00e-04 4.00e-04 -3.92e+01
229 0.00e+00 0.00e+00 -3.76e+01
230 0.00e+00 0.00e+00 -3.84e+01
231 1.20e-03 4.00e-04 -3.68e+01
232 4.00e-04 0.00e+00 -3.76e+01
233 -4.00e-04 4.00e-04 -3.68e+01
234 0.00e+00 0.00e+00 -3.76e+01
235 1.20e-03 4.00e-04 -3.68e+01
236 4.00e-04 0.00e+00 -3.76e+01
237 0.00e+00 4.00e-04 -3.60e+01
238 0.00e+00 0.00e+00 -3.60e+01
239 4.00e-04 4.00e-04 -3.68e+01
240 1.20e-03 0.00e+00 -3.60e+01
241 0.00e+00 4.00e-04 -3.68e+01
242 0.00e+00 0.00e+00 -3.68e+01
243 8.00e-04 4.00e-04 -3.44e+01
244 8.00e-04 4.00e-04 -3.52e+01
245 0.00e+00 0.00e+00 -3.44e+01
246 0.00e+00 0.00e+00 -3.52e+01
247 1.20e-03 4.00e-04 -3.44e+01
248 8.00e-04 0.00e+00 -3.52e+01
249 -4.00e-04 4.00e-04 -3.36e+01
250 0.00e+00 0.00e+00 -3.44e+01
251 1.20e-03 4.00e-04 -3.36e+01
252 4.00e-04 4.00e-04 -3.44e+01
253 -4.00e-04 0.00e+00 -3.36e+01
254 0.00e+00 4.00e-04 -3.44e+01
255 8.00e-04 0.00e+00 -3.20e+01
256 0.00e+00 4.00e-04 -3.20e+01
257 1.20e-03 0.00e+00 -3.28e+01
258 0.00e+00 0.00e+00 -3.28e+01
259 1.20e-03 4.00e-04 -3.20e+01
260 0.00e+00 4.00e-04 -3.28e+01
261 8.00e-04 0.00e+00 -3.12e+01
262 0.00e+00 4.00e-04 -3.20e+01
263 1.20e-03 0.00e+00 -3.12e+01
264 0.00e+00 4.00e-04 -3.12e+01
265 1.20e-03 0.00e+00 -3.20e+01
266 0.00e+00 0.00e+00 -3.20e+01
267 8.00e-04 4.00e-04 -2.96e+01
268 4.00e-04 0.00e+00 -3.04e+01
269 -4.00e-04 4.00e-04 -2.96e+01
270 8.00e-04 4.00e-04 -3.04e+01
271 0.00e+00 0.00e+00 -2.96e+01
272 -4.00e-04 0.00e+00 -3.04e+01
273 8.00e-04 4.00e-04 -2.88e+01
274 1.20e-03 4.00e-04 -2.96e+01
275 0.00e+00 0.00e+00 -2.88e+01
276 1.20e-03 0.00e+00 -2.88e+01
277 -4.00e-04 4.00e-04 -2.96e+01
278 0.00e+00 0.00e+00 -2.96e+01
279 8.00e-04 4.00e-04 -2.72e+01
280 4.00e-04 4.00e-04 -2.80e+01
281 -4.00e-04 0.00e+00 -2.72e+01
282 4.00e-04 0.00e+00 -2.80e+01
283 -4.00e-04 4.00e-04 -2.72e+01
284 4.00e-04 4.00e-04 -2.80e+01
285 -4.00e-04 0.00e+00 -2.64e+01
286 0.00e+00 0.00e+00 -2.64e+01
287 8.00e-04 4.00e-04 -2.72e+01
288 4.00e-04 0.00e+00 -2.72e+01
289 -4.00e-04 4.00e-04 -2.64e+01
290 4.00e-04 0.00e+00 -2.72e+01
291 -4.00e-04 4.00e-04 -2.48e+01
292 4.00e-04 4.00e-04 -2.48e+01
293 -4.00e-04 0.00e+00 -2.56e+01
294 0.00e+00 0.00e+00 -2.56e+01
295 1.20e-03 4.00e-04 -2.48e+01
296 4.00e-04 4.00e-04 -2.56e+01
297 -4.00e-04 0.00e+00 -2.40e+01
298 8.00e-04 4.00e-04 -2.48e+01
299 -4.00e-04 0.00e+00 -2.40e+01
300 4.00e-04 0.00e+00 -2.48e+01
301 -4.00e-04 4.00e-04 -2.40e+01
302 4.00e-04 0.00e+00 -2.48e+01
303 0.00e+00 4.00e-04 -2.32e+01
304 4.00e-04 0.00e+00 -2.48e+01
305 -4.00e-04 4.00e-04 -2.24e+01
306 -4.00e-04 2.00e-04 -2.24e+01
307 1.20e-03 6.00e-04 -2.32e+01
308 0.00e+00 2.00e-04 -2.32e+01
309 1.20e-03 8.00e-04 -2.16e+01
310 0.00e+00 4.00e-04 -2.32e+01
311 1.20e-03 1.40e-03 -2.16e+01
312 1.20e-03 1.00e-03 -2.16e+01
313 -4.00e-04 1.80e-03 -2.24e+01
314 4.00e-04 1.60e-03 -2.24e+01
315 -4.00e-04 6.00e-03 -2.08e+01
316 4.00e-04 4.40e-03 -2.24e+01
317 -4.00e-04 8.80e-03 -2.00e+01
318 4.00e-04 3.40e-03 -2.08e+01
319 -4.00e-04 6.00e-03 -2.00e+01
320 1.20e-03 5.00e-03 -2.08e+01
321 -4.00e-04 1.80e-03 -2.00e+01
322 -4.00e-04 1.80e-03 -2.08e+01
323 4.00e-04 4.00e-04 -1.92e+01
324 0.00e+00 4.00e-04 -1.92e+01
325 8.00e-04 8.00e-04 -2.00e+01
326 0.00e+00 4.00e-04 -1.92e+01
327 8.00e-04 8.00e-04 -2.00e+01
328 0.00e+00 6.00e-04 -2.00e+01
329 1.20e-03 2.00e-04 -1.76e+01
330 0.00e+00 2.00e-04 -1.84e+01
331 1.20e-03 6.00e-04 -1.76e+01
332 4.00e-04 4.00e-04 -1.84e+01
333 -4.00e-04 0.00e+00 -1.76e+01
334 4.00e-04 0.00e+00 -1.84e+01
335 -4.00e-04 4.00e-04 -1.68e+01
336 4.00e-04 0.00e+00 -1.68e+01
337 -4.00e-04 4.00e-04 -1.76e+01
338 4.00e-04 0.00e+00 -1.76e+01
339 -4.00e-04 4.00e-04 -1.68e+01
340 4.00e-04 0.00e+00 -1.76e+01
341 -4.00e-04 4.00e-04 -1.52e+01
342 -4.00e-04 0.00e+00 -1.60e+01
343 4.00e-04 4.00e-04 -1.52e+01
344 4.00e-04 0.00e+00 -1.60e+01
345 -4.00e-04 4.00e-04 -1.52e+01
346 4.00e-04 0.00e+00 -1.60e+01
347 -4.00e-04 4.00e-04 -1.44e+01
348 -4.00e-04 0.00e+00 -1.44e+01
349 4.00e-04 4.00e-04 -1.52e+01
350 4.00e-04 0.00e+00 -1.44e+01
351 -4.00e-04 4.00e-04 -1.52e+01
352 4.00e-04 0.00e+00 -1.52e+01
353 -4.00e-04 4.00e-04 -1.28e+01
354 4.00e-04 0.00e+00 -1.36e+01
355 -4.00e-04 4.00e-04 -1.28e+01
356 4.00e-04 0.00e+00 -1.36e+01
357 -4.00e-04 4.00e-04 -1.28e+01
358 4.00e-04 0.00e+00 -1.36e+01
359 -4.00e-04 4.00e-04 -1.20e+01
360 -4.00e-04 0.00e+00 -1.28e+01
361 4.00e-04 4.00e-04 -1.20e+01
362 -4.00e-04 4.00e-04 -1.20e+01
363 4.00e-04 -2.00e-04 -1.28e+01
364 -4.00e-04 -2.00e-04 -1.28e+01
365 4.00e-04 4.00e-04 -1.04e+01
366 4.00e-04 0.00e+00 -1.12e+01
367 -4.00e-04 4.00e-04 -1.04e+01
368 -4.00e-04 4.00e-04 -1.04e+01
369 4.00e-04 -2.00e-04 -1.12e+01
370 -4.00e-04 2.00e-04 -1.12e+01
371 4.00e-04 -2.00e-04 -9.60e+00
372 -4.00e-04 0.00e+00 -9.60e+00
373 4.00e-04 4.00e-04 -1.04e+01
374 4.00e-04 2.00e-04 -9.60e+00
375 -4.00e-04 0.00e+00 -1.04e+01
376 4.00e-04 4.00e-04 -1.04e+01
377 -4.00e-04 -2.00e-04 -8.00e+00
378 -4.00e-04 0.00e+00 -8.80e+00
379 4.00e-04 4.00e-04 -8.00e+00
380 -4.00e-04 2.00e-04 -8.80e+00
381 4.00e-04 -2.00e-04 -8.00e+00
382 -4.00e-04 -2.00e-04 -8.80e+00
383 4.00e-04 4.00e-04 -7.20e+00
384 4.00e-04 0.00e+00 -7.20e+00
385 -4.00e-04 4.00e-04 -8.00e+00
386 -4.00e-04 0.00e+00 -7.20e+00
387 4.00e-04 4.00e-04 -8.00e+00
388 -4.00e-04 0.00e+00 -8.00e+00
389 4.00e-04 4.00e-04 -6.40e+00
390 -4.00e-04 0.00e+00 -6.40e+00
391 4.00e-04 4.00e-04 -5.60e+00
392 4.00e-04 2.00e-04 -6.40e+00
393 -4.00e-04 -2.00e-04 -5.60e+00
394 4.00e-04 4.00e-04 -6.40e+00
395 -4.00e-04 -2.00e-04 -4.80e+00
396 -4.00e-04 0.00e+00 -4.80e+00
397 4.00e-04 4.00e-04 -6.40e+00
398 -4.00e-04 0.00e+00 -5.60e+00
399 4.00e-04 4.00e-04 -4.80e+00
400 -4.00e-04 2.00e-04 -5.60e+00
401 4.00e-04 -2.00e-04 -3.20e+00
402 -4.00e-04 2.00e-04 -4.00e+00
403 4.00e-04 -2.00e-04 -3.20e+00
404 4.00e-04 0.00e+00 -4.00e+00
405 -4.00e-04 2.00e-04 -3.20e+00
406 -4.00e-04 2.00e-04 -4.00e+00
407 4.00e-04 -2.00e-04 -2.40e+00
408 -4.00e-04 0.00e+00 -2.40e+00
409 4.00e-04 4.00e-04 -4.00e+00
410 0.00e+00 0.00e+00 -3.20e+00
411 -8.00e-04 4.00e-04 -2.40e+00
412 -8.00e-04 -2.00e-04 -3.20e+00
413 4.00e-04 4.00e-04 -8.00e-01
414 -4.00e-04 2.00e-04 -3.20e+00
415 4.00e-04 -2.00e-04 -8.00e-01
416 -4.00e-04 -2.00e-04 -8.00e-01
417 4.00e-04 4.00e-04 -1.60e+00
418 -4.00e-04 -2.00e-04 -1.60e+00
419 4.00e-04 4.00e-04 0.00e+00
420 4.00e-04 0.00e+00 -1.60e+00
421 -8.00e-04 4.00e-04 0.00e+00
422 0.00e+00 0.00e+00 -8.00e-01
423 -8.00e-04 4.00e-04 0.00e+00
424 0.00e+00 0.00e+00 -8.00e-01
425 -8.00e-04 4.00e-04 8.00e-01
426 -8.00e-04 0.00e+00 -8.00e-01
427 4.00e-04 2.00e-04 1.60e+00
428 -4.00e-04 4.00e-04 8.00e-01
429 4.00e-04 -2.00e-04 1.60e+00
430 4.00e-04 2.00e-04 8.00e-01
431 -4.00e-04 0.00e+00 2.40e+00
432 -4.00e-04 0.00e+00 1.60e+00
433 4.00e-04 4.00e-04 2.40e+00
434 4.00e-04 4.00e-04 2.40e+00
435 -4.00e-04 -2.00e-04 1.60e+00
436 -4.00e-04 2.00e-04 1.60e+00
437 4.00e-04 -2.00e-04 3.20e+00
438 4.00e-04 0.00e+00 1.60e+00
439 -4.00e-04 4.00e-04 4.00e+00
440 -4.00e-04 0.00e+00 3.20e+00
441 4.00e-04 4.00e-04 4.00e+00
442 4.00e-04 -2.00e-04 3.20e+00
443 -4.00e-04 4.00e-04 4.80e+00
444 4.00e-04 0.00e+00 4.80e+00
445 -4.00e-04 4.00e-04 3.20e+00
446 0.00e+00 0.00e+00 4.00e+00
447 1.20e-03 4.00e-04 4.80e+00
448 4.00e-04 2.00e-04 4.00e+00
449 -4.00e-04 -2.00e-04 5.60e+00
450 4.00e-04 0.00e+00 6.40e+00
451 -4.00e-04 4.00e-04 4.00e+00
452 4.00e-04 0.00e+00 5.60e+00
453 -4.00e-04 4.00e-04 6.40e+00
454 -4.00e-04 0.00e+00 5.60e+00
455 4.00e-04 4.00e-04 6.40e+00
456 -4.00e-04 0.00e+00 5.60e+00
457 4.00e-04 4.00e-04 7.20e+00
458 -4.00e-04 0.00e+00 7.20e+00
459 4.00e-04 4.00e-04 6.40e+00
460 4.00e-04 2.00e-04 7.20e+00
461 -4.00e-04 0.00e+00 6.40e+00
462 -4.00e-04 2.00e-04 6.40e+00
463 4.00e-04 -2.00e-04 8.00e+00
464 -4.00e-04 2.00e-04 8.00e+00
465 4.00e-04 -2.00e-04 8.80e+00
466 -4.00e-04 2.00e-04 8.00e+00
467 4.00e-04 -2.00e-04 8.80e+00
468 4.00e-04 0.00e+00 8.00e+00
469 0.00e+00 4.00e-04 9.60e+00
470 4.00e-04 4.00e-04 9.60e+00
471 -4.00e-04 0.00e+00 8.80e+00
472 4.00e-04 2.00e-04 9.60e+00
473 -4.00e-04 -2.00e-04 8.80e+00
474 4.00e-04 0.00e+00 8.80e+00
475 -4.00e-04 4.00e-04 1.04e+01
476 4.00e-04 2.00e-04 1.12e+01
477 -4.00e-04 0.00e+00 1.04e+01
478 4.00e-04 0.00e+00 1.04e+01
479 -4.00e-04 4.00e-04 1.12e+01
480 4.00e-04 4.00e-04 1.04e+01
481 -4.00e-04 0.00e+00 1.20e+01
482 4.00e-04 0.00e+00 1.12e+01
483 -4.00e-04 4.00e-04 1.20e+01
484 4.00e-04 2.00e-04 1.12e+01
485 -4.00e-04 -2.00e-04 1.20e+01
486 1.20e-03 0.00e+00 1.12e+01
487 -4.00e-04 2.00e-04 1.28e+01
488 4.00e-04 4.00e-04 1.28e+01
489 -4.00e-04 -2.00e-04 1.36e+01
490 -4.00e-04 0.00e+00 1.28e+01
491 4.00e-04 4.00e-04 1.36e+01
492 4.00e-04 0.00e+00 1.28e+01
493 -4.00e-04 4.00e-04 1.44e+01
494 4.00e-04 0.00e+00 1.44e+01
495 -4.00e-04 4.00e-04 1.36e+01
496 -4.00e-04 0.00e+00 1.44e+01
497 4.00e-04 4.00e-04 1.36e+01
498 4.00e-04 0.00e+00 1.36e+01
499 -4.00e-04 4.00e-04 1.52e+01
500 4.00e-04 0.00e+00 1.52e+01
501 -4.00e-04 4.00e-04 1.52e+01
502 4.00e-04 2.00e-04 1.52e+01
503 -4.00e-04 -2.00e-04 1.60e+01
504 4.00e-04 0.00e+00 1.52e+01
505 -4.00e-04 2.00e-04 1.68e+01
506 4.00e-04 2.00e-04 1.68e+01
507 -4.00e-04 0.00e+00 1.60e+01
508 -4.00e-04 0.00e+00 1.68e+01
509 4.00e-04 4.00e-04 1.60e+01
510 4.00e-04 0.00e+00 1.60e+01
511 -4.00e-04 4.00e-04 1.84e+01
512 4.00e-04 0.00e+00 1.76e+01
513 -4.00e-04 4.00e-04 1.76e+01
514 4.00e-04 0.00e+00 1.76e+01
515 -4.00e-04 4.00e-04 1.76e+01
516 4.00e-04 2.00e-04 1.76e+01
517 -4.00e-04 0.00e+00 1.92e+01
518 -4.00e-04 0.00e+00 1.84e+01
519 4.00e-04 4.00e-04 1.92e+01
520 4.00e-04 0.00e+00 1.84e+01
521 -4.00e-04 4.00e-04 1.92e+01
522 4.00e-04 0.00e+00 1.84e+01
523 -4.00e-04 4.00e-04 2.00e+01
524 4.00e-04 4.00e-04 2.00e+01
525 -4.00e-04 0.00e+00 1.84e+01
526 -4.00e-04 0.00e+00 2.00e+01
527 4.00e-04 4.00e-04 2.00e+01
528 4.00e-04 0.00e+00 2.00e+01
529 -4.00e-04 6.00e-04 2.16e+01
530 -4.00e-04 2.00e-04 2.00e+01
531 4.00e-04 1.00e-03 2.16e+01
532 4.00e-04 4.00e-04 2.08e+01
533 -4.00e-04 2.40e-03 2.16e+01
534 4.00e-04 2.20e-03 2.08e+01
535 -4.00e-04 9.40e-03 2.24e+01
536 -4.00e-04 8.60e-03 2.24e+01
537 4.00e-04 1.22e-02 2.08e+01
538 -4.00e-04 9.80e-03 2.24e+01
539 4.00e-04 4.60e-03 2.24e+01
540 4.00e-04 4.40e-03 2.24e+01
541 -4.00e-04 2.40e-03 2.24e+01
542 4.00e-04 2.40e-03 2.24e+01
543 -4.00e-04 1.80e-03 2.40e+01
544 4.00e-04 2.00e-03 2.40e+01
545 -4.00e-04 1.20e-03 2.32e+01
546 4.00e-04 1.20e-03 2.40e+01
547 -4.00e-04 4.00e-04 2.32e+01
548 -4.00e-04 1.00e-03 2.32e+01
549 1.20e-03 6.00e-04 2.48e+01
550 0.00e+00 1.00e-03 2.48e+01
551 8.00e-04 2.00e-04 2.40e+01
552 4.00e-04 6.00e-04 2.48e+01
553 -4.00e-04 0.00e+00 2.40e+01
554 4.00e-04 0.00e+00 2.48e+01
555 -4.00e-04 4.00e-04 2.64e+01
556 -4.00e-04 0.00e+00 2.64e+01
557 4.00e-04 4.00e-04 2.56e+01
558 4.00e-04 0.00e+00 2.56e+01
559 -4.00e-04 4.00e-04 2.64e+01
560 4.00e-04 0.00e+00 2.56e+01
561 -4.00e-04 4.00e-04 2.72e+01
562 4.00e-04 0.00e+00 2.72e+01
563 -4.00e-04 4.00e-04 2.72e+01
564 4.00e-04 0.00e+00 2.72e+01
565 -4.00e-04 4.00e-04 2.64e+01
566 -4.00e-04 4.00e-04 2.72e+01
567 4.00e-04 0.00e+00 2.88e+01
568 4.00e-04 0.00e+00 2.80e+01
569 -4.00e-04 4.00e-04 2.88e+01
570 4.00e-04 0.00e+00 2.80e+01
571 -4.00e-04 4.00e-04 2.88e+01
572 4.00e-04 0.00e+00 2.80e+01
573 -4.00e-04 4.00e-04 2.96e+01
574 4.00e-04 2.00e-04 2.96e+01
575 -4.00e-04 0.00e+00 2.88e+01
576 4.00e-04 0.00e+00 2.96e+01
577 -4.00e-04 4.00e-04 2.88e+01
578 4.00e-04 0.00e+00 2.88e+01
579 -4.00e-04 4.00e-04 3.12e+01
580 4.00e-04 0.00e+00 3.04e+01
581 -4.00e-04 4.00e-04 3.12e+01
582 4.00e-04 0.00e+00 3.12e+01
583 -4.00e-04 4.00e-04 3.04e+01
584 4.00e-04 0.00e+00 3.04e+01
585 -4.00e-04 4.00e-04 3.20e+01
586 4.00e-04 0.00e+00 3.20e+01
587 0.00e+00 4.00e-04 3.12e+01
588 4.00e-04 0.00e+00 3.20e+01
589 -4.00e-04 4.00e-04 3.12e+01
590 4.00e-04 2.00e-04 3.12e+01
591 -4.00e-04 0.00e+00 3.36e+01
592 4.00e-04 0.00e+00 3.20e+01
593 -4.00e-04 4.00e-04 3.36e+01
594 4.00e-04 0.00e+00 3.36e+01
595 -4.00e-04 4.00e-04 3.28e+01
596 4.00e-04 0.00e+00 3.28e+01
597 -4.00e-04 4.00e-04 3.44e+01
598 -4.00e-04 0.00e+00 3.44e+01
599 4.00e-04 4.00e-04 3.36e+01
600 4.00e-04 -2.00e-04 3.44e+01
601 -4.00e-04 4.00e-04 3.36e+01
602 4.00e-04 0.00e+00 3.36e+01
603 -4.00e-04 2.00e-04 3.44e+01
604 4.00e-04 2.00e-04 3.44e+01
605 -4.00e-04 -2.00e-04 3.36e+01
606 4.00e-04 0.00e+00 3.36e+01
607 -4.00e-04 4.00e-04 3.60e+01
608 4.00e-04 0.00e+00 3.36e+01
609 -4.00e-04 2.00e-04 3.44e+01
610 4.00e-04 0.00e+00 3.44e+01
611 -4.00e-04 2.00e-04 3.36e+01
612 4.00e-04 0.00e+00 3.44e+01
613 -4.00e-04 2.00e-04 3.36e+01
614 4.00e-04 0.00e+00 3.44e+01
615 -4.00e-04 2.00e-04 3.36e+01
616 4.00e-04 0.00e+00 3.44e+01
617 -4.00e-04 2.00e-04 3.36e+01
618 4.00e-04 0.00e+00 3.44e+01
619 -4.00e-04 4.00e-04 3.36e+01
620 4.00e-04 0.00e+00 3.36e+01
621 -4.00e-04 4.00e-04 3.44e+01
622 -4.00e-04 0.00e+00 3.44e+01
623 4.00e-04 2.00e-04 3.28e+01
624 0.00e+00 0.00e+00 3.28e+01
625 8.00e-04 4.00e-04 3.36e+01
626 1.20e-03 0.00e+00 3.36e+01
627 0.00e+00 4.00e-04 3.28e+01
628 0.00e+00 0.00e+00 3.28e+01
629 1.20e-03 4.00e-04 3.36e+01
630 4.00e-04 4.00e-04 3.36e+01
631 0.00e+00 -2.00e-04 3.20e+01
632 1.20e-03 0.00e+00 3.20e+01
633 0.00e+00 4.00e-04 3.12e+01
634 0.00e+00 4.00e-04 3.20e+01
635 1.20e-03 -2.00e-04 3.12e+01
636 0.00e+00 0.00e+00 3.20e+01
637 1.20e-03 2.00e-04 3.04e+01
638 0.00e+00 0.00e+00 3.20e+01
639 1.20e-03 4.00e-04 3.04e+01
640 1.20e-03 4.00e-04 3.12e+01
641 0.00e+00 0.00e+00 3.04e+01
642 8.00e-04 4.00e-04 3.04e+01
643 -4.00e-04 -2.00e-04 3.12e+01
644 -4.00e-04 2.00e-04 3.12e+01
645 4.00e-04 0.00e+00 2.88e+01
646 0.00e+00 0.00e+00 2.96e+01
647 1.20e-03 4.00e-04 2.88e+01
648 1.20e-03 0.00e+00 2.96e+01
649 0.00e+00 4.00e-04 2.88e+01
650 1.20e-03 0.00e+00 2.96e+01
651 0.00e+00 4.00e-04 2.80e+01
652 1.20e-03 0.00e+00 2.88e+01
653 0.00e+00 4.00e-04 2.80e+01
654 -4.00e-04 0.00e+00 2.80e+01
655 1.20e-03 4.00e-04 2.88e+01
656 0.00e+00 0.00e+00 2.88e+01
657 1.20e-03 4.00e-04 2.72e+01
658 1.20e-03 0.00e+00 2.88e+01
659 0.00e+00 4.00e-04 2.64e+01
660 0.00e+00 0.00e+00 2.72e+01
661 1.20e-03 4.00e-04 2.64e+01
662 1.20e-03 4.00e-04 2.72e+01
663 0.00e+00 0.00e+00 2.64e+01
664 0.00e+00 0.00e+00 2.72e+01
665 1.20e-03 4.00e-04 2.56e+01
666 1.20e-03 4.00e-04 2.56e+01
667 0.00e+00 0.00e+00 2.64e+01
668 1.20e-03 4.00e-04 2.56e+01
669 0.00e+00 0.00e+00 2.64e+01
670 1.20e-03 0.00e+00 2.64e+01
671 0.00e+00 4.00e-04 2.48e+01
672 1.20e-03 4.00e-04 2.48e+01
673 0.00e+00 0.00e+00 2.48e+01
674 1.20e-03 0.00e+00 2.48e+01
675 0.00e+00 4.00e-04 2.40e+01
676 0.00e+00 6.00e-04 2.48e+01
677 1.20e-03 0.00e+00 2.32e+01
678 0.00e+00 2.00e-04 2.32e+01
679 1.20e-03 6.00e-04 2.40e+01
680 1.20e-03 6.00e-04 2.32e+01
681 0.00e+00 2.00e-04 2.40e+01
682 1.20e-03 2.00e-04 2.40e+01
683 0.00e+00 8.00e-04 2.24e+01
684 0.00e+00 4.00e-04 2.24e+01
685 1.20e-03 1.40e-03 2.16e+01
686 1.20e-03 1.20e-03 2.24e+01
687 0.00e+00 3.00e-03 2.16e+01
688 1.20e-03 2.80e-03 2.24e+01
689 0.00e+00 9.20e-03 2.08e+01
690 1.20e-03 7.40e-03 2.08e+01
691 4.00e-04 1.04e-02 2.16e+01
692 1.20e-03 1.06e-02 2.16e+01
693 0.00e+00 7.60e-03 2.08e+01
694 1.20e-03 1.08e-02 2.16e+01
695 0.00e+00 2.20e-03 2.00e+01
696 0.00e+00 4.80e-03 2.00e+01
697 1.20e-03 1.20e-03 2.00e+01
698 1.20e-03 1.60e-03 2.00e+01
699 0.00e+00 2.00e-04 2.00e+01
700 1.20e-03 6.00e-04 2.00e+01
701 0.00e+00 2.00e-04 1.84e+01
702 1.20e-03 0.00e+00 1.84e+01
703 0.00e+00 6.00e-04 2.00e+01
704 0.00e+00 4.00e-04 1.92e+01
705 1.20e-03 0.00e+00 1.84e+01
706 0.00e+00 6.00e-04 1.92e+01
707 1.20e-03 0.00e+00 1.76e+01
708 1.20e-03 0.00e+00 1.76e+01
709 0.00e+00 4.00e-04 1.84e+01
710 4.00e-04 4.00e-04 1.76e+01
711 -4.00e-04 0.00e+00 1.84e+01
712 -4.00e-04 4.00e-04 1.76e+01
713 4.00e-04 0.00e+00 1.68e+01
714 8.00e-04 0.00e+00 1.76e+01
715 -4.00e-04 4.00e-04 1.60e+01
716 4.00e-04 0.00e+00 1.60e+01
717 -4.00e-04 4.00e-04 1.68e+01
718 4.00e-04 0.00e+00 1.68e+01
719 -4.00e-04 4.00e-04 1.60e+01
720 -4.00e-04 4.00e-04 1.68e+01
721 1.20e-03 0.00e+00 1.52e+01
722 1.20e-03 4.00e-04 1.52e+01
723 0.00e+00 0.00e+00 1.60e+01
724 1.20e-03 4.00e-04 1.52e+01
725 0.00e+00 0.00e+00 1.60e+01
726 1.20e-03 4.00e-04 1.52e+01
727 0.00e+00 0.00e+00 1.36e+01
728 4.00e-04 0.00e+00 1.44e+01
729 -4.00e-04 4.00e-04 1.36e+01
730 0.00e+00 0.00e+00 1.36e+01
731 8.00e-04 4.00e-04 1.44e+01
732 8.00e-04 4.00e-04 1.44e+01
733 -4.00e-04 0.00e+00 1.28e+01
734 -4.00e-04 0.00e+00 1.28e+01
735 1.20e-03 4.00e-04 1.36e+01
736 1.20e-03 0.00e+00 1.28e+01
737 0.00e+00 4.00e-04 1.36e+01
738 0.00e+00 0.00e+00 1.28e+01
739 1.20e-03 4.00e-04 1.12e+01
740 0.00e+00 0.00e+00 1.12e+01
741 1.20e-03 4.00e-04 1.20e+01
742 0.00e+00 0.00e+00 1.12e+01
743 8.00e-04 4.00e-04 1.20e+01
744 4.00e-04 0.00e+00 1.20e+01
745 -4.00e-04 4.00e-04 1.04e+01
746 4.00e-04 4.00e-04 1.04e+01
747 -4.00e-04 0.00e+00 1.12e+01
748 4.00e-04 4.00e-04 1.04e+01
749 -4.00e-04 0.00e+00 1.12e+01
750 4.00e-04 0.00e+00 1.04e+01
751 -4.00e-04 4.00e-04 8.80e+00
752 4.00e-04 0.00e+00 8.80e+00
753 -4.00e-04 4.00e-04 9.60e+00
754 -4.00e-04 0.00e+00 8.80e+00
755 4.00e-04 4.00e-04 9.60e+00
756 4.00e-04 0.00e+00 9.60e+00
757 -4.00e-04 4.00e-04 8.00e+00
758 4.00e-04 0.00e+00 8.00e+00
759 -4.00e-04 4.00e-04 8.80e+00
760 0.00e+00 0.00e+00 8.00e+00
761 1.20e-03 4.00e-04 8.80e+00
762 1.20e-03 0.00e+00 8.80e+00
763 0.00e+00 4.00e-04 6.40e+00
764 1.20e-03 4.00e-04 6.40e+00
765 0.00e+00 0.00e+00 7.20e+00
766 0.00e+00 0.00e+00 7.20e+00
767 1.20e-03 4.00e-04 6.40e+00
768 1.20e-03 0.00e+00 7.20e+00
769 -4.00e-04 4.00e-04 5.60e+00
770 1.20e-03 0.00e+00 5.60e+00
771 0.00e+00 4.00e-04 6.40e+00
772 0.00e+00 4.00e-04 5.60e+00
773 1.20e-03 0.00e+00 5.60e+00
774 0.00e+00 0.00e+00 6.40e+00
775 1.20e-03 4.00e-04 4.00e+00
776 1.20e-03 0.00e+00 4.00e+00
777 0.00e+00 4.00e-04 4.80e+00
778 1.20e-03 4.00e-04 4.80e+00
779 0.00e+00 0.00e+00 4.00e+00
780 -4.00e-04 0.00e+00 4.80e+00
781 1.20e-03 4.00e-04 3.20e+00
782 0.00e+00 0.00e+00 3.20e+00
783 1.20e-03 4.00e-04 4.80e+00
784 0.00e+00 4.00e-04 3.20e+00
785 1.20e-03 0.00e+00 4.00e+00
786 0.00e+00 0.00e+00 4.00e+00
787 8.00e-04 4.00e-04 1.60e+00
788 0.00e+00 4.00e-04 3.20e+00
789 1.20e-03 0.00e+00 1.60e+00
790 8.00e-04 0.00e+00 2.40e+00
791 -4.00e-04 4.00e-04 1.60e+00
792 4.00e-04 4.00e-04 2.40e+00
793 -4.00e-04 0.00e+00 8.00e-01
794 -4.00e-04 4.00e-04 8.00e-01
795 4.00e-04 0.00e+00 2.40e+00
796 4.00e-04 4.00e-04 8.00e-01
797 0.00e+00 0.00e+00 1.60e+00
798 1.20e-03 0.00e+00 -8.00e-01
799 0.00e+00 4.00e-04 1.60e+00
800 0.00e+00 4.00e-04 -8.00e-01
801 8.00e-04 0.00e+00 8.00e-01
802 -4.00e-04 0.00e+00 0.00e+00
803 1.20e-03 4.00e-04 -8.00e-01
804 0.00e+00 4.00e-04 0.00e+00
805 1.20e-03 0.00e+00 -1.60e+00
806 0.00e+00 0.00e+00 -1.60e+00
807 8.00e-04 4.00e-04 0.00e+00
808 4.00e-04 0.00e+00 -8.00e-01
809 0.00e+00 4.00e-04 -1.60e+00
810 4.00e-04 0.00e+00 -8.00e-01
811 -4.00e-04 4.00e-04 -3.20e+00
812 4.00e-04 0.00e+00 -3.20e+00
813 -4.00e-04 4.00e-04 -8.00e-01
814 4.00e-04 4.00e-04 -2.40e+00
815 -4.00e-04 0.00e+00 -3.20e+00
816 4.00e-04 4.00e-04 -3.20e+00
817 0.00e+00 0.00e+00 -2.40e+00
818 4.00e-04 0.00e+00 -4.00e+00
819 -4.00e-04 4.00e-04 -2.40e+00
820 -4.00e-04 0.00e+00 -4.00e+00
821 4.00e-04 4.00e-04 -3.20e+00
822 -4.00e-04 0.00e+00 -4.00e+00
823 4.00e-04 4.00e-04 -3.20e+00
824 4.00e-04 0.00e+00 -4.00e+00
825 -4.00e-04 4.00e-04 -5.60e+00
826 4.00e-04 4.00e-04 -5.60e+00
827 -4.00e-04 0.00e+00 -4.80e+00
828 4.00e-04 4.00e-04 -4.80e+00
829 -4.00e-04 0.00e+00 -5.60e+00
830 4.00e-04 4.00e-04 -4.80e+00
831 -4.00e-04 0.00e+00 -6.40e+00
832 4.00e-04 4.00e-04 -6.40e+00
833 -4.00e-04 0.00e+00 -5.60e+00
834 4.00e-04 0.00e+00 -5.60e+00
835 -4.00e-04 4.00e-04 -6.40e+00
836 4.00e-04 0.00e+00 -5.60e+00
837 -4.00e-04 4.00e-04 -8.00e+00
838 4.00e-04 0.00e+00 -7.20e+00
839 -4.00e-04 4.00e-04 -8.00e+00
840 -4.00e-04 0.00e+00 -7.20e+00
841 4.00e-04 4.00e-04 -8.00e+00
842 -4.00e-04 4.00e-04 -7.20e+00
843 1.20e-03 0.00e+00 -8.80e+00
844 0.00e+00 4.00e-04 -8.80e+00
845 4.00e-04 0.00e+00 -8.00e+00
846 1.20e-03 4.00e-04 -8.80e+00
847 -4.00e-04 0.00e+00 -8.00e+00
848 0.00e+00 4.00e-04 -8.00e+00
849 1.20e-03 0.00e+00 -1.04e+01
850 1.20e-03 4.00e-04 -9.60e+00
851 -4.00e-04 0.00e+00 -1.04e+01
852 4.00e-04 0.00e+00 -9.60e+00
853 -4.00e-04 4.00e-04 -1.04e+01
854 4.00e-04 0.00e+00 -9.60e+00
855 0.00e+00 4.00e-04 -1.12e+01
856 0.00e+00 4.00e-04 -1.12e+01
857 1.20e-03 0.00e+00 -1.04e+01
858 0.00e+00 4.00e-04 -1.12e+01
859 1.20e-03 0.00e+00 -1.04e+01
860 1.20e-03 0.00e+00 -1.04e+01
861 -4.00e-04 4.00e-04 -1.28e+01
862 4.00e-04 0.00e+00 -1.20e+01
863 -4.00e-04 4.00e-04 -1.28e+01
864 -4.00e-04 0.00e+00 -1.20e+01
865 4.00e-04 4.00e-04 -1.28e+01
866 -4.00e-04 0.00e+00 -1.20e+01
867 4.00e-04 4.00e-04 -1.36e+01
868 4.00e-04 4.00e-04 -1.36e+01
869 -4.00e-04 0.00e+00 -1.28e+01
870 4.00e-04 0.00e+00 -1.28e+01
871 -4.00e-04 4.00e-04 -1.36e+01
872 4.00e-04 0.00e+00 -1.28e+01
873 -4.00e-04 4.00e-04 -1.52e+01
874 4.00e-04 4.00e-04 -1.44e+01
875 -4.00e-04 0.00e+00 -1.52e+01
876 4.00e-04 4.00e-04 -1.44e+01
877 -4.00e-04 0.00e+00 -1.52e+01
878 4.00e-04 0.00e+00 -1.44e+01
879 -4.00e-04 4.00e-04 -1.60e+01
880 -4.00e-04 4.00e-04 -1.60e+01
881 1.20e-03 0.00e+00 -1.52e+01
882 4.00e-04 2.00e-04 -1.60e+01
883 0.00e+00 4.00e-04 -1.52e+01
884 8.00e-04 6.00e-04 -1.52e+01
885 -4.00e-04 2.00e-04 -1.76e+01
886 -4.00e-04 2.00e-04 -1.76e+01
887 1.20e-03 8.00e-04 -1.60e+01
888 4.00e-04 2.00e-04 -1.76e+01
889 -4.00e-04 8.00e-04 -1.68e+01
890 4.00e-04 8.00e-04 -1.68e+01
891 -4.00e-04 4.00e-04 -1.84e+01
892 4.00e-04 4.00e-04 -1.84e+01
893 -4.00e-04 8.00e-04 -1.68e+01
894 4.00e-04 6.00e-04 -1.84e+01
895 -4.00e-04 1.40e-03 -1.76e+01
896 4.00e-04 1.20e-03 -1.76e+01
897 -4.00e-04 2.60e-03 -2.00e+01
898 0.00e+00 1.80e-03 -2.00e+01
899 1.20e-03 4.20e-03 -1.76e+01
900 4.00e-04 4.00e-03 -1.92e+01
901 -4.00e-04 6.60e-03 -2.00e+01
902 4.00e-04 5.00e-03 -1.92e+01
903 -4.00e-04 9.00e-03 -2.08e+01
904 0.00e+00 5.00e-03 -1.92e+01
905 8.00e-04 9.60e-03 -2.08e+01
906 -4.00e-04 8.40e-03 -2.08e+01
907 8.00e-04 1.80e-03 -2.00e+01
908 -4.00e-04 3.20e-03 -2.00e+01
909 8.00e-04 6.00e-04 -2.24e+01
910 4.00e-04 1.00e-03 -2.16e+01
911 -4.00e-04 4.00e-04 -2.24e+01
912 0.00e+00 6.00e-04 -2.16e+01
913 1.20e-03 2.00e-04 -2.24e+01
914 0.00e+00 6.00e-04 -2.16e+01
915 8.00e-04 2.00e-04 -2.24e+01
916 0.00e+00 2.00e-04 -2.16e+01
917 1.20e-03 6.00e-04 -2.32e+01
918 0.00e+00 2.00e-04 -2.32e+01
919 8.00e-04 4.00e-04 -2.24e+01
920 0.00e+00 4.00e-04 -2.32e+01
921 1.20e-03 0.00e+00 -2.24e+01
922 0.00e+00 4.00e-04 -2.24e+01
923 1.20e-03 0.00e+00 -2.48e+01
924 1.20e-03 2.00e-04 -2.40e+01
925 0.00e+00 6.00e-04 -2.48e+01
926 0.00e+00 6.00e-04 -2.40e+01
927 1.20e-03 0.00e+00 -2.48e+01
928 1.20e-03 2.00e-04 -2.40e+01
929 0.00e+00 4.00e-04 -2.56e+01
930 0.00e+00 4.00e-04 -2.48e+01
931 1.20e-03 0.00e+00 -2.56e+01
932 0.00e+00 2.00e-04 -2.56e+01
933 1.20e-03 4.00e-04 -2.48e+01
934 4.00e-04 2.00e-04 -2.48e+01
935 1.20e-03 4.00e-04 -2.72e+01
936 1.20e-03 4.00e-04 -2.64e+01
937 0.00e+00 0.00e+00 -2.72e+01
938 1.20e-03 4.00e-04 -2.64e+01
939 0.00e+00 0.00e+00 -2.72e+01
940 1.20e-03 4.00e-04 -2.64e+01
941 0.00e+00 0.00e+00 -2.80e+01
942 1.20e-03 4.00e-04 -2.80e+01
943 0.00e+00 0.00e+00 -2.72e+01
944 1.20e-03 0.00e+00 -2.72e+01
945 0.00e+00 4.00e-04 -2.80e+01
946 0.00e+00 4.00e-04 -2.72e+01
947 1.20e-03 0.00e+00 -2.96e+01
948 0.00e+00 4.00e-04 -2.88e+01
949 1.20e-03 0.00e+00 -2.96e+01
950 1.20e-03 0.00e+00 -2.96e+01
951 0.00e+00 4.00e-04 -2.88e+01
952 0.00e+00 4.00e-04 -2.88e+01
953 1.20e-03 0.00e+00 -3.04e+01
954 0.00e+00 4.00e-04 -2.96e+01
955 1.20e-03 0.00e+00 -3.04e+01
956 1.20e-03 4.00e-04 -3.04e+01
957 0.00e+00 0.00e+00 -2.96e+01
958 0.00e+00 4.00e-04 -2.96e+01
959 1.20e-03 0.00e+00 -3.20e+01
960 1.20e-03 4.00e-04 -3.12e+01
961 0.00e+00 0.00e+00 -3.20e+01
962 4.00e-04 0.00e+00 -3.12e+01
963 1.20e-03 4.00e-04 -3.20e+01
964 0.00e+00 2.00e-04 -3.12e+01
965 1.20e-03 4.00e-04 -3.28e+01
966 1.20e-03 4.00e-04 -3.28e+01
967 0.00e+00 0.00e+00 -3.20e+01
968 1.20e-03 4.00e-04 -3.20e+01
969 0.00e+00 0.00e+00 -3.28e+01
970 1.20e-03 0.00e+00 -3.20e+01
971 0.00e+00 4.00e-04 -3.44e+01
972 0.00e+00 0.00e+00 -3.44e+01
973 1.20e-03 4.00e-04 -3.28e+01
974 0.00e+00 4.00e-04 -3.36e+01
975 1.20e-03 0.00e+00 -3.44e+01
976 0.00e+00 4.00e-04 -3.36e+01
977 1.20e-03 0.00e+00 -3.52e+01
978 1.20e-03 4.00e-04 -3.52e+01
979 0.00e+00 0.00e+00 -3.36e+01
980 1.20e-03 0.00e+00 -3.44e+01
981 0.00e+00 6.00e-04 -3.52e+01
982 1.20e-03 4.00e-04 -3.44e+01
983 0.00e+00 0.00e+00 -3.68e+01
984 1.20e-03 4.00e-04 -3.60e+01
985 0.00e+00 0.00e+00 -3.68e+01
986 1.20e-03 6.00e-04 -3.60e+01
987 4.00e-04 0.00e+00 -3.68e+01
988 1.20e-03 0.00e+00 -3.60e+01
989 4.00e-04 4.00e-04 -3.68e+01
990 4.00e-04 0.00e+00 -3.60e+01
991 1.20e-03 4.00e-04 -3.76e+01
992 8.00e-04 4.00e-04 -3.76e+01
993 1.60e-03 0.00e+00 -3.68e+01
994 1.20e-03 4.00e-04 -3.68e+01
995 0.00e+00 0.00e+00 -3.92e+01
996 1.20e-03 4.00e-04 -3.68e+01
997 0.00e+00 0.00e+00 -3.92e+01
998 0.00e+00 4.00e-04 -3.92e+01
999 1.60e-03 0.00e+00 -3.84e+01
1000 1.20e-03 4.00e-04 -3.84e+01
1001 8.00e-04 0.00e+00 -4.00e+01
1002 1.60e-03 4.00e-04 -3.84e+01
1003 0.00e+00 0.00e+00 -4.00e+01
1004 0.00e+00 4.00e-04 -4.00e+01
1005 1.60e-03 0.00e+00 -3.92e+01
1006 1.20e-03 0.00e+00 -4.00e+01
1007 4.00e-04 4.00e-04 -3.92e+01
1008 1.20e-03 0.00e+00 -3.92e+01
1009 4.00e-04 4.00e-04 -4.16e+01
1010 8.00e-04 0.00e+00 -4.08e+01
1011 1.60e-03 4.00e-04 -4.16e+01
1012 1.60e-03 4.00e-04 -4.08e+01
1013 8.00e-04 0.00e+00 -4.16e+01
1014 4.00e-04 4.00e-04 -4.08e+01
1015 1.60e-03 0.00e+00 -4.24e+01
1016 8.00e-04 4.00e-04 -4.24e+01
1017 1.60e-03 0.00e+00 -4.16e+01
1018 8.00e-04 0.00e+00 -4.24e+01
1019 1.60e-03 4.00e-04 -4.16e+01
1020 8.00e-04 0.00e+00 -4.16e+01
1021 1.60e-03 4.00e-04 -4.40e+01
1022 8.00e-04 0.00e+00 -4.32e+01
1023 1.60e-03 4.00e-04 -4.40e+01
1024 1.60e-03 4.00e-04 -4.32e+01
1025 0.00e+00 0.00e+00 -4.40e+01
1026 0.00e+00 4.00e-04 -4.32e+01
1027 1.60e-03 0.00e+00 -4.48e+01
1028 1.20e-03 0.00e+00 -4.40e+01
1029 4.00e-04 4.00e-04 -4.48e+01
1030 1.20e-03 0.00e+00 -4.48e+01
1031 0.00e+00 4.00e-04 -4.40e+01
1032 8.00e-04 4.00e-04 -4.40e+01
1033 1.60e-03 0.00e+00 -4.64e+01
1034 1.60e-03 4.00e-04 -4.56e+01
1035 8.00e-04 0.00e+00 -4.64e+01
1036 1.60e-03 4.00e-04 -4.56e+01
1037 8.00e-04 -2.00e-04 -4.64e+01
1038 1.60e-03 4.00e-04 -4.64e+01
1039 8.00e-04 0.00e+00 -4.56e+01
1040 8.00e-04 0.00e+00 -4.56e+01
1041 1.60e-03 4.00e-04 -4.72e+01
1042 8.00e-04 4.00e-04 -4.72e+01
1043 1.60e-03 0.00e+00 -4.56e+01
1044 8.00e-04 4.00e-04 -4.64e+01
1045 1.60e-03 0.00e+00 -4.72e+01
1046 1.60e-03 4.00e-04 -4.72e+01
1047 8.00e-04 0.00e+00 -4.56e+01
1048 8.00e-04 4.00e-04 -4.72e+01
1049 1.60e-03 0.00e+00 -4.56e+01
1050 1.60e-03 0.00e+00 -4.56e+01
1051 4.00e-04 4.00e-04 -4.72e+01
1052 1.20e-03 4.00e-04 -4.56e+01
1053 4.00e-04 0.00e+00 -4.64e+01
1054 1.20e-03 4.00e-04 -4.56e+01
1055 0.00e+00 0.00e+00 -4.64e+01
1056 8.00e-04 4.00e-04 -4.56e+01
1057 1.60e-03 0.00e+00 -4.64e+01
1058 8.00e-04 4.00e-04 -4.56e+01
1059 1.60e-03 0.00e+00 -4.64e+01
1060 1.60e-03 0.00e+00 -4.64e+01
1061 4.00e-04 4.00e-04 -4.40e+01
1062 8.00e-04 0.00e+00 -4.40e+01
1063 1.60e-03 4.00e-04 -4.64e+01
1064 8.00e-04 0.00e+00 -4.40e+01
1065 1.60e-03 4.00e-04 -4.48e+01
1066 8.00e-04 4.00e-04 -4.40e+01
1067 1.60e-03 0.00e+00 -4.48e+01
1068 8.00e-04 0.00e+00 -4.48e+01
1069 1.60e-03 4.00e-04 -4.32e+01
1070 8.00e-04 0.00e+00 -4.32e+01
1071 1.60e-03 4.00e-04 -4.48e+01
1072 1.60e-03 4.00e-04 -4.32e+01
1073 8.00e-04 0.00e+00 -4.40e+01
1074 1.60e-03 4.00e-04 -4.40e+01
1075 4.00e-04 0.00e+00 -4.32e+01
1076 4.00e-04 4.00e-04 -4.40e+01
1077 1.60e-03 0.00e+00 -4.16e+01
1078 1.60e-03 4.00e-04 -4.24e+01
1079 0.00e+00 0.00e+00 -4.16e+01
1080 4.00e-04 0.00e+00 -4.24e+01
1081 1.60e-03 4.00e-04 -4.16e+01
1082 0.00e+00 0.00e+00 -4.24e+01
1083 1.20e-03 4.00e-04 -4.08e+01
1084 4.00e-04 0.00e+00 -4.24e+01
1085 1.60e-03 4.00e-04 -4.08e+01
1086 1.20e-03 0.00e+00 -4.08e+01
1087 0.00e+00 4.00e-04 -4.16e+01
1088 4.00e-04 0.00e+00 -4.16e+01
1089 1.20e-03 4.00e-04 -3.92e+01
1090 0.00e+00 4.00e-04 -4.16e+01
1091 1.60e-03 0.00e+00 -3.92e+01
1092 1.60e-03 4.00e-04 -3.92e+01
1093 4.00e-04 0.00e+00 -4.00e+01
1094 1.60e-03 4.00e-04 -4.00e+01
1095 4.00e-04 0.00e+00 -3.92e+01
1096 4.00e-04 0.00e+00 -4.00e+01
1097 1.60e-03 4.00e-04 -3.84e+01
1098 4.00e-04 0.00e+00 -3.92e+01
1099 1.60e-03 4.00e-04 -3.84e+01
1100 1.60e-03 4.00e-04 -3.84e+01
1101 0.00e+00 0.00e+00 -3.92e+01
1102 8.00e-04 4.00e-04 -3.92e+01
1103 1.20e-03 0.00e+00 -3.68e+01
1104 8.00e-04 4.00e-04 -3.76e+01
1105 1.60e-03 0.00e+00 -3.68e+01
1106 1.60e-03 4.00e-04 -3.68e+01
1107 0.00e+00 0.00e+00 -3.76e+01
1108 4.00e-04 0.00e+00 -3.76e+01
1109 1.60e-03 4.00e-04 -3.60e+01
1110 4.00e-04 4.00e-04 -3.60e+01
1111 1.60e-03 0.00e+00 -3.68e+01
1112 8.00e-04 4.00e-04 -3.68e+01
1113 1.60e-03 0.00e+00 -3.60e+01
1114 1.20e-03 4.00e-04 -3.68e+01
1115 0.00e+00 0.00e+00 -3.44e+01
1116 1.20e-03 0.00e+00 -3.52e+01
1117 0.00e+00 4.00e-04 -3.44e+01
1118 4.00e-04 4.00e-04 -3.52e+01
1119 1.60e-03 0.00e+00 -3.44e+01
1120 8.00e-04 0.00e+00 -3.52e+01
1121 1.60e-03 4.00e-04 -3.36e+01
1122 1.60e-03 4.00e-04 -3.36e+01
1123 4.00e-04 0.00e+00 -3.44e+01
1124 8.00e-04 4.00e-04 -3.36e+01
1125 1.60e-03 0.00e+00 -3.44e+01
1126 8.00e-04 0.00e+00 -3.44e+01
1127 1.60e-03 4.00e-04 -3.20e+01
1128 1.60e-03 0.00e+00 -3.28e+01
1129 0.00e+00 4.00e-04 -3.20e+01
1130 1.60e-03 4.00e-04 -3.28e+01
1131 8.00e-04 0.00e+00 -3.20e+01
1132 8.00e-04 4.00e-04 -3.28e+01
1133 1.60e-03 0.00e+00 -3.12e+01
1134 4.00e-04 4.00e-04 -3.12e+01
1135 1.60e-03 0.00e+00 -3.28e+01
1136 1.60e-03 4.00e-04 -3.12e+01
1137 0.00e+00 0.00e+00 -3.20e+01
1138 8.00e-04 4.00e-04 -3.20e+01
1139 1.60e-03 0.00e+00 -2.96e+01
1140 0.00e+00 0.00e+00 -2.96e+01
1141 1.60e-03 4.00e-04 -3.20e+01
1142 1.60e-03 0.00e+00 -3.04e+01
1143 4.00e-04 4.00e-04 -2.96e+01
1144 1.60e-03 0.00e+00 -3.04e+01
1145 4.00e-04 4.00e-04 -2.96e+01
1146 0.00e+00 0.00e+00 -3.04e+01
1147 1.60e-03 4.00e-04 -2.88e+01
1148 1.20e-03 0.00e+00 -2.88e+01
1149 0.00e+00 4.00e-04 -2.96e+01
1150 1.20e-03 0.00e+00 -2.88e+01
1151 0.00e+00 4.00e-04 -2.96e+01
1152 1.20e-03 0.00e+00 -2.72e+01
1153 0.00e+00 4.00e-04 -2.96e+01
1154 1.20e-03 0.00e+00 -2.80e+01
1155 0.00e+00 4.00e-04 -2.72e+01
1156 1.20e-03 0.00e+00 -2.80e+01
1157 0.00e+00 4.00e-04 -2.72e+01
1158 1.20e-03 0.00e+00 -2.64e+01
1159 0.00e+00 4.00e-04 -2.80e+01
1160 1.20e-03 0.00e+00 -2.72e+01
1161 0.00e+00 4.00e-04 -2.64e+01
1162 1.20e-03 0.00e+00 -2.64e+01
1163 0.00e+00 4.00e-04 -2.72e+01
1164 1.20e-03 4.00e-04 -2.72e+01
1165 0.00e+00 0.00e+00 -2.48e+01
1166 1.20e-03 4.00e-04 -2.56e+01
1167 0.00e+00 0.00e+00 -2.48e+01
1168 0.00e+00 0.00e+00 -2.56e+01
1169 1.20e-03 4.00e-04 -2.48e+01
1170 0.00e+00 0.00e+00 -2.56e+01
1171 1.60e-03 4.00e-04 -2.40e+01
1172 1.20e-03 0.00e+00 -2.40e+01
1173 0.00e+00 4.00e-04 -2.48e+01
1174 0.00e+00 4.00e-04 -2.40e+01
1175 1.20e-03 0.00e+00 -2.48e+01
1176 4.00e-04 0.00e+00 -2.48e+01
1177 1.60e-03 4.00e-04 -2.24e+01
1178 1.20e-03 4.00e-04 -2.32e+01
1179 0.00e+00 0.00e+00 -2.24e+01
1180 1.20e-03 0.00e+00 -2.32e+01
1181 0.00e+00 4.00e-04 -2.24e+01
1182 1.20e-03 0.00e+00 -2.32e+01
1183 0.00e+00 4.00e-04 -2.16e+01
1184 1.20e-03 0.00e+00 -2.24e+01
1185 0.00e+00 4.00e-04 -2.16e+01
1186 1.20e-03 4.00e-04 -2.24e+01
1187 4.00e-04 0.00e+00 -2.16e+01
1188 0.00e+00 0.00e+00 -2.24e+01
1189 1.20e-03 4.00e-04 -2.00e+01
1190 1.20e-03 0.00e+00 -2.08e+01
1191 0.00e+00 6.00e-04 -2.00e+01
1192 0.00e+00 2.00e-04 -2.08e+01
1193 1.20e-03 6.00e-04 -2.00e+01
1194 1.20e-03 6.00e-04 -2.08e+01
1195 0.00e+00 2.00e-04 -1.92e+01
1196 1.20e-03 6.00e-04 -1.92e+01
1197 0.00e+00 2.00e-04 -2.00e+01
1198 1.20e-03 2.00e-04 -1.92e+01
1199 0.00e+00 8.00e-04 -2.00e+01
