-2184.52	-16.38
-2181.51	-16.38
-2178.50	-16.38
-2175.49	-24.58
-2172.49	45.06
-2169.48	30.72
-2166.48	149.50
-2163.48	-51.20
-2160.47	81.92
-2157.47	-36.86
-2154.47	40.96
-2151.48	20.48
-2148.48	75.77
-2145.49	-18.43
-2142.49	-22.53
-2139.50	-26.62
-2136.51	26.62
-2133.52	-90.11
-2130.53	419.83
-2127.54	688.12
-2124.55	563.19
-2121.57	569.34
-2118.58	546.81
-2115.60	454.65
-2112.62	555.00
-2109.64	630.77
-2106.66	618.49
-2103.68	536.57
-2100.70	624.63
-2097.73	577.53
-2094.75	589.82
-2091.78	528.38
-2088.81	559.10
-2085.83	530.42
-2082.86	532.47
-2079.90	690.17
-2076.93	546.81
-2073.96	606.20
-2071.00	501.75
-2068.03	743.41
-2065.07	819.19
-2062.11	696.31
-2059.15	610.29
-2056.19	600.05
-2053.23	493.56
-2050.27	716.79
-2047.32	569.34
-2044.36	522.23
-2041.41	698.36
-2038.46	428.03
-2035.51	602.10
-2032.56	546.81
-2029.61	532.47
-2026.66	624.63
-2023.72	575.48
-2020.77	550.90
-2017.83	473.08
-2014.88	509.94
-2011.94	600.05
-2009.00	436.22
-2006.06	634.87
-2003.13	550.90
-2000.19	444.41
-1997.25	509.94
-1994.32	555.00
-1991.39	655.35
-1988.45	475.13
-1985.52	581.62
-1982.59	694.26
-1979.67	462.84
-1976.74	636.92
-1973.81	667.64
-1970.89	489.46
-1967.96	559.10
-1965.04	518.14
-1962.12	557.05
-1959.20	544.76
-1956.28	647.16
-1953.36	663.54
-1950.45	552.95
-1947.53	669.69
-1944.62	557.05
-1941.70	610.29
-1938.79	546.81
-1935.88	485.37
-1932.97	403.45
-1930.06	604.15
-1927.15	618.49
-1924.25	550.90
-1921.34	548.86
-1918.44	446.46
-1915.54	649.21
-1912.63	589.82
-1909.73	638.97
-1906.83	638.97
-1903.94	600.05
-1901.04	585.72
-1898.14	540.66
-1895.25	528.38
-1892.36	526.33
-1889.46	622.58
-1886.57	491.51
-1883.68	395.26
-1880.79	499.70
-1877.91	675.83
-1875.02	567.29
-1872.13	546.81
-1869.25	600.05
-1866.37	655.35
-1863.48	704.50
-1860.60	544.76
-1857.72	641.01
-1854.84	565.24
-1851.97	530.42
-1849.09	526.33
-1846.22	425.98
-1843.34	317.44
-1840.47	595.96
-1837.60	409.59
-1834.73	579.58
-1831.86	620.53
-1828.99	466.94
-1826.12	743.41
-1823.26	495.61
-1820.39	649.21
-1817.53	690.17
-1814.67	559.10
-1811.80	647.16
-1808.94	620.53
-1806.08	546.81
-1803.23	489.46
-1800.37	583.67
-1797.51	575.48
-1794.66	536.57
-1791.81	552.95
-1788.95	452.60
-1786.10	598.01
-1783.25	466.94
-1780.40	509.94
-1777.56	821.24
-1774.71	583.67
-1771.86	464.89
-1769.02	581.62
-1766.18	497.66
-1763.33	583.67
-1760.49	477.18
-1757.65	536.57
-1754.81	577.53
-1751.98	638.97
-1749.14	616.44
-1746.30	630.77
-1743.47	518.14
-1740.64	782.32
-1737.81	544.76
-1734.97	569.34
-1732.14	493.56
-1729.32	571.38
-1726.49	497.66
-1723.66	530.42
-1720.84	456.70
-1718.01	698.36
-1715.19	593.91
-1712.37	638.97
-1709.55	550.90
-1706.73	557.05
-1703.91	600.05
-1701.09	620.53
-1698.27	557.05
-1695.46	610.29
-1692.65	550.90
-1689.83	684.02
-1687.02	548.86
-1684.21	520.18
-1681.40	753.65
-1678.59	528.38
-1675.78	489.46
-1672.98	608.25
-1670.17	499.70
-1667.37	622.58
-1664.56	636.92
-1661.76	651.25
-1658.96	778.23
-1656.16	565.24
-1653.36	534.52
-1650.57	442.36
-1647.77	567.29
-1644.97	501.75
-1642.18	690.17
-1639.39	522.23
-1636.60	501.75
-1633.80	546.81
-1631.01	509.94
-1628.23	587.77
-1625.44	647.16
-1622.65	647.16
-1619.87	616.44
-1617.08	704.50
-1614.30	544.76
-1611.52	573.43
-1608.74	614.39
-1605.96	561.14
-1603.18	585.72
-1600.40	432.12
-1597.62	563.19
-1594.85	419.83
-1592.07	579.58
-1589.30	577.53
-1586.53	659.45
-1583.76	417.79
-1580.99	581.62
-1578.22	634.87
-1575.45	563.19
-1572.68	593.91
-1569.92	544.76
-1567.15	536.57
-1564.39	641.01
-1561.63	452.60
-1558.86	575.48
-1556.10	583.67
-1553.34	428.03
-1550.59	557.05
-1547.83	710.65
-1545.07	428.03
-1542.32	552.95
-1539.56	337.91
-1536.81	563.19
-1534.06	581.62
-1531.31	536.57
-1528.56	704.50
-1525.81	552.95
-1523.06	636.92
-1520.32	382.97
-1517.57	538.62
-1514.83	528.38
-1512.09	524.28
-1509.34	563.19
-1506.60	530.42
-1503.86	604.15
-1501.12	468.98
-1498.39	499.70
-1495.65	454.65
-1492.91	442.36
-1490.18	481.27
-1487.45	495.61
-1484.71	520.18
-1481.98	581.62
-1479.25	557.05
-1476.52	532.47
-1473.80	493.56
-1471.07	518.14
-1468.34	737.27
-1465.62	534.52
-1462.89	544.76
-1460.17	659.45
-1457.45	534.52
-1454.73	425.98
-1452.01	473.08
-1449.29	524.28
-1446.57	698.36
-1443.86	450.55
-1441.14	612.34
-1438.43	559.10
-1435.71	694.26
-1433.00	491.51
-1430.29	475.13
-1427.58	528.38
-1424.87	380.92
-1422.16	542.71
-1419.46	571.38
-1416.75	456.70
-1414.05	485.37
-1411.34	452.60
-1408.64	657.40
-1405.94	536.57
-1403.24	612.34
-1400.54	638.97
-1397.84	-901.11
-1395.14	499.70
-1392.45	645.11
-1389.75	602.10
-1387.06	610.29
-1384.36	530.42
-1381.67	550.90
-1378.98	491.51
-1376.29	491.51
-1373.60	524.28
-1370.91	526.33
-1368.23	600.05
-1365.54	546.81
-1362.86	565.24
-1360.17	559.10
-1357.49	653.30
-1354.81	692.21
-1352.13	477.18
-1349.45	612.34
-1346.77	598.01
-1344.09	444.41
-1341.42	530.42
-1338.74	581.62
-1336.07	651.25
-1333.39	548.86
-1330.72	501.75
-1328.05	372.73
-1325.38	589.82
-1322.71	571.38
-1320.04	577.53
-1317.37	446.46
-1314.71	632.82
-1312.04	645.11
-1309.38	501.75
-1306.72	528.38
-1304.05	544.76
-1301.39	569.34
-1298.73	575.48
-1296.08	499.70
-1293.42	411.64
-1290.76	579.58
-1288.10	643.06
-1285.45	546.81
-1282.80	653.30
-1280.14	419.83
-1277.49	514.04
-1274.84	505.85
-1272.19	651.25
-1269.54	466.94
-1266.90	456.70
-1264.25	473.08
-1261.60	393.21
-1258.96	464.89
-1256.32	509.94
-1253.67	520.18
-1251.03	550.90
-1248.39	589.82
-1245.75	600.05
-1243.11	487.42
-1240.48	499.70
-1237.84	557.05
-1235.20	524.28
-1232.57	638.97
-1229.94	497.66
-1227.31	618.49
-1224.67	526.33
-1222.04	442.36
-1219.41	290.81
-1216.79	548.86
-1214.16	546.81
-1211.53	434.17
-1208.91	454.65
-1206.28	464.89
-1203.66	430.07
-1201.04	671.73
-1198.42	509.94
-1195.80	511.99
-1193.18	544.76
-1190.56	495.61
-1187.94	567.29
-1185.33	585.72
-1182.71	575.48
-1180.10	454.65
-1177.49	626.68
-1174.87	485.37
-1172.26	530.42
-1169.65	540.66
-1167.04	448.51
-1164.44	520.18
-1161.83	507.90
-1159.22	458.74
-1156.62	428.03
-1154.01	456.70
-1151.41	634.87
-1148.81	534.52
-1146.21	528.38
-1143.61	481.27
-1141.01	358.39
-1138.41	411.64
-1135.81	448.51
-1133.22	497.66
-1130.62	536.57
-1128.03	511.99
-1125.44	458.75
-1122.84	520.18
-1120.25	550.90
-1117.66	581.62
-1115.07	583.67
-1112.49	555.00
-1109.90	536.57
-1107.31	452.60
-1104.73	430.07
-1102.14	473.08
-1099.56	548.86
-1096.98	622.58
-1094.40	540.66
-1091.82	569.34
-1089.24	577.53
-1086.66	481.27
-1084.08	669.69
-1081.51	378.87
-1078.93	522.23
-1076.36	466.94
-1073.79	606.20
-1071.21	649.21
-1068.64	520.18
-1066.07	460.79
-1063.50	518.14
-1060.93	585.72
-1058.37	569.34
-1055.80	583.67
-1053.24	546.81
-1050.67	509.94
-1048.11	563.19
-1045.55	456.70
-1042.99	548.86
-1040.42	423.93
-1037.87	532.47
-1035.31	708.60
-1032.75	505.85
-1030.19	499.70
-1027.64	511.99
-1025.08	452.60
-1022.53	489.46
-1019.98	430.07
-1017.43	606.20
-1014.88	618.49
-1012.33	501.75
-1009.78	331.77
-1007.23	522.23
-1004.68	485.37
-1002.14	595.96
-999.59	546.81
-997.05	514.04
-994.51	464.89
-991.96	487.42
-989.42	477.18
-986.88	616.44
-984.34	468.98
-981.81	475.13
-979.27	585.72
-976.73	397.31
-974.20	430.07
-971.66	430.07
-969.13	557.05
-966.60	593.91
-964.07	454.65
-961.54	483.32
-959.01	468.98
-956.48	526.33
-953.95	438.27
-951.43	505.85
-948.90	499.70
-946.38	581.62
-943.85	618.49
-941.33	378.87
-938.81	542.71
-936.29	491.51
-933.77	507.90
-931.25	436.22
-928.73	438.27
-926.22	497.66
-923.70	593.91
-921.19	434.17
-918.67	583.67
-916.16	440.31
-913.65	526.33
-911.14	538.62
-908.63	659.45
-906.12	385.02
-903.61	387.07
-901.10	444.41
-898.59	458.74
-896.09	491.51
-893.59	565.24
-891.08	419.83
-888.58	450.55
-886.08	423.93
-883.58	507.90
-881.08	516.09
-878.58	419.83
-876.08	573.43
-873.58	479.22
-871.09	403.45
-868.59	485.37
-866.10	464.89
-863.61	458.74
-861.12	471.03
-858.62	452.60
-856.13	536.57
-853.64	585.72
-851.16	522.23
-848.67	555.00
-846.18	284.67
-843.70	548.86
-841.21	548.86
-838.73	591.86
-836.25	454.65
-833.77	387.07
-831.28	532.47
-828.81	299.00
-826.33	708.60
-823.85	436.22
-821.37	659.45
-818.90	444.41
-816.42	575.48
-813.95	518.14
-811.47	288.76
-809.00	593.91
-806.53	428.03
-804.06	583.67
-801.59	409.59
-799.12	397.31
-796.65	468.98
-794.19	385.02
-791.72	532.47
-789.26	452.60
-786.79	436.22
-784.33	561.14
-781.87	507.90
-779.41	501.75
-776.95	573.43
-774.49	417.79
-772.03	290.81
-769.57	468.98
-767.12	514.04
-764.66	395.26
-762.21	468.98
-759.75	399.35
-757.30	567.29
-754.85	399.35
-752.40	507.90
-749.95	477.18
-747.50	493.56
-745.05	487.42
-742.60	356.35
-740.16	489.46
-737.71	495.61
-735.27	544.76
-732.82	600.05
-730.38	481.27
-727.94	514.04
-725.50	722.93
-723.06	260.09
-720.62	385.02
-718.18	430.07
-715.74	520.18
-713.31	555.00
-710.87	495.61
-708.44	503.80
-706.01	468.98
-703.57	464.89
-701.14	618.49
-698.71	538.62
-696.28	395.26
-693.85	346.11
-691.42	360.44
-689.00	417.79
-686.57	380.92
-684.15	442.36
-681.72	516.09
-679.30	460.79
-676.88	329.72
-674.45	569.34
-672.03	481.27
-669.61	436.22
-667.20	475.13
-664.78	509.94
-662.36	511.99
-659.94	440.31
-657.53	532.47
-655.12	419.83
-652.70	491.51
-650.29	438.27
-647.88	624.63
-645.47	468.98
-643.06	509.94
-640.65	483.32
-638.24	401.40
-635.83	563.19
-633.43	522.23
-631.02	544.76
-628.62	491.51
-626.22	444.41
-623.81	538.62
-621.41	350.20
-619.01	485.37
-616.61	415.74
-614.21	284.67
-611.81	479.22
-609.42	501.75
-607.02	438.27
-604.63	415.74
-602.23	444.41
-599.84	344.06
-597.45	622.58
-595.05	452.60
-592.66	585.72
-590.27	538.62
-587.88	483.32
-585.50	479.22
-583.11	581.62
-580.72	559.10
-578.34	591.86
-575.95	552.95
-573.57	468.98
-571.19	509.94
-568.80	511.99
-566.42	434.17
-564.04	567.29
-561.66	540.66
-559.29	415.74
-556.91	563.19
-554.53	499.70
-552.16	468.98
-549.78	514.04
-547.41	657.40
-545.03	538.62
-542.66	403.45
-540.29	438.27
-537.92	487.42
-535.55	616.44
-533.18	583.67
-530.81	436.22
-528.45	518.14
-526.08	473.08
-523.72	444.41
-521.35	542.71
-518.99	491.51
-516.63	550.90
-514.27	411.64
-511.90	530.42
-509.54	497.66
-507.19	487.42
-504.83	471.03
-502.47	434.17
-500.11	503.80
-497.76	432.12
-495.40	575.48
-493.05	548.86
-490.70	589.81
-488.35	661.49
-486.00	485.37
-483.65	450.55
-481.30	432.12
-478.95	702.45
-476.60	559.10
-474.25	565.24
-471.91	600.05
-469.56	575.48
-467.22	483.32
-464.88	581.62
-462.53	583.67
-460.19	507.90
-457.85	548.86
-455.51	614.39
-453.17	466.94
-450.84	569.34
-448.50	462.84
-446.16	440.31
-443.83	542.71
-441.49	587.77
-439.16	624.63
-436.83	509.94
-434.50	561.14
-432.16	616.44
-429.83	643.06
-427.50	714.74
-425.18	514.04
-422.85	532.47
-420.52	546.81
-418.20	559.10
-415.87	557.05
-413.55	628.73
-411.22	579.58
-408.90	520.18
-406.58	409.59
-404.26	536.57
-401.94	571.38
-399.62	458.74
-397.30	503.80
-394.99	479.22
-392.67	407.55
-390.35	430.07
-388.04	387.07
-385.73	528.38
-383.41	432.12
-381.10	518.14
-378.79	423.93
-376.48	378.87
-374.17	520.18
-371.86	499.70
-369.55	571.38
-367.25	661.49
-364.94	524.28
-362.64	374.78
-360.33	464.89
-358.03	460.79
-355.73	401.40
-353.42	585.72
-351.12	544.76
-348.82	555.00
-346.52	421.88
-344.23	452.60
-341.93	538.62
-339.63	475.13
-337.34	561.14
-335.04	505.85
-332.75	350.20
-330.45	507.90
-328.16	423.93
-325.87	391.16
-323.58	499.70
-321.29	571.38
-319.00	485.37
-316.71	374.78
-314.42	350.20
-312.14	579.58
-309.85	454.65
-307.57	450.55
-305.28	630.77
-303.00	530.42
-300.72	458.75
-298.44	411.64
-296.16	534.52
-293.88	419.83
-291.60	530.42
-289.32	491.51
-287.04	391.16
-284.77	507.90
-282.49	585.72
-280.22	530.42
-277.94	798.71
-275.67	499.70
-273.40	612.34
-271.13	450.55
-268.85	456.70
-266.59	606.20
-264.32	505.85
-262.05	450.55
-259.78	491.51
-257.51	479.22
-255.25	565.24
-252.98	450.55
-250.72	569.34
-248.46	552.95
-246.20	452.60
-243.93	493.56
-241.67	518.14
-239.41	428.03
-237.16	432.12
-234.90	442.36
-232.64	573.43
-230.38	608.25
-228.13	354.30
-225.87	344.06
-223.62	524.28
-221.37	485.37
-219.11	511.99
-216.86	432.12
-214.61	577.53
-212.36	501.75
-210.11	563.19
-207.87	464.89
-205.62	528.38
-203.37	620.53
-201.13	505.85
-198.88	499.70
-196.64	610.29
-194.39	600.05
-192.15	579.58
-189.91	571.38
-187.67	364.54
-185.43	378.87
-183.19	454.65
-180.95	417.79
-178.72	516.09
-176.48	442.36
-174.24	391.16
-172.01	571.38
-169.77	458.74
-167.54	542.71
-165.31	471.03
-163.08	532.47
-160.85	456.70
-158.62	569.34
-156.39	413.69
-154.16	487.42
-151.93	481.27
-149.70	507.90
-147.48	335.87
-145.25	440.31
-143.03	479.22
-140.81	456.70
-138.58	505.85
-136.36	567.29
-134.14	610.29
-131.92	559.10
-129.70	612.34
-127.48	440.31
-125.26	337.91
-123.05	413.69
-120.83	542.71
-118.62	415.74
-116.40	464.89
-114.19	518.14
-111.97	411.64
-109.76	321.53
-107.55	518.14
-105.34	425.98
-103.13	444.41
-100.92	534.52
-98.71	569.34
-96.51	555.00
-94.30	509.94
-92.09	600.05
-89.89	544.76
-87.69	399.35
-85.48	425.98
-83.28	520.18
-81.08	407.55
-78.88	495.61
-76.68	567.29
-74.48	487.42
-72.28	491.51
-70.08	526.33
-67.88	389.11
-65.69	419.83
-63.49	483.32
-61.30	503.80
-59.11	389.11
-56.91	444.41
-54.72	387.07
-52.53	514.04
-50.34	509.94
-48.15	471.03
-45.96	421.88
-43.77	348.15
-41.59	458.74
-39.40	520.18
-37.21	540.66
-35.03	415.74
-32.84	583.67
-30.66	368.63
-28.48	497.66
-26.30	624.63
-24.12	595.96
-21.94	520.18
-19.76	733.17
-17.58	1032.18
-15.40	1757.16
-13.22	2904.02
-11.05	3735.50
-8.87	4786.10
-6.70	5388.21
-4.52	6107.04
-2.35	5906.34
-0.18	5855.14
1.99	5545.90
4.16	4767.67
6.33	3813.32
8.50	3358.67
10.67	2758.61
12.84	2521.05
15.00	2127.84
17.17	2080.74
19.33	1595.37
21.50	1265.64
23.66	1206.25
25.83	1056.75
27.99	884.72
30.15	788.47
32.31	636.92
34.47	643.06
36.63	452.60
38.79	428.03
40.94	546.81
43.10	532.47
45.25	477.18
47.41	452.60
49.56	565.24
51.72	485.37
53.87	688.12
56.02	497.66
58.17	501.75
60.32	548.86
62.47	505.85
64.62	342.01
66.77	630.77
68.92	376.83
71.06	509.94
73.21	442.36
75.35	460.79
77.50	466.94
79.64	382.97
81.78	540.66
83.92	450.55
86.06	473.08
88.20	448.51
90.34	475.13
92.48	565.24
94.62	401.40
96.76	493.56
98.89	423.93
101.03	475.13
103.16	557.05
105.30	528.38
107.43	460.79
109.56	411.64
111.69	563.19
113.82	481.27
115.95	471.03
118.08	509.94
120.21	579.58
122.34	616.44
124.47	528.38
126.59	518.14
128.72	419.83
130.84	653.30
132.97	397.31
135.09	444.41
137.21	407.55
139.33	432.12
141.45	458.75
143.57	595.96
145.69	475.13
147.81	573.43
149.93	505.85
152.05	444.41
154.16	612.34
156.28	534.52
158.39	540.66
160.51	514.04
162.62	516.09
164.73	575.48
166.85	503.80
168.96	692.21
171.07	563.19
173.18	468.98
175.28	565.24
177.39	452.60
179.50	595.96
181.61	616.44
183.71	368.63
185.82	651.25
187.92	634.87
190.02	509.94
192.13	548.86
194.23	600.05
196.33	555.00
198.43	460.79
200.53	489.46
202.63	651.25
204.72	651.25
206.82	450.55
208.92	479.22
211.01	446.46
213.11	479.22
215.20	585.72
217.30	507.90
219.39	536.57
221.48	569.34
223.57	600.05
225.66	571.38
227.75	503.80
229.84	481.27
231.93	471.03
234.02	606.20
236.10	442.36
238.19	546.81
240.28	677.88
242.36	583.67
244.44	595.96
246.53	516.09
248.61	507.90
250.69	571.38
252.77	473.08
254.85	444.41
256.93	452.60
259.01	649.21
261.09	540.66
263.16	741.36
265.24	538.62
267.32	548.86
269.39	575.48
271.46	573.43
273.54	585.72
275.61	684.02
277.68	395.26
279.75	665.59
281.82	536.57
283.89	520.18
285.96	692.21
288.03	571.38
290.10	636.92
292.16	507.90
294.23	499.70
296.29	563.19
298.36	532.47
300.42	532.47
302.49	524.28
304.55	475.13
306.61	378.87
308.67	534.52
310.73	593.91
312.79	548.86
314.85	514.04
316.90	622.58
318.96	561.14
321.02	524.28
323.07	536.57
325.13	634.87
327.18	598.01
329.24	471.03
331.29	653.30
333.34	524.28
335.39	563.19
337.44	493.56
339.49	876.53
341.54	659.45
343.59	581.62
345.64	495.61
347.68	534.52
349.73	604.15
351.77	458.75
353.82	577.53
355.86	497.66
357.90	585.72
359.95	647.16
361.99	528.38
364.03	585.72
366.07	598.01
368.11	620.53
370.15	636.92
372.19	620.53
374.22	632.82
376.26	604.15
378.29	649.21
380.33	473.08
382.36	622.58
384.40	679.93
386.43	-610.29
388.46	753.65
390.49	636.92
392.52	643.06
394.55	659.45
396.58	712.69
398.61	837.62
400.64	657.40
402.67	735.22
404.69	727.03
406.72	774.13
408.74	860.15
410.77	851.95
412.79	1015.79
414.81	921.59
416.84	948.21
418.86	1169.39
420.88	1173.49
422.90	1296.36
424.92	1435.63
426.94	1320.94
428.95	1155.05
430.97	1126.38
432.99	1097.71
435.00	966.64
437.02	942.07
439.03	907.25
441.04	763.89
443.06	720.89
445.07	880.63
447.08	907.25
449.09	612.34
451.10	784.37
453.11	669.69
455.12	647.16
457.13	667.64
459.13	747.51
461.14	569.34
463.14	696.31
465.15	501.75
467.15	573.43
469.16	606.20
471.16	614.39
473.16	706.55
475.16	589.82
477.16	534.52
479.16	593.91
481.16	471.03
483.16	817.14
485.16	581.62
487.15	733.17
489.15	466.94
491.15	458.75
493.14	524.28
495.14	602.10
497.13	481.27
499.12	581.62
501.11	509.94
503.11	460.79
505.10	503.80
507.09	608.25
509.07	450.55
511.06	411.64
513.05	483.32
515.04	546.81
517.02	561.14
519.01	485.37
521.00	622.58
522.98	620.53
524.96	684.02
526.95	516.09
528.93	641.01
530.91	516.09
532.89	532.47
534.87	471.03
536.85	573.43
538.83	475.13
540.81	540.66
542.78	528.38
544.76	587.77
546.74	481.27
548.71	548.86
550.69	550.90
552.66	526.33
554.63	475.13
556.60	528.38
558.58	563.19
560.55	585.72
562.52	516.09
564.49	489.46
566.46	524.28
568.42	563.19
570.39	507.90
572.36	468.98
574.32	520.18
576.29	438.27
578.25	393.21
580.22	487.42
582.18	540.66
584.14	497.66
586.11	489.46
588.07	540.66
590.03	460.79
591.99	520.18
593.95	411.64
595.90	362.49
597.86	440.31
599.82	452.60
601.78	497.66
603.73	370.68
605.69	438.27
607.64	464.89
609.59	571.38
611.55	409.59
613.50	606.20
615.45	505.85
617.40	618.49
619.35	532.47
621.30	587.77
623.25	536.57
625.20	561.14
627.15	514.04
629.09	481.27
631.04	561.14
632.98	583.67
634.93	489.46
636.87	645.11
638.82	444.41
640.76	452.60
642.70	569.34
644.64	651.25
646.58	546.81
648.52	555.00
650.46	542.71
652.40	401.40
654.34	606.20
656.27	509.94
658.21	405.50
660.15	663.54
662.08	481.27
664.02	628.73
665.95	499.70
667.88	479.22
669.82	528.38
671.75	528.38
673.68	495.61
675.61	618.49
677.54	663.54
679.47	471.03
681.40	606.20
683.32	442.36
685.25	573.43
687.18	481.27
689.10	511.99
691.03	479.22
692.95	407.55
694.87	438.27
696.80	618.49
698.72	436.22
700.64	679.93
702.56	593.91
704.48	532.47
706.40	393.21
708.32	487.42
710.24	385.02
712.16	546.81
714.07	573.43
715.99	630.77
717.90	573.43
719.82	585.72
721.73	561.14
723.65	524.28
725.56	442.36
727.47	581.62
729.38	653.30
731.29	532.47
733.20	593.91
735.11	628.73
737.02	462.84
738.93	561.14
740.84	491.51
742.74	487.42
744.65	366.59
746.55	464.89
748.46	645.11
750.36	587.77
752.27	612.34
754.17	548.86
756.07	604.15
757.97	587.77
759.87	655.35
761.77	614.39
763.67	712.69
765.57	505.85
767.47	663.54
769.37	731.12
771.26	792.56
773.16	856.05
775.06	821.24
776.95	960.50
778.84	980.98
780.74	841.72
782.63	956.40
784.52	1019.89
786.41	1179.63
788.30	1382.38
790.19	1404.91
792.08	1583.08
793.97	1857.51
795.86	1853.41
797.75	2078.69
799.63	2113.50
801.52	1968.10
803.41	1937.38
805.29	1877.99
807.18	1683.43
809.06	1468.39
810.94	1275.88
812.82	1556.46
814.70	1118.19
816.59	1013.74
818.47	1040.37
820.35	1028.08
822.22	765.94
824.10	892.91
825.98	675.83
827.86	802.80
829.73	872.43
831.61	663.54
833.48	620.53
835.36	720.89
837.23	657.40
839.10	563.19
840.98	659.45
842.85	704.50
844.72	630.77
846.59	600.05
848.46	591.86
850.33	661.49
852.20	610.29
854.06	610.29
855.93	587.77
857.80	466.94
859.66	587.77
861.53	561.14
863.39	655.35
865.26	534.52
867.12	475.13
868.98	462.84
870.84	432.12
872.71	479.22
874.57	444.41
876.43	571.38
878.29	483.32
880.14	591.86
882.00	559.10
883.86	591.86
885.72	522.23
887.57	743.41
889.43	544.76
891.28	626.68
893.14	565.24
894.99	630.77
896.84	612.34
898.69	520.18
900.55	573.43
902.40	555.00
904.25	624.63
906.10	626.68
907.95	585.72
909.79	501.75
911.64	501.75
913.49	612.34
915.34	503.80
917.18	638.97
919.03	557.05
920.87	702.45
922.71	495.61
924.56	563.19
926.40	565.24
928.24	409.59
930.08	423.93
931.92	577.53
933.76	495.61
935.60	471.03
937.44	546.81
939.28	530.42
941.12	532.47
942.95	530.42
944.79	581.62
946.62	583.67
948.46	415.74
950.29	548.86
952.13	444.41
953.96	567.29
955.79	606.20
957.62	581.62
959.46	425.98
961.29	585.72
963.12	692.21
964.94	487.42
966.77	520.18
968.60	561.14
970.43	530.42
972.25	616.44
974.08	608.25
975.91	706.55
977.73	606.20
979.55	571.38
981.38	704.50
983.20	817.14
985.02	729.08
986.84	677.88
988.66	747.51
990.49	686.07
992.30	741.36
994.12	778.23
995.94	931.83
997.76	1021.94
999.58	1105.90
1001.39	1058.80
1003.21	1277.93
1005.02	1269.74
1006.84	1253.36
1008.65	1482.73
1010.47	1828.84
1012.28	1925.09
1014.09	2459.61
1015.90	2869.20
1017.71	3289.04
1019.52	3827.65
1021.33	4179.90
1023.14	4726.71
1024.95	4804.53
1026.76	5105.59
1028.56	5533.61
1030.37	5197.74
1032.18	4951.99
1033.98	4571.07
1035.79	4198.34
1037.59	3715.02
1039.39	3391.44
1041.20	3106.77
1043.00	2389.98
1044.80	2267.10
1046.60	2074.59
1048.40	1626.09
1050.20	1533.93
1052.00	1421.29
1053.80	1294.32
1055.59	1169.39
1057.39	1128.43
1059.19	1054.70
1060.98	1036.27
1062.78	866.29
1064.57	786.42
1066.37	927.73
1068.16	776.18
1069.95	913.39
1071.75	819.19
1073.54	653.30
1075.33	737.27
1077.12	589.82
1078.91	626.68
1080.70	620.53
1082.48	671.73
1084.27	753.65
1086.06	729.08
1087.85	702.45
1089.63	661.49
1091.42	499.70
1093.20	694.26
1094.99	581.62
1096.77	700.41
1098.55	698.36
1100.33	589.82
1102.12	765.94
1103.90	688.12
1105.68	712.69
1107.46	743.41
1109.24	788.47
1111.01	823.28
1112.79	718.84
1114.57	667.64
1116.35	636.92
1118.12	608.25
1119.90	706.55
1121.67	700.41
1123.45	704.50
1125.22	595.96
1126.99	602.10
1128.77	628.73
1130.54	604.15
1132.31	622.58
1134.08	626.68
1135.85	681.97
1137.62	585.72
1139.39	714.74
1141.15	671.73
1142.92	780.28
1144.69	716.79
1146.46	884.72
1148.22	944.11
1149.99	927.73
1151.75	888.82
1153.51	729.08
1155.28	1023.98
1157.04	1001.46
1158.80	864.24
1160.56	847.86
1162.32	925.68
1164.08	724.98
1165.84	829.43
1167.60	649.21
1169.36	684.02
1171.12	659.45
1172.88	739.32
1174.63	641.01
1176.39	559.10
1178.14	700.41
1179.90	575.48
1181.65	780.28
1183.41	600.05
1185.16	538.62
1186.91	643.06
1188.66	561.14
1190.41	587.77
1192.16	532.47
1193.91	665.59
1195.66	555.00
1197.41	610.29
1199.16	559.10
1200.91	632.82
1202.66	618.49
1204.40	561.14
1206.15	464.89
1207.89	641.01
1209.64	557.05
1211.38	561.14
1213.12	641.01
1214.87	688.12
1216.61	526.33
1218.35	583.67
1220.09	733.17
1221.83	727.03
1223.57	735.22
1225.31	612.34
1227.05	634.87
1228.79	657.40
1230.52	743.41
1232.26	731.12
1234.00	608.25
1235.73	819.19
1237.47	884.72
1239.20	901.11
1240.94	954.35
1242.67	1101.81
1244.40	1245.16
1246.13	1249.26
1247.86	1492.97
1249.60	1550.31
1251.33	1759.21
1253.06	2172.89
1254.78	2400.22
1256.51	2928.60
1258.24	3379.15
1259.97	3563.47
1261.69	4075.46
1263.42	4480.96
1265.15	4431.80
1266.87	4534.20
1268.59	4480.96
1270.32	4386.75
1272.04	4097.99
1273.76	3620.81
1275.49	3172.30
1277.21	2889.68
1278.93	2527.19
1280.65	2357.21
1282.37	1931.23
1284.09	1714.15
1285.81	1650.66
1287.52	1511.40
1289.24	1417.19
1290.96	1179.63
1292.67	983.03
1294.39	1124.33
1296.10	833.52
1297.82	1007.60
1299.53	1003.50
1301.24	815.09
1302.96	858.10
1304.67	811.00
1306.38	770.04
1308.09	831.48
1309.80	772.08
1311.51	651.25
1313.22	776.18
1314.93	802.80
1316.64	749.56
1318.34	753.65
1320.05	802.80
1321.75	798.71
1323.46	636.92
1325.17	681.97
1326.87	825.33
1328.57	757.75
1330.28	770.04
1331.98	708.60
1333.68	1009.65
1335.38	1064.94
1337.08	1126.38
1338.78	1105.90
1340.48	1085.42
1342.18	1337.32
1343.88	1144.81
1345.58	1146.86
1347.28	1230.83
1348.97	1343.47
1350.67	1112.05
1352.36	1208.30
1354.06	1275.88
1355.75	1036.27
1357.45	1099.76
1359.14	894.96
1360.83	759.80
1362.53	874.48
1364.22	880.63
1365.91	837.62
1367.60	819.19
1369.29	743.41
1370.98	804.85
1372.67	776.18
1374.35	684.02
1376.04	831.48
1377.73	616.44
1379.41	729.08
1381.10	718.84
1382.79	813.04
1384.47	604.15
1386.15	645.11
1387.84	585.72
1389.52	765.94
1391.20	649.21
1392.88	620.53
1394.57	821.24
1396.25	858.10
1397.93	679.93
1399.61	710.65
1401.28	802.80
1402.96	704.50
1404.64	792.56
1406.32	792.56
1407.99	829.43
1409.67	935.92
1411.35	966.64
1413.02	1042.42
1414.70	1099.76
1416.37	1294.32
1418.04	1226.73
1419.71	1357.80
1421.39	1427.43
1423.06	1603.56
1424.73	1634.28
1426.40	1900.51
1428.07	2058.21
1429.74	2279.39
1431.41	2357.21
1433.08	2586.58
1434.74	2981.84
1436.41	3452.88
1438.08	3835.85
1439.74	4239.30
1441.41	4294.59
1443.07	4335.55
1444.74	4233.15
1446.40	4296.64
1448.06	4184.00
1449.72	3801.03
1451.39	3538.89
1453.05	3340.24
1454.71	3096.53
1456.37	2668.50
1458.03	2404.32
1459.69	2064.35
1461.35	1976.29
1463.00	1660.90
1464.66	1630.18
1466.32	1523.69
1467.97	1337.32
1469.63	1345.52
1471.28	1335.28
1472.94	1126.38
1474.59	1157.10
1476.25	989.17
1477.90	944.11
1479.55	1042.42
1481.20	1032.18
1482.85	952.31
1484.50	1187.82
1486.15	913.39
1487.80	817.14
1489.45	698.36
1491.10	737.27
1492.75	694.26
1494.40	843.76
1496.04	669.69
1497.69	684.02
1499.33	577.53
1500.98	811.00
1502.62	669.69
1504.27	688.12
1505.91	518.14
1507.55	595.96
1509.19	663.54
1510.84	491.51
1512.48	589.82
1514.12	495.61
1515.76	565.24
1517.40	552.95
1519.04	661.49
1520.67	624.63
1522.31	612.34
1523.95	802.80
1525.59	479.22
1527.22	575.48
1528.86	614.39
1530.49	528.38
1532.13	595.96
1533.76	450.55
1535.39	651.25
1537.03	395.26
1538.66	546.81
1540.29	612.34
1541.92	602.10
1543.55	645.11
1545.18	460.79
1546.81	444.41
1548.44	587.77
1550.07	555.00
1551.70	430.07
1553.32	374.78
1554.95	526.33
1556.58	391.16
1558.20	536.57
1559.83	479.22
1561.45	468.98
1563.07	520.18
1564.70	378.87
1566.32	600.05
1567.94	493.56
1569.56	571.38
1571.19	389.11
1572.81	514.04
1574.43	468.98
1576.05	546.81
1577.66	532.47
1579.28	573.43
1580.90	503.80
1582.52	557.05
1584.14	573.43
1585.75	483.32
1587.37	561.14
1588.98	516.09
1590.60	497.66
1592.21	475.13
1593.82	481.27
1595.44	507.90
1597.05	481.27
1598.66	444.41
1600.27	468.98
1601.88	612.34
1603.49	3870.66
1605.10	471.03
1606.71	499.70
1608.32	493.56
1609.93	434.17
1611.54	434.17
1613.14	458.75
1614.75	419.83
1616.36	634.87
1617.96	522.23
1619.57	606.20
1621.17	524.28
1622.77	366.59
1624.38	520.18
1625.98	278.52
1627.58	501.75
1629.18	532.47
1630.78	434.17
1632.38	446.46
1633.98	423.93
1635.58	415.74
1637.18	483.32
1638.78	520.18
1640.38	481.27
1641.98	526.33
1643.57	419.83
1645.17	593.91
1646.76	401.40
1648.36	565.24
1649.95	481.27
1651.55	538.62
1653.14	518.14
1654.73	438.27
1656.33	630.77
1657.92	493.56
1659.51	485.37
1661.10	534.52
1662.69	536.57
1664.28	391.16
1665.87	509.94
1667.46	440.31
1669.05	468.98
1670.63	425.98
1672.22	548.86
1673.81	401.40
1675.39	567.29
1676.98	466.94
1678.56	452.60
1680.15	491.51
1681.73	518.14
1683.31	401.40
1684.90	499.70
1686.48	520.18
1688.06	598.01
1689.64	374.78
1691.22	462.84
1692.80	487.42
1694.38	536.57
1695.96	477.18
1697.54	475.13
1699.12	598.01
1700.69	505.85
1702.27	522.23
1703.85	428.03
1705.42	528.38
1707.00	509.94
1708.57	397.31
1710.15	442.36
1711.72	395.26
1713.29	460.79
1714.87	370.68
1716.44	518.14
1718.01	587.77
1719.58	520.18
1721.15	475.13
1722.72	364.54
1724.29	354.30
1725.86	413.69
1727.43	481.27
1729.00	464.89
1730.56	471.03
1732.13	561.14
1733.70	483.32
1735.26	452.60
1736.83	471.03
1738.39	448.51
1739.96	462.84
1741.52	342.01
1743.08	450.55
1744.65	489.46
1746.21	296.96
1747.77	501.75
1749.33	413.69
1750.89	362.49
1752.45	405.50
1754.01	481.27
1755.57	432.12
1757.13	436.22
1758.69	540.66
1760.24	489.46
1761.80	468.98
1763.36	366.59
1764.91	516.09
1766.47	292.86
1768.02	475.13
1769.58	485.37
1771.13	444.41
1772.68	440.31
1774.24	413.69
1775.79	417.79
1777.34	473.08
1778.89	485.37
1780.44	534.52
1781.99	372.73
1783.54	489.46
1785.09	362.49
1786.64	528.38
1788.19	94.21
1789.73	434.17
1791.28	417.79
1792.83	528.38
1794.37	432.12
1795.92	483.32
1797.46	612.34
1799.01	391.16
1800.55	436.22
1802.09	485.37
1803.64	530.42
1805.18	641.01
1806.72	575.48
1808.26	464.89
1809.80	565.24
1811.34	483.32
1812.88	473.08
1814.42	481.27
1815.96	446.46
1817.50	514.04
1819.04	571.38
1820.57	284.67
1822.11	511.99
1823.65	436.22
1825.18	423.93
1826.72	546.81
1828.25	471.03
1829.78	569.34
1831.32	487.42
1832.85	514.04
1834.38	649.21
1835.92	540.66
1837.45	497.66
1838.98	458.74
1840.51	428.03
1842.04	360.44
1843.57	471.03
1845.10	407.55
1846.62	352.25
1848.15	489.46
1849.68	337.91
1851.21	452.60
1852.73	657.40
1854.26	489.46
1855.78	518.14
1857.31	514.04
1858.83	520.18
1860.36	491.51
1861.88	409.59
1863.40	526.33
1864.92	391.16
1866.45	409.59
1867.97	438.27
1869.49	522.23
1871.01	479.22
1872.53	475.13
1874.05	423.93
1875.57	366.59
1877.08	434.17
1878.60	417.79
1880.12	471.03
1881.64	524.28
1883.15	503.80
1884.67	448.51
1886.18	444.41
1887.70	522.23
1889.21	366.59
1890.72	403.45
1892.24	385.02
1893.75	497.66
1895.26	464.89
1896.77	444.41
1898.28	489.46
1899.79	327.68
1901.30	491.51
1902.81	376.83
1904.32	432.12
1905.83	385.02
1907.34	765.94
1908.85	362.49
1910.35	473.08
1911.86	524.28
1913.37	428.03
1914.87	403.45
1916.38	501.75
1917.88	436.22
1919.39	311.29
1920.89	524.28
1922.39	358.39
1923.89	471.03
1925.40	350.20
1926.90	632.82
1928.40	466.94
1929.90	567.29
1931.40	550.90
1932.90	557.05
1934.40	401.40
1935.90	542.71
1937.39	448.51
1938.89	505.85
1940.39	452.60
1941.89	518.14
1943.38	548.86
1944.88	516.09
1946.37	294.91
1947.87	434.17
1949.36	462.84
1950.85	546.81
1952.35	423.93
1953.84	571.38
1955.33	546.81
1956.82	288.76
1958.31	468.98
1959.80	428.03
1961.29	462.84
1962.78	444.41
1964.27	364.54
1965.76	475.13
1967.25	536.57
1968.74	471.03
1970.22	483.32
1971.71	559.10
1973.20	458.75
1974.68	481.27
1976.17	626.68
1977.65	503.80
1979.14	387.07
1980.62	608.25
1982.10	421.88
1983.58	483.32
1985.07	442.36
1986.55	403.45
1988.03	475.13
1989.51	567.29
1990.99	382.97
1992.47	415.74
1993.95	501.75
1995.43	401.40
1996.91	466.94
1998.38	444.41
1999.86	462.84
2001.34	479.22
2002.81	421.88
2004.29	460.79
2005.76	450.55
2007.24	434.17
2008.71	532.47
2010.19	485.37
2011.66	438.27
2013.13	423.93
2014.60	315.39
2016.08	356.35
2017.55	407.55
2019.02	366.59
2020.49	432.12
2021.96	403.45
2023.43	477.18
2024.90	430.07
2026.36	403.45
2027.83	491.51
2029.30	481.27
2030.77	360.44
2032.23	354.30
2033.70	471.03
2035.16	411.64
2036.63	366.59
2038.09	468.98
2039.56	448.51
2041.02	456.70
2042.48	446.46
2043.95	585.72
2045.41	493.56
2046.87	536.57
2048.33	397.31
2049.79	446.46
2051.25	532.47
2052.71	479.22
2054.17	380.92
2055.63	409.59
2057.09	448.51
2058.54	464.89
2060.00	555.00
2061.46	434.17
2062.91	456.70
2064.37	495.61
2065.82	491.51
2067.28	452.60
2068.73	397.31
2070.19	458.75
2071.64	327.67
2073.09	501.75
2074.54	397.31
2076.00	493.56
2077.45	456.70
2078.90	460.79
2080.35	409.59
2081.80	419.83
2083.25	481.27
2084.70	342.01
2086.14	323.58
2087.59	344.06
2089.04	432.12
2090.49	294.91
2091.93	479.22
2093.38	382.97
2094.83	368.63
2096.27	481.27
2097.71	299.00
2099.16	344.06
2100.60	438.27
2102.05	335.87
2103.49	348.15
2104.93	473.08
2106.37	430.07
2107.81	282.62
2109.25	393.21
2110.69	411.64
2112.13	327.67
2113.57	290.81
2115.01	436.22
2116.45	522.23
2117.89	430.07
2119.33	360.44
2120.76	550.90
2122.20	446.46
2123.63	559.10
2125.07	473.08
2126.51	380.92
2127.94	573.43
2129.37	331.77
2130.81	456.70
2132.24	114.69
2133.67	356.35
2135.11	393.21
2136.54	276.48
2137.97	452.60
2139.40	425.98
2140.83	436.22
2142.26	489.46
2143.69	362.49
2145.12	493.56
2146.55	411.64
2147.97	315.39
2149.40	440.31
2150.83	356.35
2152.25	460.79
2153.68	378.87
2155.11	509.94
2156.53	446.46
2157.96	466.94
2159.38	546.81
2160.80	520.18
2162.23	319.48
2163.65	485.37
2165.07	405.50
2166.49	499.70
2167.91	440.31
2169.33	442.36
2170.75	438.27
2172.17	444.41
2173.59	438.27
2175.01	442.36
2176.43	493.56
2177.85	241.66
2179.27	507.90
2180.68	440.31
2182.10	501.75
2183.52	378.87
2184.93	305.15
2186.35	415.74
2187.76	468.98
2189.18	458.74
2190.59	460.79
2192.00	389.11
2193.42	217.08
2194.83	292.86
2196.24	487.42
2197.65	366.59
2199.06	-79.87
2200.47	329.72
2201.88	399.35
2203.29	372.73
2204.70	468.98
2206.11	415.74
2207.52	468.98
2208.93	499.70
2210.33	516.09
2211.74	268.28
2213.15	514.04
2214.55	346.11
2215.96	436.22
2217.36	501.75
2218.77	450.55
2220.17	382.97
2221.57	440.31
2222.98	491.51
2224.38	458.74
2225.78	485.37
2227.18	557.05
2228.58	487.42
2229.99	380.92
2231.39	438.27
2232.79	481.27
2234.18	399.35
2235.58	430.07
2236.98	485.37
2238.38	378.87
2239.78	382.97
2241.17	319.48
2242.57	479.22
2243.97	493.56
2245.36	497.66
2246.76	331.77
2248.15	450.55
2249.55	385.02
2250.94	393.21
2252.33	450.55
2253.73	524.28
2255.12	253.95
2256.51	180.22
2257.90	423.93
2259.29	284.67
2260.68	385.02
2262.07	442.36
2263.46	389.11
2264.85	448.51
2266.24	317.44
2267.63	296.96
2269.02	292.86
2270.40	358.39
2271.79	421.88
2273.18	464.89
2274.56	382.97
2275.95	501.75
2277.33	440.31
2278.72	352.25
2280.10	407.55
2281.49	368.63
2282.87	274.43
2284.25	466.94
2285.63	370.68
2287.02	309.24
2288.40	364.54
2289.78	434.17
2291.16	370.68
2292.54	419.83
2293.92	311.29
2295.30	421.88
2296.68	354.30
2298.05	376.83
2299.43	352.25
2300.81	350.20
2302.19	286.72
2303.56	303.10
2304.94	256.00
2306.31	456.70
2307.69	475.13
2309.06	489.46
2310.44	460.79
2311.81	288.76
2313.19	325.63
2314.56	436.22
2315.93	387.07
2317.30	456.70
2318.67	243.71
2320.04	372.73
2321.41	301.05
2322.78	425.98
2324.15	262.14
2325.52	350.20
2326.89	444.41
2328.26	432.12
2329.63	380.92
2331.00	448.51
2332.36	450.55
2333.73	311.29
2335.09	483.32
2336.46	487.42
2337.83	411.64
2339.19	356.35
2340.55	362.49
2341.92	423.93
2343.28	364.54
2344.64	346.11
2346.01	389.11
2347.37	360.44
2348.73	423.93
2350.09	471.03
2351.45	489.46
2352.81	548.86
2354.17	368.63
2355.53	419.83
2356.89	335.87
2358.25	354.30
2359.61	450.55
2360.96	421.88
2362.32	403.45
2363.68	573.43
2365.03	458.74
2366.39	305.15
2367.74	454.65
2369.10	374.78
2370.45	468.98
2371.81	497.66
2373.16	473.08
2374.51	301.05
2375.86	299.00
2377.22	454.65
2378.57	331.77
2379.92	327.68
2381.27	364.54
2382.62	331.77
2383.97	317.44
2385.32	329.72
2386.67	305.15
2388.02	352.25
2389.37	409.59
2390.71	370.68
2392.06	276.48
2393.41	335.87
2394.75	358.39
2396.10	458.74
2397.44	290.81
2398.79	393.21
2400.13	368.63
2401.48	346.11
2402.82	247.80
2404.17	358.39
2405.51	331.77
2406.85	432.12
2408.19	350.20
2409.53	358.39
2410.87	296.96
2412.22	323.58
2413.56	497.66
2414.89	290.81
2416.23	354.30
2417.57	243.71
2418.91	421.88
2420.25	395.26
2421.59	296.96
2422.92	397.31
2424.26	339.96
2425.60	305.15
2426.93	411.64
2428.27	350.20
2429.60	247.80
2430.94	395.26
2432.27	223.23
2433.60	405.50
2434.94	319.48
2436.27	485.37
2437.60	354.30
2438.93	428.03
2440.27	305.15
2441.60	309.24
2442.93	286.72
2444.26	317.44
2445.59	348.15
2446.92	374.78
2448.24	407.55
2449.57	479.22
2450.90	321.53
2452.23	413.69
2453.55	520.18
2454.88	577.53
2456.21	421.88
2457.53	278.52
2458.86	374.78
2460.18	389.11
2461.51	468.98
2462.83	274.43
2464.15	346.11
2465.48	325.63
2466.80	417.79
2468.12	428.03
2469.44	401.40
2470.76	247.80
2472.09	403.45
2473.41	342.01
2474.73	329.72
2476.05	342.01
2477.36	423.93
2478.68	305.15
2480.00	393.21
2481.32	323.58
2482.64	450.55
2483.95	337.91
2485.27	329.72
2486.59	282.62
2487.90	290.81
2489.22	268.28
2490.53	251.90
2491.85	397.31
2493.16	348.15
2494.47	305.15
2495.79	389.11
2497.10	256.00
2498.41	260.09
2499.72	235.52
2501.03	368.63
2502.35	337.91
2503.66	323.58
2504.97	354.30
2506.28	473.08
2507.59	385.02
2508.89	262.14
2510.20	186.37
2511.51	286.72
2512.82	311.29
2514.12	106.49
2515.43	329.72
2516.74	315.39
2518.04	182.27
2519.35	352.25
2520.65	233.47
2521.96	444.41
2523.26	397.31
2524.57	491.51
2525.87	346.11
2527.17	339.96
2528.47	305.15
2529.78	288.76
2531.08	434.17
2532.38	444.41
2533.68	346.11
2534.98	260.09
2536.28	335.87
2537.58	317.44
2538.88	331.77
2540.18	335.87
2541.47	395.26
2542.77	428.03
2544.07	157.69
2545.37	262.14
2546.66	393.21
2547.96	206.84
2549.25	421.88
2550.55	251.90
2551.84	118.78
2553.14	258.04
2554.43	233.47
2555.72	239.61
2557.02	387.07
2558.31	284.67
2559.60	329.72
2560.89	210.94
2562.18	323.58
2563.48	217.08
2564.77	247.80
2566.06	405.50
2567.35	260.09
2568.63	286.72
2569.92	434.17
2571.21	344.06
2572.50	460.79
2573.79	346.11
2575.07	366.59
2576.36	530.42
2577.65	520.18
2578.93	432.12
2580.22	555.00
2581.50	403.45
2582.79	192.51
2584.07	454.65
2585.36	479.22
2586.64	489.46
2587.92	389.11
2589.20	505.85
2590.49	495.61
2591.77	354.30
2593.05	473.08
2594.33	432.12
2595.61	477.18
2596.89	432.12
2598.17	473.08
2599.45	593.91
2600.73	430.07
2602.00	481.27
2603.28	442.36
2604.56	405.50
2605.84	569.34
2607.11	389.11
2608.39	368.63
2609.67	444.41
2610.94	458.74
2612.22	522.23
2613.49	352.25
2614.76	573.43
2616.04	428.03
2617.31	405.50
2618.58	387.07
2619.86	352.25
2621.13	450.55
2622.40	413.69
2623.67	247.80
2624.94	491.51
2626.21	296.96
2627.48	292.86
2628.75	440.31
2630.02	382.97
2631.29	401.40
2632.56	253.95
2633.82	401.40
2635.09	319.48
2636.36	462.84
2637.63	577.53
2638.89	446.46
2640.16	364.54
2641.42	413.69
2642.69	417.79
2643.95	468.98
2645.22	378.87
2646.48	348.15
2647.74	434.17
2649.01	425.98
2650.27	483.32
2651.53	337.91
2652.79	413.69
2654.05	466.94
2655.31	595.96
2656.57	434.17
2657.83	565.24
2659.09	645.11
2660.35	667.64
2661.61	704.50
2662.87	724.98
2664.13	724.98
2665.38	690.17
2666.64	743.41
2667.90	604.15
2669.15	737.27
2670.41	497.66
2671.67	679.93
2672.92	731.12
2674.17	505.85
2675.43	739.32
2676.68	624.63
2677.94	573.43
2679.19	565.24
2680.44	505.85
2681.69	671.73
2682.95	397.31
2684.20	593.91
2685.45	661.49
2686.70	462.84
2687.95	409.59
2689.20	471.03
2690.45	647.16
2691.70	557.05
2692.94	542.71
2694.19	448.51
2695.44	374.78
2696.69	681.97
2697.93	473.08
2699.18	421.88
2700.43	520.18
2701.67	538.62
2702.92	573.43
2704.16	352.25
2705.41	327.67
2706.65	518.14
2707.89	536.57
2709.14	360.44
2710.38	399.35
2711.62	436.22
2712.86	380.92
2714.11	466.94
2715.35	428.03
2716.59	323.58
2717.83	417.79
2719.07	245.76
2720.31	264.19
2721.55	399.35
2722.78	335.87
2724.02	339.96
2725.26	235.52
2726.50	440.31
2727.73	385.02
2728.97	446.46
2730.21	339.96
2731.44	403.45
2732.68	364.54
2733.91	200.70
2735.15	159.74
2736.38	303.10
2737.62	337.91
2738.85	327.68
2740.08	389.11
2741.32	434.17
2742.55	247.80
2743.78	229.37
2745.01	315.39
2746.24	241.66
2747.47	335.87
2748.70	356.35
2749.93	362.49
2751.16	391.16
2752.39	329.72
2753.62	370.68
2754.85	362.49
2756.08	215.04
2757.30	184.32
2758.53	333.82
2759.76	358.39
2760.98	380.92
2762.21	360.44
2763.43	434.17
2764.66	421.88
2765.88	321.53
2767.11	241.66
2768.33	339.96
2769.55	432.12
2770.78	378.87
2772.00	284.67
2773.22	368.63
2774.44	389.11
2775.67	212.99
2776.89	407.55
2778.11	317.44
2779.33	364.54
2780.55	249.85
2781.77	497.66
2782.99	272.38
2784.20	571.38
2785.42	417.79
2786.64	354.30
2787.86	428.03
2789.07	407.55
2790.29	413.69
2791.51	378.87
2792.72	421.88
2793.94	616.44
2795.15	581.62
2796.37	452.60
2797.58	458.74
2798.80	389.11
2800.01	473.08
2801.22	286.72
2802.44	485.37
2803.65	454.65
2804.86	448.51
2806.07	468.98
2807.28	571.38
2808.49	452.60
2809.70	493.56
2810.91	593.91
2812.12	589.82
2813.33	634.87
2814.54	634.87
2815.75	618.49
2816.96	673.78
2818.16	559.10
2819.37	626.68
2820.58	567.29
2821.78	540.66
2822.99	548.86
2824.20	743.41
2825.40	645.11
2826.61	667.64
2827.81	671.73
2829.01	724.98
2830.22	716.79
2831.42	1046.51
2832.62	1034.22
2833.83	1056.75
2835.03	1218.54
2836.23	1245.17
2837.43	1357.80
2838.63	1470.44
2839.83	1691.62
2841.03	1683.43
2842.23	2072.54
2843.43	2052.06
2844.63	2291.68
2845.83	2598.87
2847.03	2996.18
2848.22	3315.66
2849.42	3436.49
2850.62	3303.37
2851.81	4028.35
2853.01	3694.54
2854.21	3762.12
2855.40	3907.52
2856.60	3823.56
2857.79	3604.42
2858.99	3420.11
2860.18	3305.42
2861.37	3203.02
2862.57	3094.48
2863.76	2947.03
2864.95	2844.63
2866.14	2705.37
2867.33	2650.07
2868.52	2572.25
2869.72	2559.96
2870.91	2609.11
2872.10	2688.98
2873.28	2467.80
2874.47	2635.74
2875.66	2820.05
2876.85	2715.61
2878.04	3106.77
2879.23	3131.34
2880.41	3102.67
2881.60	3209.17
2882.79	3309.52
2883.97	3504.07
2885.16	3749.83
2886.34	3665.86
2887.53	3852.23
2888.71	4106.18
2889.90	4282.30
2891.08	4270.01
2892.26	4433.85
2893.45	4437.95
2894.63	4595.64
2895.81	4480.96
2896.99	4454.33
2898.17	4589.50
2899.36	4501.44
2900.54	4601.79
2901.72	4601.79
2902.90	4652.99
2904.08	4507.58
2905.26	4698.04
2906.43	4751.29
2907.61	4913.08
2908.79	4949.94
2909.97	5103.54
2911.14	5203.89
2912.32	5390.25
2913.50	5437.36
2914.67	5650.35
2915.85	6059.94
2917.02	6258.59
2918.20	6496.16
2919.37	6774.68
2920.55	6666.14
2921.72	7038.87
2922.90	7507.85
2924.07	7417.74
2925.24	7335.82
2926.41	7284.62
2927.58	6944.66
2928.76	6959.00
2929.93	6760.34
2931.10	6694.81
2932.27	6584.22
2933.44	6412.19
2934.61	6100.90
2935.78	5683.11
2936.95	5517.23
2938.11	5173.17
2939.28	5148.59
2940.45	4753.34
2941.62	4280.25
2942.78	4265.92
2943.95	3784.65
2945.12	3440.59
2946.28	3411.92
2947.45	3192.78
2948.61	3030.99
2949.78	2721.75
2950.94	2553.82
2952.10	2457.56
2953.27	2484.19
2954.43	2138.08
2955.59	1875.94
2956.76	1894.37
2957.92	1751.01
2959.08	1781.73
2960.24	1832.93
2961.40	1484.78
2962.56	1490.92
2963.72	1472.49
2964.88	1478.63
2966.04	1394.67
2967.20	1198.06
2968.36	1196.01
2969.52	1210.35
2970.67	1107.95
2971.83	1001.46
2972.99	1103.86
2974.14	806.90
2975.30	956.40
2976.46	989.17
2977.61	1095.66
2978.77	788.47
2979.92	765.94
2981.08	811.00
2982.23	868.34
2983.38	823.28
2984.54	802.80
2985.69	802.80
2986.84	686.07
2987.99	831.48
2989.15	542.71
2990.30	643.06
2991.45	591.86
2992.60	608.25
2993.75	569.34
2994.90	544.76
2996.05	514.04
2997.20	567.29
2998.35	538.62
2999.49	501.75
3000.64	589.82
3001.79	483.32
3002.94	651.25
3004.08	585.72
3005.23	653.30
3006.38	503.80
3007.52	507.90
3008.67	497.66
3009.81	485.37
3010.96	366.59
3012.10	321.53
3013.25	401.40
3014.39	499.70
3015.53	294.91
3016.67	475.13
3017.82	643.06
3018.96	428.03
3020.10	303.10
3021.24	301.05
3022.38	511.99
3023.52	505.85
3024.66	331.77
3025.80	335.87
3026.94	292.86
3028.08	440.31
3029.22	356.35
3030.36	368.63
3031.50	481.27
3032.63	325.63
3033.77	378.87
3034.91	270.33
3036.04	286.72
3037.18	430.07
3038.32	352.25
3039.45	272.38
3040.59	421.88
3041.72	325.63
3042.86	266.24
3043.99	376.83
3045.12	309.24
3046.26	278.52
3047.39	292.86
3048.52	301.05
3049.65	245.76
3050.78	276.48
3051.92	266.24
3053.05	247.80
3054.18	311.29
3055.31	425.98
3056.44	307.20
3057.57	192.51
3058.70	385.02
3059.82	266.24
3060.95	315.39
3062.08	243.71
3063.21	149.50
3064.34	368.63
3065.46	358.39
3066.59	219.13
3067.71	368.63
3068.84	344.06
3069.97	249.85
3071.09	280.57
3072.22	262.14
3073.34	196.61
3074.46	258.04
3075.59	346.11
3076.71	233.47
3077.83	256.00
3078.96	389.11
3080.08	268.28
3081.20	313.34
3082.32	368.63
3083.44	335.87
3084.56	204.80
3085.68	153.60
3086.80	243.71
3087.92	215.04
3089.04	235.52
3090.16	145.41
3091.28	180.22
3092.40	313.34
3093.51	299.00
3094.63	337.91
3095.75	301.05
3096.87	460.79
3097.98	268.28
3099.10	161.79
3100.21	274.43
3101.33	319.48
3102.44	110.59
3103.56	229.37
3104.67	243.71
3105.79	225.28
3106.90	296.96
3108.01	206.84
3109.12	227.32
3110.24	198.65
3111.35	399.35
3112.46	337.91
3113.57	194.56
3114.68	286.72
3115.79	317.44
3116.90	178.17
3118.01	174.08
3119.12	344.06
3120.23	323.58
3121.34	327.67
3122.45	346.11
3123.56	280.57
3124.66	290.81
3125.77	278.52
3126.88	206.84
3127.98	288.76
3129.09	241.66
3130.20	428.03
3131.30	270.33
3132.41	202.75
3133.51	239.61
3134.61	206.84
3135.72	227.32
3136.82	344.06
3137.93	182.27
3139.03	270.33
3140.13	229.37
3141.23	260.09
3142.33	319.48
3143.44	299.00
3144.54	319.48
3145.64	266.24
3146.74	210.94
3147.84	262.14
3148.94	346.11
3150.04	210.94
3151.14	364.54
3152.23	370.68
3153.33	366.59
3154.43	188.41
3155.53	233.47
3156.63	270.33
3157.72	268.28
3158.82	286.72
3159.91	260.09
3161.01	339.96
3162.11	325.63
3163.20	256.00
3164.30	389.11
3165.39	249.85
3166.48	178.17
3167.58	323.58
3168.67	186.37
3169.76	339.96
3170.86	344.06
3171.95	327.68
3173.04	335.87
3174.13	217.08
3175.22	282.62
3176.31	339.96
3177.40	354.30
3178.49	264.19
3179.58	169.98
3180.67	278.52
3181.76	305.15
3182.85	258.04
3183.94	319.48
3185.03	272.38
3186.11	278.52
3187.20	241.66
3188.29	215.04
3189.37	278.52
3190.46	321.53
3191.55	436.22
3192.63	382.97
3193.72	309.24
3194.80	264.19
3195.89	141.31
3196.97	266.24
3198.05	245.76
3199.14	235.52
3200.22	245.76
3201.30	206.84
3202.38	264.19
3203.47	311.29
3204.55	317.44
3205.63	116.73
3206.71	296.96
3207.79	309.24
3208.87	108.54
3209.95	260.09
3211.03	301.05
3212.11	266.24
3213.19	202.75
3214.27	200.70
3215.34	194.56
3216.42	274.43
3217.50	223.23
3218.58	288.76
3219.65	135.17
3220.73	122.88
3221.80	141.31
3222.88	200.70
3223.96	223.23
3225.03	204.80
3226.10	227.32
3227.18	342.01
3228.25	163.84
3229.33	264.19
3230.40	299.00
3231.47	315.39
3232.54	165.89
3233.62	296.96
3234.69	313.34
3235.76	198.65
3236.83	139.26
3237.90	174.08
3238.97	184.32
3240.04	251.90
3241.11	268.28
3242.18	94.21
3243.25	190.46
3244.32	122.88
3245.39	174.08
3246.45	225.28
3247.52	292.86
3248.59	233.47
3249.66	346.11
3250.72	339.96
3251.79	182.27
3252.85	260.09
3253.92	270.33
3254.98	202.75
3256.05	251.90
3257.11	153.60
3258.18	348.15
3259.24	176.13
3260.30	190.46
3261.37	194.56
3262.43	305.15
3263.49	165.89
3264.55	225.28
3265.62	296.96
3266.68	278.52
3267.74	296.96
3268.80	149.50
3269.86	292.86
3270.92	180.22
3271.98	305.15
3273.04	276.48
3274.10	229.37
3275.16	137.21
3276.21	241.66
3277.27	157.69
3278.33	223.23
3279.39	217.08
3280.44	233.47
3281.50	65.53
3282.56	296.96
3283.61	210.94
3284.67	321.53
3285.72	192.51
3286.78	317.44
3287.83	225.28
3288.88	274.43
3289.94	231.42
3290.99	243.71
3292.04	276.48
3293.10	260.09
3294.15	118.78
3295.20	174.08
3296.25	294.91
3297.30	169.98
3298.36	118.78
3299.41	188.41
3300.46	268.28
3301.51	266.24
3302.56	227.32
3303.61	280.57
3304.65	210.94
3305.70	165.89
3306.75	319.48
3307.80	184.32
3308.85	110.59
3309.89	217.08
3310.94	126.97
3311.99	225.28
3313.03	81.92
3314.08	423.93
3315.12	178.17
3316.17	229.37
3317.21	194.56
3318.26	192.51
3319.30	358.39
3320.35	274.43
3321.39	139.26
3322.43	339.96
3323.48	53.25
3324.52	335.87
3325.56	247.80
3326.60	290.81
3327.64	344.06
3328.68	188.41
3329.73	169.98
3330.77	100.35
3331.81	280.57
3332.85	403.45
3333.88	221.18
3334.92	161.79
3335.96	333.82
3337.00	266.24
3338.04	196.61
3339.08	239.61
3340.11	292.86
3341.15	266.24
3342.19	225.28
3343.22	253.95
3344.26	153.60
3345.30	178.17
3346.33	212.99
3347.37	329.72
3348.40	266.24
3349.43	413.69
3350.47	348.15
3351.50	133.12
3352.54	303.10
3353.57	231.42
3354.60	282.62
3355.63	180.22
3356.67	268.28
3357.70	405.50
3358.73	219.13
3359.76	133.12
3360.79	278.52
3361.82	241.66
3362.85	247.80
3363.88	196.60
3364.91	247.80
3365.94	217.08
3366.97	356.35
3367.99	272.38
3369.02	217.08
3370.05	253.95
3371.08	229.37
3372.10	231.42
3373.13	38.91
3374.16	180.22
3375.18	272.38
3376.21	184.32
3377.23	243.71
3378.26	335.87
3379.28	176.13
3380.31	204.80
3381.33	233.47
3382.35	266.24
3383.38	180.22
3384.40	196.61
3385.42	182.27
3386.45	147.45
3387.47	276.48
3388.49	151.55
3389.51	243.71
3390.53	178.17
3391.55	202.75
3392.57	188.41
3393.59	210.94
3394.61	116.73
3395.63	260.09
3396.65	387.07
3397.67	249.85
3398.69	221.18
3399.70	270.33
3400.72	206.84
3401.74	131.07
3402.76	229.37
3403.77	212.99
3404.79	200.70
3405.80	249.85
3406.82	266.24
3407.83	258.04
3408.85	192.51
3409.86	235.52
3410.88	206.84
3411.89	165.89
3412.91	260.09
3413.92	155.65
3414.93	55.30
3415.94	178.17
3416.96	387.07
3417.97	145.41
3418.98	124.93
3419.99	190.46
3421.00	208.89
3422.01	231.42
3423.02	249.85
3424.03	247.80
3425.04	264.19
3426.05	266.24
3427.06	212.99
3428.07	276.48
3429.08	235.52
3430.09	303.10
3431.09	288.76
3432.10	184.32
3433.11	270.33
3434.12	180.22
3435.12	100.35
3436.13	346.11
3437.13	231.42
3438.14	235.52
3439.14	178.17
3440.15	229.37
3441.15	337.91
3442.16	122.88
3443.16	221.18
3444.16	229.37
3445.17	186.37
3446.17	157.69
3447.17	262.14
3448.17	276.48
3449.18	268.28
3450.18	219.13
3451.18	225.28
3452.18	217.08
3453.18	223.23
3454.18	247.80
3455.18	245.76
3456.18	112.64
3457.18	241.66
3458.18	274.43
3459.17	276.48
3460.17	159.74
3461.17	253.95
3462.17	262.14
3463.17	225.28
3464.16	270.33
3465.16	256.00
3466.15	270.33
3467.15	360.44
3468.15	256.00
3469.14	241.66
3470.14	141.31
3471.13	126.97
3472.13	282.62
3473.12	237.56
3474.11	131.07
3475.11	34.82
3476.10	260.09
3477.09	131.07
3478.08	184.32
3479.08	225.28
3480.07	124.93
3481.06	268.28
3482.05	282.62
3483.04	294.91
3484.03	202.75
3485.02	288.76
3486.01	239.61
3487.00	98.30
3487.99	110.59
3488.98	212.99
3489.97	323.58
3490.95	114.69
3491.94	260.09
3492.93	215.04
3493.92	145.41
3494.90	94.21
3495.89	186.37
3496.88	202.75
3497.86	235.52
3498.85	208.89
3499.83	163.84
3500.82	212.99
3501.80	77.82
3502.79	151.55
3503.77	73.73
3504.75	231.42
3505.74	126.97
3506.72	319.48
3507.70	290.81
3508.68	28.67
3509.67	305.15
3510.65	149.50
3511.63	235.52
3512.61	249.85
3513.59	198.65
3514.57	124.93
3515.55	151.55
3516.53	178.17
3517.51	190.46
3518.49	73.73
3519.47	262.14
3520.45	235.52
3521.42	268.28
3522.40	200.70
3523.38	188.41
3524.36	196.60
3525.33	159.74
3526.31	135.17
3527.29	274.43
3528.26	196.61
3529.24	135.17
3530.21	223.23
3531.19	241.66
3532.16	143.36
3533.14	282.62
3534.11	272.38
3535.08	243.71
3536.06	227.32
3537.03	65.53
3538.00	245.76
3538.98	104.45
3539.95	81.92
3540.92	34.82
3541.89	86.01
3542.86	167.93
3543.83	57.34
3544.80	100.35
3545.77	221.18
3546.74	245.76
3547.71	172.03
3548.68	106.49
3549.65	137.21
3550.62	90.11
3551.59	270.33
3552.56	155.65
3553.52	184.32
3554.49	313.34
3555.46	159.74
3556.42	-34.82
3557.39	342.01
3558.36	104.45
3559.32	-6.14
3560.29	139.26
3561.25	192.51
3562.22	219.13
3563.18	110.59
3564.15	221.18
3565.11	139.26
3566.07	139.26
3567.04	247.80
3568.00	98.30
3568.96	45.06
3569.92	165.89
3570.89	163.84
3571.85	256.00
3572.81	196.61
3573.77	104.45
3574.73	155.65
3575.69	186.37
3576.65	153.60
3577.61	98.30
3578.57	307.20
3579.53	71.68
3580.49	155.65
3581.45	137.21
3582.40	120.83
3583.36	190.46
3584.32	217.08
3585.28	251.90
3586.23	266.24
3587.19	241.66
3588.15	223.23
3589.10	299.00
3590.06	227.32
3591.01	114.69
3591.97	258.04
3592.92	202.75
3593.88	176.13
3594.83	217.08
3595.78	143.36
3596.74	176.13
3597.69	167.93
3598.64	208.89
3599.60	157.69
3600.55	102.40
3601.50	108.54
3602.45	165.89
3603.40	120.83
3604.35	192.51
3605.31	260.09
3606.26	241.66
3607.21	155.65
3608.16	165.89
3609.10	358.39
3610.05	157.69
3611.00	118.78
3611.95	151.55
3612.90	282.62
3613.85	55.30
3614.79	247.80
3615.74	245.76
3616.69	63.49
3617.63	178.17
3618.58	217.08
3619.53	186.37
3620.47	155.65
3621.42	161.79
3622.36	190.46
3623.31	108.54
3624.25	-12.29
3625.20	192.51
3626.14	270.33
3627.08	155.65
3628.03	94.21
3628.97	184.32
3629.91	237.56
3630.85	186.37
3631.80	233.47
3632.74	159.74
3633.68	215.04
3634.62	202.75
3635.56	55.30
3636.50	59.39
3637.44	67.58
3638.38	184.32
3639.32	217.08
3640.26	155.65
3641.20	231.42
3642.14	67.58
3643.08	288.76
3644.01	147.45
3644.95	14.34
3645.89	210.94
3646.83	67.58
3647.76	131.07
3648.70	208.89
3649.63	55.30
3650.57	282.62
3651.51	118.78
3652.44	245.76
3653.38	225.28
3654.31	149.50
3655.24	307.20
3656.18	186.37
3657.11	217.08
3658.05	67.58
3658.98	155.65
3659.91	247.80
3660.84	112.64
3661.78	38.91
3662.71	143.36
3663.64	225.28
3664.57	79.87
3665.50	65.53
3666.43	204.80
3667.36	118.78
3668.29	186.37
3669.22	202.75
3670.15	131.07
3671.08	260.09
3672.01	59.39
3672.94	139.26
3673.86	88.06
3674.79	262.14
3675.72	231.42
3676.65	190.46
3677.57	45.06
3678.50	0.00
3679.43	143.36
3680.35	210.94
3681.28	200.70
3682.20	231.42
3683.13	157.69
3684.05	73.73
3684.98	165.89
3685.90	260.09
3686.83	100.35
3687.75	217.08
3688.67	200.70
3689.60	139.26
3690.52	149.50
3691.44	178.17
3692.36	124.93
3693.28	178.17
3694.21	243.71
3695.13	108.54
3696.05	73.73
3696.97	122.88
3697.89	212.99
3698.81	100.35
3699.73	212.99
3700.65	83.97
3701.57	210.94
3702.48	4.10
3703.40	217.08
3704.32	212.99
3705.24	229.37
3706.16	354.30
3707.07	108.54
3707.99	159.74
3708.91	137.21
3709.82	202.75
3710.74	55.30
3711.66	137.21
3712.57	202.75
3713.49	135.17
3714.40	88.06
3715.31	270.33
3716.23	194.56
3717.14	32.77
3718.06	92.16
3718.97	245.76
3719.88	174.08
3720.80	129.02
3721.71	557.05
3722.62	245.76
3723.53	190.46
3724.44	190.46
3725.35	147.45
3726.26	94.21
3727.18	245.76
3728.09	53.25
3729.00	32.77
3729.91	135.17
3730.81	151.55
3731.72	159.74
3732.63	157.69
3733.54	126.97
3734.45	288.76
3735.36	51.20
3736.26	47.10
3737.17	188.41
3738.08	229.37
3738.99	124.93
3739.89	258.04
3740.80	157.69
3741.70	133.12
3742.61	237.56
3743.51	135.17
3744.42	241.66
3745.32	198.65
3746.23	116.73
3747.13	163.84
3748.04	120.83
3748.94	116.73
3749.84	77.82
3750.74	223.23
3751.65	190.46
3752.55	14.34
3753.45	190.46
3754.35	124.93
3755.25	129.02
3756.16	196.61
3757.06	180.22
3757.96	106.49
3758.86	143.36
3759.76	141.31
3760.66	88.06
3761.55	210.94
3762.45	239.61
3763.35	59.39
3764.25	47.10
3765.15	145.41
3766.05	186.37
3766.94	122.88
3767.84	116.73
3768.74	120.83
3769.63	344.06
3770.53	61.44
3771.43	159.74
3772.32	208.89
3773.22	59.39
3774.11	92.16
3775.01	180.22
3775.90	157.69
3776.80	-2.05
3777.69	180.22
3778.58	133.12
3779.48	104.45
3780.37	36.86
3781.26	112.64
3782.16	100.35
3783.05	36.86
3783.94	194.56
3784.83	55.30
3785.72	178.17
3786.61	104.45
3787.50	65.54
3788.39	90.11
3789.28	149.50
3790.17	98.30
3791.06	159.74
3791.95	153.60
3792.84	110.59
3793.73	118.78
3794.62	55.30
3795.51	147.45
3796.39	102.40
3797.28	161.79
3798.17	147.45
3799.06	126.97
3799.94	210.94
3800.83	137.21
3801.71	282.62
3802.60	159.74
3803.48	96.25
3804.37	67.58
3805.25	163.84
3806.14	77.82
3807.02	137.21
3807.91	106.49
3808.79	-30.72
3809.67	264.19
3810.56	102.40
3811.44	186.37
3812.32	98.30
3813.20	16.38
3814.09	147.45
3814.97	186.37
3815.85	172.03
3816.73	57.34
3817.61	30.72
3818.49	-4.10
3819.37	122.88
3820.25	67.58
3821.13	143.36
3822.01	215.04
3822.89	108.54
3823.77	239.61
3824.65	202.75
3825.52	96.25
3826.40	159.74
3827.28	161.79
3828.16	36.86
3829.03	-53.25
3829.91	172.03
3830.79	151.55
3831.66	118.78
3832.54	100.35
3833.41	225.28
3834.29	102.40
3835.16	98.30
3836.04	147.45
3836.91	-38.91
3837.79	217.08
3838.66	92.16
3839.53	98.30
3840.41	100.35
3841.28	165.89
3842.15	81.92
3843.02	55.30
3843.90	133.12
3844.77	49.15
3845.64	18.43
3846.51	102.40
3847.38	153.60
3848.25	176.13
3849.12	104.45
3849.99	221.18
3850.86	-116.73
3851.73	104.45
3852.60	235.52
3853.47	112.64
3854.34	81.92
3855.21	116.73
3856.07	-30.72
3856.94	104.45
3857.81	67.58
3858.68	198.65
3859.54	77.82
3860.41	53.25
3861.28	149.50
3862.14	206.84
3863.01	114.69
3863.87	-4.10
3864.74	251.90
3865.60	8.19
3866.47	145.41
3867.33	88.06
3868.19	106.49
3869.06	73.73
3869.92	167.93
3870.78	43.01
3871.65	202.75
3872.51	233.47
3873.37	-258.04
3874.23	301.05
3875.10	32.77
3875.96	245.76
3876.82	90.11
3877.68	-81.92
3878.54	92.16
3879.40	114.69
3880.26	145.41
3881.12	94.21
3881.98	102.40
3882.84	256.00
3883.70	106.49
3884.55	110.59
3885.41	137.21
3886.27	55.30
3887.13	102.40
3887.99	122.88
3888.84	137.21
3889.70	217.08
3890.56	129.02
3891.41	81.92
3892.27	165.89
3893.12	184.32
3893.98	28.67
3894.83	149.50
3895.69	149.50
3896.54	110.59
3897.40	192.51
3898.25	143.36
3899.11	196.61
3899.96	124.93
3900.81	59.39
3901.66	90.11
3902.52	194.56
3903.37	145.41
3904.22	-22.53
3905.07	176.13
3905.92	151.55
3906.78	45.06
3907.63	45.06
