-2184.52	-20.48
-2181.51	-20.48
-2178.50	-20.48
-2175.49	-88.06
-2172.49	24.58
-2169.48	24.58
-2166.48	45.06
-2163.48	-59.39
-2160.47	12.29
-2157.47	18.43
-2154.47	18.43
-2151.48	-2.05
-2148.48	106.49
-2145.49	30.72
-2142.49	24.58
-2139.50	-2.05
-2136.51	-40.96
-2133.52	-129.02
-2130.53	86.01
-2127.54	32.77
-2124.55	18.43
-2121.57	0.00
-2118.58	79.87
-2115.60	14.34
-2112.62	81.92
-2109.64	-77.82
-2106.66	159.74
-2103.68	-6.14
-2100.70	-63.49
-2097.73	55.30
-2094.75	53.25
-2091.78	-24.58
-2088.81	34.82
-2085.83	81.92
-2082.86	120.83
-2079.90	30.72
-2076.93	-2.05
-2073.96	22.53
-2071.00	38.91
-2068.03	40.96
-2065.07	96.25
-2062.11	53.25
-2059.15	96.25
-2056.19	18.43
-2053.23	-79.87
-2050.27	38.91
-2047.32	-63.49
-2044.36	26.62
-2041.41	45.06
-2038.46	-65.54
-2035.51	-2.05
-2032.56	104.45
-2029.61	47.10
-2026.66	102.40
-2023.72	18.43
-2020.77	53.25
-2017.83	14.34
-2014.88	88.06
-2011.94	20.48
-2009.00	6.14
-2006.06	131.07
-2003.13	96.25
-2000.19	45.06
-1997.25	-8.19
-1994.32	-114.69
-1991.39	126.97
-1988.45	-24.58
-1985.52	57.34
-1982.59	139.26
-1979.67	-26.62
-1976.74	38.91
-1973.81	43.01
-1970.89	90.11
-1967.96	40.96
-1965.04	43.01
-1962.12	-10.24
-1959.20	-36.86
-1956.28	57.34
-1953.36	81.92
-1950.45	106.49
-1947.53	40.96
-1944.62	0.00
-1941.70	129.02
-1938.79	6.14
-1935.88	20.48
-1932.97	-90.11
-1930.06	135.17
-1927.15	28.67
-1924.25	-24.58
-1921.34	-16.38
-1918.44	-30.72
-1915.54	28.67
-1912.63	45.06
-1909.73	55.30
-1906.83	106.49
-1903.94	-75.77
-1901.04	59.39
-1898.14	-12.29
-1895.25	110.59
-1892.36	139.26
-1889.46	49.15
-1886.57	-67.58
-1883.68	32.77
-1880.79	30.72
-1877.91	4.10
-1875.02	118.78
-1872.13	26.62
-1869.25	47.10
-1866.37	-26.62
-1863.48	81.92
-1860.60	75.77
-1857.72	102.40
-1854.84	12.29
-1851.97	16.38
-1849.09	30.72
-1846.22	-106.49
-1843.34	-28.67
-1840.47	30.72
-1837.60	-77.82
-1834.73	96.25
-1831.86	53.25
-1828.99	22.53
-1826.12	129.02
-1823.26	57.34
-1820.39	53.25
-1817.53	-40.96
-1814.67	32.77
-1811.80	77.82
-1808.94	71.68
-1806.08	26.62
-1803.23	12.29
-1800.37	-63.49
-1797.51	120.83
-1794.66	34.82
-1791.81	155.65
-1788.95	75.77
-1786.10	176.13
-1783.25	-110.59
-1780.40	147.45
-1777.56	204.80
-1774.71	51.20
-1771.86	-139.26
-1769.02	43.01
-1766.18	-32.77
-1763.33	-75.77
-1760.49	14.34
-1757.65	169.98
-1754.81	18.43
-1751.98	28.67
-1749.14	47.10
-1746.30	129.02
-1743.47	-8.19
-1740.64	178.17
-1737.81	-161.79
-1734.97	43.01
-1732.14	-126.97
-1729.32	88.06
-1726.49	-18.43
-1723.66	38.91
-1720.84	81.92
-1718.01	131.07
-1715.19	-36.86
-1712.37	149.50
-1709.55	-38.91
-1706.73	-12.29
-1703.91	159.74
-1701.09	10.24
-1698.27	-59.39
-1695.46	57.34
-1692.65	53.25
-1689.83	55.30
-1687.02	45.06
-1684.21	-26.62
-1681.40	92.16
-1678.59	14.34
-1675.78	-96.25
-1672.98	-30.72
-1670.17	4.10
-1667.37	135.17
-1664.56	133.12
-1661.76	75.77
-1658.96	161.79
-1656.16	45.06
-1653.36	-118.78
-1650.57	129.02
-1647.77	51.20
-1644.97	-26.62
-1642.18	151.55
-1639.39	81.92
-1636.60	69.63
-1633.80	0.00
-1631.01	-12.29
-1628.23	45.06
-1625.44	43.01
-1622.65	102.40
-1619.87	40.96
-1617.08	176.13
-1614.30	108.54
-1611.52	0.00
-1608.74	55.30
-1605.96	47.10
-1603.18	57.34
-1600.40	47.10
-1597.62	-20.48
-1594.85	69.63
-1592.07	6.14
-1589.30	135.17
-1586.53	118.78
-1583.76	2.05
-1580.99	49.15
-1578.22	133.12
-1575.45	65.53
-1572.68	-24.58
-1569.92	22.53
-1567.15	61.44
-1564.39	14.34
-1561.63	126.97
-1558.86	-4.10
-1556.10	141.31
-1553.34	-6.14
-1550.59	43.01
-1547.83	90.11
-1545.07	-79.87
-1542.32	16.38
-1539.56	-6.14
-1536.81	-43.01
-1534.06	43.01
-1531.31	-28.67
-1528.56	196.61
-1525.81	63.49
-1523.06	57.34
-1520.32	-24.58
-1517.57	34.82
-1514.83	4.10
-1512.09	-92.16
-1509.34	157.69
-1506.60	-12.29
-1503.86	20.48
-1501.12	12.29
-1498.39	26.62
-1495.65	-151.55
-1492.91	10.24
-1490.18	-47.10
-1487.45	22.53
-1484.71	174.08
-1481.98	-75.77
-1479.25	118.78
-1476.52	112.64
-1473.80	32.77
-1471.07	-16.38
-1468.34	88.06
-1465.62	-67.58
-1462.89	100.35
-1460.17	149.50
-1457.45	55.30
-1454.73	12.29
-1452.01	104.45
-1449.29	10.24
-1446.57	10.24
-1443.86	-30.72
-1441.14	278.52
-1438.43	18.43
-1435.71	231.42
-1433.00	0.00
-1430.29	63.49
-1427.58	51.20
-1424.87	-28.67
-1422.16	26.62
-1419.46	26.62
-1416.75	-28.67
-1414.05	10.24
-1411.34	14.34
-1408.64	88.06
-1405.94	92.16
-1403.24	120.83
-1400.54	77.82
-1397.84	4.10
-1395.14	6.14
-1392.45	149.50
-1389.75	-10.24
-1387.06	28.67
-1384.36	-49.15
-1381.67	49.15
-1378.98	22.53
-1376.29	36.86
-1373.60	83.97
-1370.91	137.21
-1368.23	53.25
-1365.54	174.08
-1362.86	28.67
-1360.17	20.48
-1357.49	114.69
-1354.81	49.15
-1352.13	-22.53
-1349.45	49.15
-1346.77	-10.24
-1344.09	-32.77
-1341.42	18.43
-1338.74	165.89
-1336.07	28.67
-1333.39	59.39
-1330.72	24.58
-1328.05	38.91
-1325.38	149.50
-1322.71	102.40
-1320.04	116.73
-1317.37	-53.25
-1314.71	122.88
-1312.04	67.58
-1309.38	28.67
-1306.72	-2.05
-1304.05	28.67
-1301.39	67.58
-1298.73	126.97
-1296.08	92.16
-1293.42	-18.43
-1290.76	38.91
-1288.10	36.86
-1285.45	-22.53
-1282.80	210.94
-1280.14	-8.19
-1277.49	4.10
-1274.84	-38.91
-1272.19	26.62
-1269.54	-8.19
-1266.90	90.11
-1264.25	102.40
-1261.60	40.96
-1258.96	-55.30
-1256.32	32.77
-1253.67	20.48
-1251.03	131.07
-1248.39	34.82
-1245.75	45.06
-1243.11	0.00
-1240.48	-163.84
-1237.84	45.06
-1235.20	112.64
-1232.57	-10.24
-1229.94	8.19
-1227.31	-2.05
-1224.67	182.27
-1222.04	-24.58
-1219.41	20.48
-1216.79	57.34
-1214.16	4.10
-1211.53	8.19
-1208.91	-131.07
-1206.28	47.10
-1203.66	-118.78
-1201.04	108.54
-1198.42	-20.48
-1195.80	129.02
-1193.18	38.91
-1190.56	-57.34
-1187.94	-40.96
-1185.33	65.53
-1182.71	-18.43
-1180.10	59.39
-1177.49	-2.05
-1174.87	88.06
-1172.26	47.10
-1169.65	141.31
-1167.04	-71.68
-1164.44	10.24
-1161.83	-26.62
-1159.22	53.25
-1156.62	30.72
-1154.01	16.38
-1151.41	159.74
-1148.81	96.25
-1146.21	55.30
-1143.61	126.97
-1141.01	26.62
-1138.41	-71.68
-1135.81	-26.62
-1133.22	129.02
-1130.62	-30.72
-1128.03	81.92
-1125.44	53.25
-1122.84	-92.16
-1120.25	-36.86
-1117.66	206.84
-1115.07	65.54
-1112.49	-32.77
-1109.90	24.58
-1107.31	-30.72
-1104.73	12.29
-1102.14	47.10
-1099.56	116.73
-1096.98	96.25
-1094.40	55.30
-1091.82	98.30
-1089.24	61.44
-1086.66	-38.91
-1084.08	278.52
-1081.51	-57.34
-1078.93	51.20
-1076.36	-22.53
-1073.79	90.11
-1071.21	63.49
-1068.64	-12.29
-1066.07	92.16
-1063.50	18.43
-1060.93	83.97
-1058.37	55.30
-1055.80	-32.77
-1053.24	81.92
-1050.67	12.29
-1048.11	-92.16
-1045.55	-4.10
-1042.99	53.25
-1040.42	38.91
-1037.87	110.59
-1035.31	96.25
-1032.75	-8.19
-1030.19	63.49
-1027.64	10.24
-1025.08	71.68
-1022.53	-6.14
-1019.98	-49.15
-1017.43	116.73
-1014.88	202.75
-1012.33	-8.19
-1009.78	-22.53
-1007.23	219.13
-1004.68	178.17
-1002.14	81.92
-999.59	-28.67
-997.05	6.14
-994.51	94.21
-991.96	16.38
-989.42	-12.29
-986.88	79.87
-984.34	-43.01
-981.81	-14.34
-979.27	96.25
-976.73	14.34
-974.20	-120.83
-971.66	16.38
-969.13	67.58
-966.60	26.62
-964.07	-81.92
-961.54	-65.53
-959.01	98.30
-956.48	16.38
-953.95	-126.97
-951.43	45.06
-948.90	8.19
-946.38	-55.30
-943.85	102.40
-941.33	-106.49
-938.81	18.43
-936.29	67.58
-933.77	137.21
-931.25	-65.53
-928.73	-8.19
-926.22	-65.53
-923.70	-10.24
-921.19	-2.05
-918.67	-2.05
-916.16	-12.29
-913.65	59.39
-911.14	16.38
-908.63	57.34
-906.12	75.77
-903.61	-51.20
-901.10	-53.25
-898.59	32.77
-896.09	61.44
-893.59	24.58
-891.08	8.19
-888.58	20.48
-886.08	-22.53
-883.58	86.01
-881.08	104.45
-878.58	6.14
-876.08	2.05
-873.58	86.01
-871.09	-126.97
-868.59	49.15
-866.10	57.34
-863.61	-32.77
-861.12	36.86
-858.62	20.48
-856.13	8.19
-853.64	75.77
-851.16	53.25
-848.67	34.82
-846.18	14.34
-843.70	104.45
-841.21	188.41
-838.73	47.10
-836.25	-10.24
-833.77	100.35
-831.28	131.07
-828.81	-65.53
-826.33	180.22
-823.85	22.53
-821.37	339.96
-818.90	184.32
-816.42	352.25
-813.95	268.28
-811.47	296.96
-809.00	385.02
-806.53	407.55
-804.06	413.69
-801.59	313.34
-799.12	219.13
-796.65	385.02
-794.19	141.31
-791.72	309.24
-789.26	364.54
-786.79	262.14
-784.33	198.65
-781.87	135.17
-779.41	120.83
-776.95	24.58
-774.49	161.79
-772.03	-32.77
-769.57	53.25
-767.12	81.92
-764.66	-120.83
-762.21	14.34
-759.75	49.15
-757.30	108.54
-754.85	4.10
-752.40	26.62
-749.95	108.54
-747.50	14.34
-745.05	-47.10
-742.60	-20.48
-740.16	51.20
-737.71	-45.06
-735.27	124.93
-732.82	18.43
-730.38	131.07
-727.94	139.26
-725.50	110.59
-723.06	-96.25
-720.62	-83.97
-718.18	65.53
-715.74	45.06
-713.31	16.38
-710.87	4.10
-708.44	-14.34
-706.01	-28.67
-703.57	-55.30
-701.14	-63.49
-698.71	79.87
-696.28	24.58
-693.85	-20.48
-691.42	2.05
-689.00	10.24
-686.57	-67.58
-684.15	22.53
-681.72	-104.45
-679.30	45.06
-676.88	-75.77
-674.45	165.89
-672.03	20.48
-669.61	-28.67
-667.20	40.96
-664.78	71.68
-662.36	24.58
-659.94	-8.19
-657.53	30.72
-655.12	32.77
-652.70	20.48
-650.29	-49.15
-647.88	301.05
-645.47	55.30
-643.06	108.54
-640.65	59.39
-638.24	-38.91
-635.83	81.92
-633.43	77.82
-631.02	96.25
-628.62	86.01
-626.22	-43.01
-623.81	-26.62
-621.41	-32.77
-619.01	88.06
-616.61	2.05
-614.21	51.20
-611.81	-30.72
-609.42	106.49
-607.02	10.24
-604.63	-69.63
-602.23	-12.29
-599.84	-28.67
-597.45	104.45
-595.05	-26.62
-592.66	-51.20
-590.27	-30.72
-587.88	67.58
-585.50	26.62
-583.11	116.73
-580.72	75.77
-578.34	-6.14
-575.95	47.10
-573.57	24.58
-571.19	4.10
-568.80	-65.54
-566.42	69.63
-564.04	102.40
-561.66	141.31
-559.29	10.24
-556.91	133.12
-554.53	114.69
-552.16	51.20
-549.78	88.06
-547.41	112.64
-545.03	153.60
-542.66	8.19
-540.29	-24.58
-537.92	-55.30
-535.55	131.07
-533.18	2.05
-530.81	-20.48
-528.45	79.87
-526.08	-26.62
-523.72	45.06
-521.35	71.68
-518.99	16.38
-516.63	8.19
-514.27	-47.10
-511.90	135.17
-509.54	2.05
-507.19	155.65
-504.83	28.67
-502.47	-83.97
-500.11	-4.10
-497.76	-28.67
-495.40	61.44
-493.05	131.07
-490.70	88.06
-488.35	57.34
-486.00	8.19
-483.65	-34.82
-481.30	137.21
-478.95	212.99
-476.60	90.11
-474.25	36.86
-471.91	26.62
-469.56	116.73
-467.22	139.26
-464.88	67.58
-462.53	110.59
-460.19	26.62
-457.85	122.88
-455.51	186.37
-453.17	6.14
-450.84	73.73
-448.50	6.14
-446.16	59.39
-443.83	149.50
-441.49	135.17
-439.16	141.31
-436.83	69.63
-434.50	188.41
-432.16	229.37
-429.83	153.60
-427.50	200.70
-425.18	47.10
-422.85	22.53
-420.52	102.40
-418.20	18.43
-415.87	131.07
-413.55	194.56
-411.22	235.52
-408.90	167.93
-406.58	122.88
-404.26	40.96
-401.94	131.07
-399.62	36.86
-397.30	36.86
-394.99	114.69
-392.67	-8.19
-390.35	-88.06
-388.04	-14.34
-385.73	49.15
-383.41	61.44
-381.10	30.72
-378.79	49.15
-376.48	-86.01
-374.17	-49.15
-371.86	4.10
-369.55	141.31
-367.25	106.49
-364.94	49.15
-362.64	32.77
-360.33	118.78
-358.03	34.82
-355.73	-34.82
-353.42	147.45
-351.12	-40.96
-348.82	-28.67
-346.52	22.53
-344.23	28.67
-341.93	22.53
-339.63	75.77
-337.34	75.77
-335.04	79.87
-332.75	-34.82
-330.45	-14.34
-328.16	-2.05
-325.87	-24.58
-323.58	79.87
-321.29	30.72
-319.00	69.63
-316.71	-28.67
-314.42	-38.91
-312.14	28.67
-309.85	110.59
-307.57	14.34
-305.28	65.53
-303.00	6.14
-300.72	124.93
-298.44	-36.86
-296.16	96.25
-293.88	122.88
-291.60	-20.48
-289.32	18.43
-287.04	2.05
-284.77	86.01
-282.49	98.30
-280.22	-73.73
-277.94	14.34
-275.67	59.39
-273.40	172.03
-271.13	-61.44
-268.85	98.30
-266.59	104.45
-264.32	159.74
-262.05	192.51
-259.78	16.38
-257.51	-32.77
-255.25	67.58
-252.98	-12.29
-250.72	34.82
-248.46	81.92
-246.20	-12.29
-243.93	24.58
-241.67	73.73
-239.41	-18.43
-237.16	10.24
-234.90	26.62
-232.64	86.01
-230.38	163.84
-228.13	-40.96
-225.87	-8.19
-223.62	94.21
-221.37	28.67
-219.11	77.82
-216.86	-28.67
-214.61	34.82
-212.36	102.40
-210.11	26.62
-207.87	71.68
-205.62	26.62
-203.37	81.92
-201.13	-36.86
-198.88	16.38
-196.64	12.29
-194.39	69.63
-192.15	-18.43
-189.91	163.84
-187.67	-24.58
-185.43	-65.53
-183.19	-26.62
-180.95	106.49
-178.72	-22.53
-176.48	22.53
-174.24	-34.82
-172.01	36.86
-169.77	59.39
-167.54	151.55
-165.31	28.67
-163.08	186.37
-160.85	53.25
-158.62	79.87
-156.39	55.30
-154.16	-8.19
-151.93	108.54
-149.70	53.25
-147.48	22.53
-145.25	-36.86
-143.03	14.34
-140.81	94.21
-138.58	40.96
-136.36	102.40
-134.14	112.64
-131.92	118.78
-129.70	251.90
-127.48	96.25
-125.26	34.82
-123.05	59.39
-120.83	-20.48
-118.62	-6.14
-116.40	86.01
-114.19	-12.29
-111.97	-18.43
-109.76	32.77
-107.55	108.54
-105.34	-4.10
-103.13	0.00
-100.92	133.12
-98.71	77.82
-96.51	79.87
-94.30	161.79
-92.09	180.22
-89.89	36.86
-87.69	77.82
-85.48	153.60
-83.28	118.78
-81.08	65.54
-78.88	4.10
-76.68	221.18
-74.48	188.41
-72.28	116.73
-70.08	196.61
-67.88	155.65
-65.69	133.12
-63.49	92.16
-61.30	305.15
-59.11	81.92
-56.91	137.21
-54.72	65.54
-52.53	137.21
-50.34	151.55
-48.15	253.95
-45.96	231.42
-43.77	77.82
-41.59	237.56
-39.40	354.30
-37.21	208.89
-35.03	256.00
-32.84	378.87
-30.66	358.39
-28.48	446.46
-26.30	862.19
-24.12	1282.03
-21.94	2353.12
-19.76	4566.97
-17.58	8716.16
-15.40	15683.34
-13.22	28317.26
-11.05	40605.08
-8.87	45962.56
-6.70	46703.93
-4.52	57830.54
-2.35	58541.19
-0.18	60404.84
1.99	57164.95
4.16	51135.73
6.33	40986.00
8.50	33928.70
10.67	28087.89
12.84	26484.33
15.00	20358.86
17.17	15941.39
19.33	13354.80
21.50	10981.21
23.66	8566.65
25.83	6614.94
27.99	4663.22
30.15	2992.08
32.31	1980.39
34.47	1390.57
36.63	800.76
38.79	772.08
40.94	526.33
43.10	235.52
45.25	286.72
47.41	139.26
49.56	198.65
51.72	43.01
53.87	233.47
56.02	219.13
58.17	59.39
60.32	83.97
62.47	178.17
64.62	131.07
66.77	131.07
68.92	65.54
71.06	141.31
73.21	94.21
75.35	120.83
77.50	147.45
79.64	-14.34
81.78	225.28
83.92	145.41
86.06	106.49
88.20	57.34
90.34	124.93
92.48	198.65
94.62	133.12
96.76	96.25
98.89	120.83
101.03	32.77
103.16	108.54
105.30	165.89
107.43	-12.29
109.56	-38.91
111.69	90.11
113.82	90.11
115.95	120.83
118.08	24.58
120.21	122.88
122.34	215.04
124.47	157.69
126.59	104.45
128.72	145.41
130.84	161.79
132.97	92.16
135.09	157.69
137.21	57.34
139.33	83.97
141.45	169.98
143.57	131.07
145.69	184.32
147.81	208.89
149.93	212.99
152.05	194.56
154.16	147.45
156.28	141.31
158.39	159.74
160.51	227.32
162.62	186.37
164.73	151.55
166.85	96.25
168.96	147.45
171.07	249.85
173.18	141.31
175.28	227.32
177.39	77.82
179.50	108.54
181.61	305.15
183.71	153.60
185.82	350.20
187.92	278.52
190.02	57.34
192.13	182.27
194.23	221.18
196.33	77.82
198.43	43.01
200.53	124.93
202.63	141.31
204.72	178.17
206.82	79.87
208.92	225.28
211.01	79.87
213.11	190.46
215.20	219.13
217.30	122.88
219.39	243.71
221.48	172.03
223.57	202.75
225.66	299.00
227.75	190.46
229.84	67.58
231.93	272.38
234.02	204.80
236.10	210.94
238.19	135.17
240.28	182.27
242.36	251.90
244.44	131.07
246.53	149.50
248.61	88.06
250.69	155.65
252.77	112.64
254.85	172.03
256.93	147.45
259.01	217.08
261.09	258.04
263.16	323.58
265.24	210.94
267.32	90.11
269.39	147.45
271.46	169.98
273.54	231.42
275.61	262.14
277.68	10.24
279.75	333.82
281.82	198.65
283.89	165.89
285.96	208.89
288.03	198.65
290.10	79.87
292.16	-8.19
294.23	8.19
296.29	129.02
298.36	120.83
300.42	71.68
302.49	139.26
304.55	126.97
306.61	34.82
308.67	256.00
310.73	212.99
312.79	186.37
314.85	98.30
316.90	149.50
318.96	14.34
321.02	137.21
323.07	129.02
325.13	215.04
327.18	204.80
329.24	51.20
331.29	114.69
333.34	159.74
335.39	192.51
337.44	145.41
339.49	309.24
341.54	249.85
343.59	266.24
345.64	212.99
347.68	206.84
349.73	350.20
351.77	159.74
353.82	317.44
355.86	280.57
357.90	352.25
359.95	307.20
361.99	217.08
364.03	325.63
366.07	589.82
368.11	702.45
370.15	790.52
372.19	942.07
374.22	1081.33
376.26	1251.31
378.29	1359.85
380.33	1226.73
382.36	1501.16
384.40	1400.81
386.43	1517.54
388.46	1558.50
390.49	1333.23
392.52	1148.91
394.55	1038.32
396.58	864.24
398.61	976.88
400.64	757.75
402.67	702.45
404.69	681.97
406.72	739.32
408.74	735.22
410.77	677.88
412.79	720.88
414.81	886.77
416.84	1042.42
418.86	1107.95
420.88	1218.54
422.90	1277.93
424.92	1484.78
426.94	1333.23
428.95	1322.99
430.97	1202.16
432.99	1021.94
435.00	929.78
437.02	899.06
439.03	870.39
441.04	669.69
443.06	686.07
445.07	587.77
447.08	651.25
449.09	440.31
451.10	509.94
453.11	264.19
455.12	444.41
457.13	360.44
459.13	329.72
461.14	301.05
463.14	356.35
465.15	299.00
467.15	325.63
469.16	323.58
471.16	456.70
473.16	421.88
475.16	452.60
477.16	305.15
479.16	323.58
481.16	331.77
483.16	505.85
485.16	292.86
487.15	425.98
489.15	366.59
491.15	225.28
493.14	131.07
495.14	321.53
497.13	219.13
499.12	280.57
501.11	200.70
503.11	239.61
505.10	262.14
507.09	239.61
509.07	22.53
511.06	145.41
513.05	182.27
515.04	151.55
517.02	219.13
519.01	161.79
521.00	151.55
522.98	153.60
524.96	260.09
526.95	161.79
528.93	233.47
530.91	149.50
532.89	135.17
534.87	61.44
536.85	98.30
538.83	141.31
540.81	75.77
542.78	178.17
544.76	313.34
546.74	53.25
548.71	243.71
550.69	149.50
552.66	73.73
554.63	116.73
556.60	292.86
558.58	75.77
560.55	141.31
562.52	153.60
564.49	182.27
566.46	22.53
568.42	133.12
570.39	53.25
572.36	28.67
574.32	133.12
576.29	57.34
578.25	49.15
580.22	129.02
582.18	83.97
584.14	100.35
586.11	92.16
588.07	137.21
590.03	110.59
591.99	116.73
593.95	47.10
595.90	79.87
597.86	133.12
599.82	49.15
601.78	67.58
603.73	94.21
605.69	131.07
607.64	77.82
609.59	192.51
611.55	92.16
613.50	260.09
615.45	53.25
617.40	79.87
619.35	92.16
621.30	256.00
623.25	112.64
625.20	63.49
627.15	100.35
629.09	51.20
631.04	110.59
632.98	26.62
634.93	102.40
636.87	180.22
638.82	63.49
640.76	131.07
642.70	71.68
644.64	116.73
646.58	212.99
648.52	102.40
650.46	161.79
652.40	6.14
654.34	169.98
656.27	14.34
658.21	77.82
660.15	227.32
662.08	-47.10
664.02	8.19
665.95	172.03
667.88	73.73
669.82	61.44
671.75	24.58
673.68	114.69
675.61	90.11
677.54	36.86
679.47	67.58
681.40	75.77
683.32	77.82
685.25	178.17
687.18	94.21
689.10	108.54
691.03	79.87
692.95	102.40
694.87	-53.25
696.80	208.89
698.72	155.65
700.64	102.40
702.56	206.84
704.48	159.74
706.40	114.69
708.32	104.45
710.24	159.74
712.16	194.56
714.07	153.60
715.99	190.46
717.90	63.49
719.82	135.17
721.73	208.89
723.65	75.77
725.56	129.02
727.47	153.60
729.38	278.52
731.29	212.99
733.20	124.93
735.11	182.27
737.02	135.17
738.93	112.64
740.84	231.42
742.74	243.71
744.65	79.87
746.55	65.53
748.46	317.44
750.36	378.87
752.27	358.39
754.17	311.29
756.07	391.16
757.97	294.91
759.87	489.46
761.77	526.33
763.67	540.66
765.57	524.28
767.47	684.02
769.37	557.05
771.26	755.70
773.16	776.18
775.06	1021.94
776.95	1075.18
778.84	1202.16
780.74	1294.32
782.63	1814.50
784.52	2559.96
786.41	4204.48
788.30	6608.80
790.19	9979.75
792.08	14948.12
793.97	19672.79
795.86	23613.08
797.75	26334.83
799.63	27770.46
801.52	28603.98
803.41	27639.39
805.29	25579.13
807.18	21505.72
809.06	17684.21
810.94	14098.22
812.82	11820.88
814.70	9297.78
816.59	7653.26
818.47	5810.09
820.35	4394.94
822.22	3223.50
824.10	2201.57
825.98	1619.94
827.86	1282.03
829.73	1028.08
831.61	804.85
833.48	608.25
835.36	737.27
837.23	626.68
839.10	530.42
840.98	585.72
842.85	546.81
844.72	505.85
846.59	446.46
848.46	385.02
850.33	546.81
852.20	378.87
854.06	485.37
855.93	434.17
857.80	401.40
859.66	356.35
861.53	262.14
863.39	342.01
865.26	292.86
867.12	227.32
868.98	235.52
870.84	163.84
872.71	223.23
874.57	268.28
876.43	184.32
878.29	88.06
880.14	331.77
882.00	147.45
883.86	163.84
885.72	264.19
887.57	339.96
889.43	249.85
891.28	319.48
893.14	204.80
894.99	350.20
896.84	260.09
898.69	241.66
900.55	253.95
902.40	247.80
904.25	296.96
906.10	241.66
907.95	233.47
909.79	83.97
911.64	129.02
913.49	204.80
915.34	221.18
917.18	212.99
919.03	245.76
920.87	251.90
922.71	159.74
924.56	137.21
926.40	208.89
928.24	190.46
930.08	126.97
931.92	174.08
933.76	256.00
935.60	14.34
937.44	114.69
939.28	114.69
941.12	206.84
942.95	225.28
944.79	272.38
946.62	196.61
948.46	108.54
950.29	124.93
952.13	159.74
953.96	202.75
955.79	81.92
957.62	131.07
959.46	178.17
961.29	190.46
963.12	303.10
964.94	251.90
966.77	151.55
968.60	251.90
970.43	169.98
972.25	333.82
974.08	266.24
975.91	284.67
977.73	251.90
979.55	284.67
981.38	294.91
983.20	440.31
985.02	395.26
986.84	415.74
988.66	399.35
990.49	430.07
992.30	514.04
994.12	700.41
995.94	692.21
997.76	761.84
999.58	843.76
1001.39	905.20
1003.21	1138.67
1005.02	1187.82
1006.84	1333.23
1008.65	1671.14
1010.47	2156.51
1012.28	2369.50
1014.09	3024.85
1015.90	3502.03
1017.71	4415.42
1019.52	5343.15
1021.33	5846.95
1023.14	6793.11
1024.95	6926.23
1026.76	7462.80
1028.56	7516.05
1030.37	7372.69
1032.18	7274.38
1033.98	6635.42
1035.79	5906.34
1037.59	5226.42
1039.39	4521.92
1041.20	4296.64
1043.00	3344.33
1044.80	3033.04
1046.60	2588.63
1048.40	2187.23
1050.20	2041.82
1052.00	1638.38
1053.80	1447.91
1055.59	1269.74
1057.39	1032.18
1059.19	937.97
1060.98	919.54
1062.78	718.84
1064.57	679.93
1066.37	700.41
1068.16	583.67
1069.95	653.30
1071.75	548.86
1073.54	409.59
1075.33	407.55
1077.12	352.25
1078.91	370.68
1080.70	413.69
1082.48	446.46
1084.27	350.20
1086.06	477.18
1087.85	229.37
1089.63	430.07
1091.42	217.08
1093.20	296.96
1094.99	217.08
1096.77	303.10
1098.55	385.02
1100.33	319.48
1102.12	299.00
1103.90	309.24
1105.68	260.09
1107.46	436.22
1109.24	370.68
1111.01	358.39
1112.79	403.45
1114.57	243.71
1116.35	342.01
1118.12	335.87
1119.90	366.59
1121.67	344.06
1123.45	319.48
1125.22	247.80
1126.99	206.84
1128.77	266.24
1130.54	323.58
1132.31	370.68
1134.08	352.25
1135.85	397.31
1137.62	364.54
1139.39	438.27
1141.15	534.52
1142.92	714.74
1144.69	671.73
1146.46	907.25
1148.22	1198.06
1149.99	1640.42
1151.75	1861.60
1153.51	2097.12
1155.28	2432.99
1157.04	2375.64
1158.80	2340.83
1160.56	2209.76
1162.32	2101.22
1164.08	1638.37
1165.84	1388.52
1167.60	1081.33
1169.36	964.59
1171.12	739.32
1172.88	630.77
1174.63	608.25
1176.39	462.84
1178.14	397.31
1179.90	260.09
1181.65	350.20
1183.41	262.14
1185.16	200.70
1186.91	190.46
1188.66	258.04
1190.41	223.23
1192.16	215.04
1193.91	253.95
1195.66	335.87
1197.41	256.00
1199.16	94.21
1200.91	221.18
1202.66	147.45
1204.40	161.79
1206.15	212.99
1207.89	139.26
1209.64	327.68
1211.38	315.39
1213.12	180.22
1214.87	329.72
1216.61	182.27
1218.35	319.48
1220.09	409.59
1221.83	348.15
1223.57	434.17
1225.31	391.16
1227.05	374.78
1228.79	573.43
1230.52	450.55
1232.26	493.56
1234.00	559.10
1235.73	602.10
1237.47	665.59
1239.20	651.25
1240.94	991.22
1242.67	1028.08
1244.40	1282.03
1246.13	1392.62
1247.86	1732.58
1249.60	1832.93
1251.33	2215.90
1253.06	2594.78
1254.78	3110.86
1256.51	3921.86
1258.24	4693.94
1259.97	5275.57
1261.69	5732.26
1263.42	6211.49
1265.15	6633.37
1266.87	6627.23
1268.59	6694.81
1270.32	6643.61
1272.04	6037.41
1273.76	5232.56
1275.49	4855.73
1277.21	4093.89
1278.93	3493.83
1280.65	3067.86
1282.37	2723.80
1284.09	2097.12
1285.81	2050.02
1287.52	1847.27
1289.24	1521.64
1290.96	1316.84
1292.67	974.83
1294.39	976.88
1296.10	849.91
1297.82	903.15
1299.53	851.96
1301.24	653.30
1302.96	724.98
1304.67	608.25
1306.38	505.85
1308.09	598.01
1309.80	514.04
1311.51	485.37
1313.22	618.49
1314.93	690.17
1316.64	397.31
1318.34	536.57
1320.05	477.18
1321.75	724.98
1323.46	471.03
1325.17	397.31
1326.87	606.20
1328.57	598.01
1330.28	602.10
1331.98	561.14
1333.68	788.47
1335.38	917.49
1337.08	1087.47
1338.78	1071.09
1340.48	1253.36
1342.18	1316.84
1343.88	1288.17
1345.58	1288.17
1347.28	1284.08
1348.97	1447.91
1350.67	1185.77
1352.36	1159.15
1354.06	1415.15
1355.75	1110.00
1357.45	1097.71
1359.14	905.20
1360.83	712.69
1362.53	616.44
1364.22	659.45
1365.91	546.81
1367.60	585.72
1369.29	514.04
1370.98	415.74
1372.67	466.94
1374.35	462.84
1376.04	307.20
1377.73	346.11
1379.41	454.65
1381.10	292.86
1382.79	468.98
1384.47	305.15
1386.15	372.73
1387.84	321.53
1389.52	518.14
1391.20	348.15
1392.88	397.31
1394.57	405.50
1396.25	409.59
1397.93	442.36
1399.61	417.79
1401.28	448.51
1402.96	440.31
1404.64	483.32
1406.32	600.05
1407.99	643.06
1409.67	653.30
1411.35	905.20
1413.02	989.17
1414.70	1052.66
1416.37	1224.69
1418.04	1273.84
1419.71	1443.82
1421.39	1636.33
1423.06	1843.17
1424.73	2140.13
1426.40	2361.31
1428.07	2598.87
1429.74	2865.11
1431.41	3227.60
1433.08	3905.48
1434.74	4259.78
1436.41	5070.77
1438.08	5365.68
1439.74	6115.23
1441.41	6168.48
1443.07	6422.43
1444.74	6293.41
1446.40	6330.27
1448.06	5832.62
1449.72	5695.40
1451.39	5091.25
1453.05	4523.96
1454.71	4267.97
1456.37	3823.56
1458.03	3330.00
1459.69	2944.98
1461.35	2981.84
1463.00	2533.34
1464.66	2365.40
1466.32	2156.51
1467.97	1869.80
1469.63	1773.54
1471.28	1705.96
1472.94	1370.09
1474.59	1222.64
1476.25	1015.79
1477.90	935.92
1479.55	1046.51
1481.20	952.31
1482.85	804.85
1484.50	980.98
1486.15	802.80
1487.80	767.99
1489.45	511.99
1491.10	460.79
1492.75	454.65
1494.40	507.90
1496.04	415.74
1497.69	387.07
1499.33	305.15
1500.98	350.20
1502.62	385.02
1504.27	366.59
1505.91	276.48
1507.55	235.52
1509.19	288.76
1510.84	278.52
1512.48	315.39
1514.12	149.50
1515.76	159.74
1517.40	245.76
1519.04	157.69
1520.67	270.33
1522.31	149.50
1523.95	432.12
1525.59	61.44
1527.22	139.26
1528.86	237.56
1530.49	135.17
1532.13	210.94
1533.76	221.18
1535.39	217.08
1537.03	176.13
1538.66	161.79
1540.29	348.15
1541.92	53.25
1543.55	282.62
1545.18	112.64
1546.81	81.92
1548.44	223.23
1550.07	116.73
1551.70	145.41
1553.32	71.68
1554.95	249.85
1556.58	55.30
1558.20	256.00
1559.83	161.79
1561.45	112.64
1563.07	241.66
1564.70	126.97
1566.32	110.59
1567.94	161.79
1569.56	210.94
1571.19	131.07
1572.81	249.85
1574.43	141.31
1576.05	157.69
1577.66	196.61
1579.28	147.45
1580.90	163.84
1582.52	323.58
1584.14	243.71
1585.75	63.49
1587.37	129.02
1588.98	262.14
1590.60	73.73
1592.21	63.49
1593.82	202.75
1595.44	106.49
1597.05	126.97
1598.66	190.46
1600.27	45.06
1601.88	147.45
1603.49	3510.22
1605.10	45.06
1606.71	239.61
1608.32	63.49
1609.93	69.63
1611.54	36.86
1613.14	81.92
1614.75	10.24
1616.36	139.26
1617.96	110.59
1619.57	141.31
1621.17	112.64
1622.77	-2.05
1624.38	217.08
1625.98	-79.87
1627.58	71.68
1629.18	172.03
1630.78	34.82
1632.38	206.84
1633.98	36.86
1635.58	-24.58
1637.18	-16.38
1638.78	108.54
1640.38	26.62
1641.98	165.89
1643.57	12.29
1645.17	86.01
1646.76	45.06
1648.36	145.41
1649.95	53.25
1651.55	86.01
1653.14	94.21
1654.73	32.77
1656.33	149.50
1657.92	22.53
1659.51	143.36
1661.10	43.01
1662.69	73.73
1664.28	63.49
1665.87	131.07
1667.46	-51.20
1669.05	32.77
1670.63	122.88
1672.22	114.69
1673.81	112.64
1675.39	223.23
1676.98	153.60
1678.56	96.25
1680.15	147.45
1681.73	206.84
1683.31	-6.14
1684.90	215.04
1686.48	159.74
1688.06	124.93
1689.64	114.69
1691.22	307.20
1692.80	73.73
1694.38	61.44
1695.96	133.12
1697.54	190.46
1699.12	77.82
1700.69	143.36
1702.27	112.64
1703.85	75.77
1705.42	198.65
1707.00	53.25
1708.57	69.63
1710.15	-45.06
1711.72	124.93
1713.29	71.68
1714.87	94.21
1716.44	143.36
1718.01	176.13
1719.58	161.79
1721.15	194.56
1722.72	96.25
1724.29	12.29
1725.86	75.77
1727.43	30.72
1729.00	-141.31
1730.56	98.30
1732.13	215.04
1733.70	182.27
1735.26	90.11
1736.83	114.69
1738.39	124.93
1739.96	22.53
1741.52	4.10
1743.08	124.93
1744.65	63.49
1746.21	-2.05
1747.77	135.17
1749.33	79.87
1750.89	20.48
1752.45	120.83
1754.01	182.27
1755.57	110.59
1757.13	30.72
1758.69	-26.62
1760.24	122.88
1761.80	165.89
1763.36	102.40
1764.91	135.17
1766.47	47.10
1768.02	53.25
1769.58	24.58
1771.13	-47.10
1772.68	122.88
1774.24	-20.48
1775.79	22.53
1777.34	77.82
1778.89	-63.49
1780.44	116.73
1781.99	79.87
1783.54	192.51
1785.09	4.10
1786.64	69.63
1788.19	-212.99
1789.73	32.77
1791.28	20.48
1792.83	45.06
1794.37	-8.19
1795.92	90.11
1797.46	90.11
1799.01	114.69
1800.55	22.53
1802.09	102.40
1803.64	178.17
1805.18	110.59
1806.72	190.46
1808.26	114.69
1809.80	6.14
1811.34	81.92
1812.88	221.18
1814.42	38.91
1815.96	114.69
1817.50	79.87
1819.04	143.36
1820.57	-106.49
1822.11	45.06
1823.65	73.73
1825.18	88.06
1826.72	198.65
1828.25	212.99
1829.78	90.11
1831.32	120.83
1832.85	32.77
1834.38	100.35
1835.92	88.06
1837.45	110.59
1838.98	124.93
1840.51	61.44
1842.04	2.05
1843.57	182.27
1845.10	83.97
1846.62	116.73
1848.15	28.67
1849.68	38.91
1851.21	120.83
1852.73	296.96
1854.26	94.21
1855.78	188.41
1857.31	122.88
1858.83	159.74
1860.36	124.93
1861.88	157.69
1863.40	167.93
1864.92	32.77
1866.45	38.91
1867.97	120.83
1869.49	143.36
1871.01	36.86
1872.53	86.01
1874.05	14.34
1875.57	71.68
1877.08	63.49
1878.60	55.30
1880.12	2.05
1881.64	-4.10
1883.15	92.16
1884.67	32.77
1886.18	106.49
1887.70	34.82
1889.21	108.54
1890.72	192.51
1892.24	-10.24
1893.75	233.47
1895.26	96.25
1896.77	65.53
1898.28	16.38
1899.79	16.38
1901.30	151.55
1902.81	81.92
1904.32	18.43
1905.83	16.38
1907.34	262.14
1908.85	-30.72
1910.35	167.93
1911.86	65.54
1913.37	-10.24
1914.87	49.15
1916.38	20.48
1917.88	-51.20
1919.39	20.48
1920.89	141.31
1922.39	6.14
1923.89	45.06
1925.40	-65.54
1926.90	139.26
1928.40	63.49
1929.90	204.80
1931.40	159.74
1932.90	151.55
1934.40	-20.48
1935.90	71.68
1937.39	4.10
1938.89	51.20
1940.39	55.30
1941.89	157.69
1943.38	221.18
1944.88	196.61
1946.37	45.06
1947.87	106.49
1949.36	176.13
1950.85	143.36
1952.35	104.45
1953.84	63.49
1955.33	83.97
1956.82	34.82
1958.31	22.53
1959.80	112.64
1961.29	75.77
1962.78	26.62
1964.27	6.14
1965.76	206.84
1967.25	204.80
1968.74	139.26
1970.22	75.77
1971.71	182.27
1973.20	116.73
1974.68	45.06
1976.17	149.50
1977.65	206.84
1979.14	75.77
1980.62	208.89
1982.10	86.01
1983.58	73.73
1985.07	47.10
1986.55	98.30
1988.03	118.78
1989.51	192.51
1990.99	-65.53
1992.47	34.82
1993.95	88.06
1995.43	77.82
1996.91	143.36
1998.38	-32.77
1999.86	143.36
2001.34	120.83
2002.81	51.20
2004.29	-28.67
2005.76	36.86
2007.24	104.45
2008.71	131.07
2010.19	86.01
2011.66	133.12
2013.13	174.08
2014.60	90.11
2016.08	81.92
2017.55	36.86
2019.02	196.61
2020.49	53.25
2021.96	79.87
2023.43	135.17
2024.90	59.39
2026.36	147.45
2027.83	32.77
2029.30	-43.01
2030.77	4.10
2032.23	92.16
2033.70	90.11
2035.16	71.68
2036.63	88.06
2038.09	79.87
2039.56	16.38
2041.02	-43.01
2042.48	192.51
2043.95	22.53
2045.41	73.73
2046.87	190.46
2048.33	71.68
2049.79	137.21
2051.25	55.30
2052.71	34.82
2054.17	77.82
2055.63	104.45
2057.09	208.89
2058.54	124.93
2060.00	167.93
2061.46	227.32
2062.91	83.97
2064.37	151.55
2065.82	73.73
2067.28	151.55
2068.73	-16.38
2070.19	124.93
2071.64	-69.63
2073.09	-16.38
2074.54	102.40
2076.00	79.87
2077.45	40.96
2078.90	106.49
2080.35	36.86
2081.80	118.78
2083.25	190.46
2084.70	-38.91
2086.14	86.01
2087.59	0.00
2089.04	169.98
2090.49	6.14
2091.93	18.43
2093.38	90.11
2094.83	-57.34
2096.27	106.49
2097.71	-108.54
2099.16	69.63
2100.60	210.94
2102.05	-71.68
2103.49	63.49
2104.93	88.06
2106.37	118.78
2107.81	59.39
2109.25	100.35
2110.69	116.73
2112.13	57.34
2113.57	77.82
2115.01	172.03
2116.45	163.84
2117.89	151.55
2119.33	139.26
2120.76	108.54
2122.20	202.75
2123.63	186.37
2125.07	180.22
2126.51	45.06
2127.94	274.43
2129.37	141.31
2130.81	161.79
2132.24	169.98
2133.67	81.92
2135.11	137.21
2136.54	4.10
2137.97	126.97
2139.40	-18.43
2140.83	202.75
2142.26	88.06
2143.69	108.54
2145.12	186.37
2146.55	186.37
2147.97	38.91
2149.40	75.77
2150.83	65.53
2152.25	100.35
2153.68	174.08
2155.11	69.63
2156.53	71.68
2157.96	139.26
2159.38	251.90
2160.80	194.56
2162.23	194.56
2163.65	90.11
2165.07	190.46
2166.49	208.89
2167.91	57.34
2169.33	126.97
2170.75	20.48
2172.17	135.17
2173.59	153.60
2175.01	139.26
2176.43	237.56
2177.85	30.72
2179.27	157.69
2180.68	194.56
2182.10	364.54
2183.52	131.07
2184.93	24.58
2186.35	-231.42
2187.76	249.85
2189.18	217.08
2190.59	120.83
2192.00	32.77
2193.42	135.17
2194.83	69.63
2196.24	147.45
2197.65	38.91
2199.06	174.08
2200.47	83.97
2201.88	71.68
2203.29	124.93
2204.70	182.27
2206.11	63.49
2207.52	194.56
2208.93	303.10
2210.33	122.88
2211.74	96.25
2213.15	307.20
2214.55	225.28
2215.96	137.21
2217.36	215.04
2218.77	247.80
2220.17	112.64
2221.57	131.07
2222.98	233.47
2224.38	247.80
2225.78	309.24
2227.18	339.96
2228.58	239.61
2229.99	131.07
2231.39	202.75
2232.79	174.08
2234.18	131.07
2235.58	120.83
2236.98	163.84
2238.38	73.73
2239.78	219.13
2241.17	174.08
2242.57	200.70
2243.97	288.76
2245.36	251.90
2246.76	155.65
2248.15	169.98
2249.55	96.25
2250.94	71.68
2252.33	231.42
2253.73	212.99
2255.12	174.08
2256.51	10.24
2257.90	190.46
2259.29	108.54
2260.68	151.55
2262.07	92.16
2263.46	88.06
2264.85	227.32
2266.24	112.64
2267.63	118.78
2269.02	16.38
2270.40	96.25
2271.79	90.11
2273.18	165.89
2274.56	122.88
2275.95	235.52
2277.33	155.65
2278.72	108.54
2280.10	192.51
2281.49	67.58
2282.87	57.34
2284.25	83.97
2285.63	73.73
2287.02	133.12
2288.40	178.17
2289.78	182.27
2291.16	83.97
2292.54	6.14
2293.92	-65.54
2295.30	116.73
2296.68	149.50
2298.05	133.12
2299.43	32.77
2300.81	69.63
2302.19	59.39
2303.56	124.93
2304.94	118.78
2306.31	69.63
2307.69	221.18
2309.06	100.35
2310.44	55.30
2311.81	26.62
2313.19	145.41
2314.56	137.21
2315.93	215.04
2317.30	200.70
2318.67	-40.96
2320.04	73.73
2321.41	38.91
2322.78	40.96
2324.15	92.16
2325.52	90.11
2326.89	149.50
2328.26	167.93
2329.63	135.17
2331.00	112.64
2332.36	169.98
2333.73	38.91
2335.09	299.00
2336.46	200.70
2337.83	176.13
2339.19	55.30
2340.55	210.94
2341.92	176.13
2343.28	176.13
2344.64	198.65
2346.01	239.61
2347.37	321.53
2348.73	118.78
2350.09	227.32
2351.45	176.13
2352.81	280.57
2354.17	315.39
2355.53	210.94
2356.89	137.21
2358.25	104.45
2359.61	305.15
2360.96	194.56
2362.32	311.29
2363.68	256.00
2365.03	194.56
2366.39	161.79
2367.74	247.80
2369.10	208.89
2370.45	190.46
2371.81	165.89
2373.16	180.22
2374.51	122.88
2375.86	96.25
2377.22	239.61
2378.57	227.32
2379.92	81.92
2381.27	114.69
2382.62	88.06
2383.97	106.49
2385.32	69.63
2386.67	36.86
2388.02	102.40
2389.37	122.88
2390.71	253.95
2392.06	116.73
2393.41	77.82
2394.75	116.73
2396.10	108.54
2397.44	75.77
2398.79	143.36
2400.13	92.16
2401.48	100.35
2402.82	73.73
2404.17	102.40
2405.51	157.69
2406.85	141.31
2408.19	124.93
2409.53	208.89
2410.87	172.03
2412.22	118.78
2413.56	305.15
2414.89	141.31
2416.23	167.93
2417.57	-8.19
2418.91	192.51
2420.25	145.41
2421.59	153.60
2422.92	221.18
2424.26	178.17
2425.60	227.32
2426.93	188.41
2428.27	190.46
2429.60	143.36
2430.94	22.53
2432.27	131.07
2433.60	182.27
2434.94	178.17
2436.27	337.91
2437.60	174.08
2438.93	159.74
2440.27	200.70
2441.60	231.42
2442.93	53.25
2444.26	159.74
2445.59	227.32
2446.92	264.19
2448.24	188.41
2449.57	317.44
2450.90	153.60
2452.23	301.05
2453.55	262.14
2454.88	385.02
2456.21	362.49
2457.53	268.28
2458.86	282.62
2460.18	309.24
2461.51	221.18
2462.83	249.85
2464.15	210.94
2465.48	278.52
2466.80	190.46
2468.12	251.90
2469.44	172.03
2470.76	18.43
2472.09	231.42
2473.41	276.48
2474.73	108.54
2476.05	161.79
2477.36	294.91
2478.68	120.83
2480.00	167.93
2481.32	204.80
2482.64	280.57
2483.95	208.89
2485.27	180.22
2486.59	176.13
2487.90	141.31
2489.22	241.66
2490.53	129.02
2491.85	264.19
2493.16	147.45
2494.47	176.13
2495.79	129.02
2497.10	108.54
2498.41	155.65
2499.72	114.69
2501.03	174.08
2502.35	120.83
2503.66	274.43
2504.97	112.64
2506.28	354.30
2507.59	233.47
2508.89	245.76
2510.20	65.53
2511.51	223.23
2512.82	288.76
2514.12	260.09
2515.43	47.10
2516.74	129.02
2518.04	139.26
2519.35	161.79
2520.65	98.30
2521.96	174.08
2523.26	270.33
2524.57	339.96
2525.87	284.67
2527.17	253.95
2528.47	301.05
2529.78	159.74
2531.08	436.22
2532.38	344.06
2533.68	235.52
2534.98	131.07
2536.28	149.50
2537.58	229.37
2538.88	325.63
2540.18	159.74
2541.47	229.37
2542.77	229.37
2544.07	172.03
2545.37	71.68
2546.66	120.83
2547.96	120.83
2549.25	256.00
2550.55	145.41
2551.84	106.49
2553.14	94.21
2554.43	90.11
2555.72	145.41
2557.02	155.65
2558.31	219.13
2559.60	36.86
2560.89	174.08
2562.18	182.27
2563.48	8.19
2564.77	153.60
2566.06	233.47
2567.35	190.46
2568.63	151.55
2569.92	237.56
2571.21	243.71
2572.50	358.39
2573.79	391.16
2575.07	188.41
2576.36	319.48
2577.65	305.15
2578.93	438.27
2580.22	493.56
2581.50	278.52
2582.79	118.78
2584.07	356.35
2585.36	380.92
2586.64	274.43
2587.92	393.21
2589.20	397.31
2590.49	256.00
2591.77	331.77
2593.05	311.29
2594.33	417.79
2595.61	333.82
2596.89	356.35
2598.17	501.75
2599.45	440.31
2600.73	509.94
2602.00	624.63
2603.28	477.18
2604.56	327.68
2605.84	671.73
2607.11	483.32
2608.39	419.83
2609.67	530.42
2610.94	499.70
2612.22	561.14
2613.49	405.50
2614.76	663.54
2616.04	450.55
2617.31	468.98
2618.58	462.84
2619.86	397.31
2621.13	376.83
2622.40	528.38
2623.67	446.46
2624.94	700.41
2626.21	831.48
2627.48	890.87
2628.75	1058.80
2630.02	1054.70
2631.29	1146.86
2632.56	1179.63
2633.82	1288.17
2635.09	1107.95
2636.36	1099.76
2637.63	1157.10
2638.89	976.88
2640.16	802.80
2641.42	702.45
2642.69	585.72
2643.95	526.33
2645.22	419.83
2646.48	608.25
2647.74	651.25
2649.01	638.97
2650.27	624.63
2651.53	751.60
2652.79	851.96
2654.05	1101.81
2655.31	1318.89
2656.57	1570.79
2657.83	1920.99
2659.09	2152.42
2660.35	2502.62
2661.61	2498.52
2662.87	2813.91
2664.13	3026.90
2665.38	3194.83
2666.64	3055.57
2667.90	2789.33
2669.15	2873.30
2670.41	2211.81
2671.67	2123.74
2672.92	1873.89
2674.17	1724.39
2675.43	1632.23
2676.68	1284.08
2677.94	1202.16
2679.19	1341.42
2680.44	1243.12
2681.69	1140.72
2682.95	1003.50
2684.20	1263.60
2685.45	1255.40
2686.70	1253.36
2687.95	1320.94
2689.20	1329.13
2690.45	1562.60
2691.70	1478.63
2692.94	1714.15
2694.19	1611.75
2695.44	1744.87
2696.69	1785.83
2697.93	1607.66
2699.18	1617.90
2700.43	1523.69
2701.67	1331.18
2702.92	1310.70
2704.16	1048.56
2705.41	876.53
2706.65	933.87
2707.89	753.65
2709.14	567.29
2710.38	614.39
2711.62	591.86
2712.86	403.45
2714.11	364.54
2715.35	382.97
2716.59	401.40
2717.83	327.68
2719.07	247.80
2720.31	227.32
2721.55	241.66
2722.78	155.65
2724.02	366.59
2725.26	108.54
2726.50	333.82
2727.73	305.15
2728.97	323.58
2730.21	210.94
2731.44	278.52
2732.68	219.13
2733.91	233.47
2735.15	135.17
2736.38	137.21
2737.62	258.04
2738.85	327.68
2740.08	208.89
2741.32	221.18
2742.55	114.69
2743.78	184.32
2745.01	229.37
2746.24	210.94
2747.47	301.05
2748.70	311.29
2749.93	278.52
2751.16	323.58
2752.39	307.20
2753.62	352.25
2754.85	358.39
2756.08	241.66
2757.30	282.62
2758.53	157.69
2759.76	284.67
2760.98	360.44
2762.21	294.91
2763.43	309.24
2764.66	335.87
2765.88	264.19
2767.11	333.82
2768.33	380.92
2769.55	327.67
2770.78	292.86
2772.00	303.10
2773.22	450.55
2774.44	389.11
2775.67	266.24
2776.89	456.70
2778.11	321.53
2779.33	491.51
2780.55	432.12
2781.77	514.04
2782.99	368.63
2784.20	579.58
2785.42	440.31
2786.64	487.42
2787.86	612.34
2789.07	618.49
2790.29	661.49
2791.51	755.70
2792.72	765.94
2793.94	956.40
2795.15	1079.28
2796.37	1071.09
2797.58	1013.74
2798.80	1099.76
2800.01	1093.62
2801.22	937.97
2802.44	1222.64
2803.65	907.25
2804.86	985.07
2806.07	968.69
2807.28	1026.03
2808.49	1073.14
2809.70	1038.32
2810.91	1105.90
2812.12	1200.11
2813.33	1064.94
2814.54	1214.45
2815.75	1488.87
2816.96	1415.15
2818.16	1476.59
2819.37	1519.59
2820.58	1621.99
2821.78	1869.80
2822.99	1912.80
2824.20	2215.90
2825.40	2377.69
2826.61	2519.00
2827.81	2684.89
2829.01	3108.82
2830.22	3397.58
2831.42	3897.28
2832.62	4270.01
2833.83	4845.49
2835.03	5683.11
2836.23	6586.27
2837.43	7782.28
2838.63	9637.74
2839.83	11573.07
2841.03	13887.28
2842.23	17336.06
2843.43	21556.92
2844.63	25118.34
2845.83	30107.19
2847.03	34815.47
2848.22	38395.32
2849.42	43195.76
2850.62	46286.14
2851.81	48905.49
2853.01	48465.18
2854.21	47230.26
2855.40	45002.07
2856.60	41627.01
2857.79	38669.75
2858.99	34147.83
2860.18	29773.37
2861.37	26682.98
2862.57	23932.56
2863.76	21407.42
2864.95	18654.95
2866.14	16826.11
2867.33	15849.23
2868.52	14599.97
2869.72	14057.26
2870.91	13422.39
2872.10	12668.73
2873.28	12017.48
2874.47	11894.60
2875.66	11427.67
2876.85	11540.30
2878.04	11204.44
2879.23	10975.06
2880.41	11216.72
2881.60	11247.44
2882.79	11605.84
2883.97	12029.77
2885.16	12152.65
2886.34	12162.89
2887.53	12392.26
2888.71	12861.24
2889.90	12715.84
2891.08	12926.78
2892.26	12853.05
2893.45	12943.16
2894.63	13094.71
2895.81	13197.11
2896.99	12468.03
2898.17	12441.41
2899.36	12660.54
2900.54	12736.32
2901.72	12439.36
2902.90	12629.82
2904.08	13141.82
2905.26	13039.42
2906.43	13489.97
2907.61	14153.51
2908.79	14735.14
2909.97	15628.05
2911.14	16860.93
2912.32	18177.77
2913.50	19728.08
2914.67	21743.28
2915.85	24223.37
2917.02	26801.77
2918.20	28511.82
2919.37	30248.50
2920.55	31782.43
2921.72	32302.61
2922.90	34690.54
2924.07	35065.32
2925.24	35280.36
2926.41	34457.07
2927.58	34670.06
2928.76	34502.13
2929.93	35249.64
2931.10	36103.64
2932.27	36259.29
2933.44	37656.00
2934.61	39138.73
2935.78	39503.27
2936.95	38884.78
2938.11	39703.97
2939.28	39521.70
2940.45	37027.28
2941.62	35294.69
2942.78	33150.47
2943.95	30240.31
2945.12	27496.03
2946.28	25271.93
2947.45	21954.22
2948.61	19840.72
2949.78	17432.31
2950.94	15527.70
2952.10	13766.45
2953.27	12304.20
2954.43	10936.15
2955.59	9723.76
2956.76	8843.13
2957.92	8112.00
2959.08	7753.61
2960.24	7028.63
2961.40	6205.35
2962.56	5715.88
2963.72	5478.32
2964.88	4970.42
2966.04	4648.89
2967.20	4224.96
2968.36	3723.21
2969.52	3647.43
2970.67	3416.01
2971.83	3252.17
2972.99	3078.10
2974.14	2809.81
2975.30	2797.53
2976.46	2736.09
2977.61	2834.39
2978.77	2355.16
2979.92	2197.47
2981.08	2064.35
2982.23	2017.25
2983.38	2025.44
2984.54	1927.14
2985.69	2080.74
2986.84	1888.23
2987.99	1771.49
2989.15	1570.79
2990.30	1513.45
2991.45	1406.95
2992.60	1548.26
2993.75	1423.34
2994.90	1380.33
2996.05	1294.32
2997.20	1335.28
2998.35	1191.92
2999.49	1220.59
3000.64	1183.73
3001.79	1087.47
3002.94	1112.05
3004.08	1247.21
3005.23	1142.77
3006.38	892.91
3007.52	1023.98
3008.67	1110.00
3009.81	1005.55
3010.96	714.74
3012.10	722.93
3013.25	735.22
3014.39	985.07
3015.53	684.02
3016.67	864.24
3017.82	866.29
3018.96	704.50
3020.10	647.16
3021.24	575.48
3022.38	622.58
3023.52	706.55
3024.66	610.29
3025.80	534.52
3026.94	399.35
3028.08	493.56
3029.22	518.14
3030.36	421.88
3031.50	468.98
3032.63	352.25
3033.77	399.35
3034.91	288.76
3036.04	442.36
3037.18	438.27
3038.32	292.86
3039.45	387.07
3040.59	401.40
3041.72	389.11
3042.86	389.11
3043.99	194.56
3045.12	350.20
3046.26	157.69
3047.39	290.81
3048.52	260.09
3049.65	294.91
3050.78	212.99
3051.92	266.24
3053.05	198.65
3054.18	342.01
3055.31	309.24
3056.44	231.42
3057.57	114.69
3058.70	370.68
3059.82	77.82
3060.95	229.37
3062.08	212.99
3063.21	206.84
3064.34	284.67
3065.46	196.61
3066.59	215.04
3067.71	196.60
3068.84	180.22
3069.97	313.34
3071.09	210.94
3072.22	133.12
3073.34	86.01
3074.46	73.73
3075.59	196.61
3076.71	192.51
3077.83	180.22
3078.96	45.06
3080.08	81.92
3081.20	155.65
3082.32	153.60
3083.44	129.02
3084.56	65.54
3085.68	112.64
3086.80	212.99
3087.92	186.37
3089.04	165.89
3090.16	167.93
3091.28	135.17
3092.40	210.94
3093.51	190.46
3094.63	180.22
3095.75	155.65
3096.87	266.24
3097.98	206.84
3099.10	-4.10
3100.21	178.17
3101.33	174.08
3102.44	8.19
3103.56	184.32
3104.67	153.60
3105.79	59.39
3106.90	94.21
3108.01	106.49
3109.12	188.41
3110.24	73.73
3111.35	327.68
3112.46	251.90
3113.57	153.60
3114.68	43.01
3115.79	151.55
3116.90	86.01
3118.01	10.24
3119.12	86.01
3120.23	227.32
3121.34	274.43
3122.45	81.92
3123.56	124.93
3124.66	102.40
3125.77	276.48
3126.88	100.35
3127.98	137.21
3129.09	100.35
3130.20	335.87
3131.30	129.02
3132.41	194.56
3133.51	178.17
3134.61	204.80
3135.72	190.46
3136.82	227.32
3137.93	-18.43
3139.03	26.62
3140.13	208.89
3141.23	159.74
3142.33	178.17
3143.44	75.77
3144.54	131.07
3145.64	149.50
3146.74	184.32
3147.84	303.10
3148.94	86.01
3150.04	-4.10
3151.14	272.38
3152.23	208.89
3153.33	309.24
3154.43	81.92
3155.53	165.89
3156.63	149.50
3157.72	141.31
3158.82	18.43
3159.91	38.91
3161.01	307.20
3162.11	219.13
3163.20	75.77
3164.30	231.42
3165.39	157.69
3166.48	81.92
3167.58	225.28
3168.67	135.17
3169.76	260.09
3170.86	288.76
3171.95	198.65
3173.04	112.64
3174.13	133.12
3175.22	116.73
3176.31	-6.14
3177.40	194.56
3178.49	178.17
3179.58	98.30
3180.67	212.99
3181.76	141.31
3182.85	147.45
3183.94	92.16
3185.03	212.99
3186.11	22.53
3187.20	81.92
3188.29	159.74
3189.37	151.55
3190.46	233.47
3191.55	296.96
3192.63	118.78
3193.72	165.89
3194.80	61.44
3195.89	184.32
3196.97	12.29
3198.05	81.92
3199.14	192.51
3200.22	16.38
3201.30	118.78
3202.38	83.97
3203.47	151.55
3204.55	26.62
3205.63	-180.22
3206.71	63.49
3207.79	202.75
3208.87	53.25
3209.95	36.86
3211.03	131.07
3212.11	90.11
3213.19	49.15
3214.27	151.55
3215.34	81.92
3216.42	53.25
3217.50	98.30
3218.58	163.84
3219.65	131.07
3220.73	2.05
3221.80	100.35
3222.88	122.88
3223.96	51.20
3225.03	108.54
3226.10	114.69
3227.18	112.64
3228.25	71.68
3229.33	75.77
3230.40	-32.77
3231.47	167.93
3232.54	-16.38
3233.62	147.45
3234.69	120.83
3235.76	45.06
3236.83	102.40
3237.90	8.19
3238.97	12.29
3240.04	116.73
3241.11	59.39
3242.18	49.15
3243.25	18.43
3244.32	-16.38
3245.39	-53.25
3246.45	73.73
3247.52	69.63
3248.59	145.41
3249.66	104.45
3250.72	63.49
3251.79	-59.39
3252.85	159.74
3253.92	147.45
3254.98	0.00
3256.05	155.65
3257.11	67.58
3258.18	118.78
3259.24	-12.29
3260.30	61.44
3261.37	86.01
3262.43	79.87
3263.49	112.64
3264.55	196.61
3265.62	161.79
3266.68	135.17
3267.74	219.13
3268.80	2.05
3269.86	-55.30
3270.92	-18.43
3271.98	178.17
3273.04	94.21
3274.10	4.10
3275.16	-49.15
3276.21	118.78
3277.27	159.74
3278.33	61.44
3279.39	73.73
3280.44	34.82
3281.50	28.67
3282.56	126.97
3283.61	-16.38
3284.67	276.48
3285.72	129.02
3286.78	96.25
3287.83	63.49
3288.88	102.40
3289.94	165.89
3290.99	120.83
3292.04	108.54
3293.10	73.73
3294.15	-45.06
3295.20	190.46
3296.25	198.65
3297.30	86.01
3298.36	14.34
3299.41	172.03
3300.46	120.83
3301.51	81.92
3302.56	12.29
3303.61	4.10
3304.65	24.58
3305.70	83.97
3306.75	45.06
3307.80	159.74
3308.85	-12.29
3309.89	143.36
3310.94	32.77
3311.99	18.43
3313.03	69.63
3314.08	176.13
3315.12	53.25
3316.17	-10.24
3317.21	172.03
3318.26	83.97
3319.30	135.17
3320.35	149.50
3321.39	22.53
3322.43	30.72
3323.48	6.14
3324.52	71.68
3325.56	6.14
3326.60	110.59
3327.64	192.51
3328.68	38.91
3329.73	57.34
3330.77	22.53
3331.81	86.01
3332.85	249.85
3333.88	131.07
3334.92	131.07
3335.96	65.54
3337.00	149.50
3338.04	73.73
3339.08	106.49
3340.11	126.97
3341.15	102.40
3342.19	167.93
3343.22	73.73
3344.26	38.91
3345.30	32.77
3346.33	22.53
3347.37	172.03
3348.40	194.56
3349.43	149.50
3350.47	131.07
3351.50	-71.68
3352.54	-16.38
3353.57	122.88
3354.60	182.27
3355.63	20.48
3356.67	26.62
3357.70	282.62
3358.73	-18.43
3359.76	51.20
3360.79	108.54
3361.82	49.15
3362.85	104.45
3363.88	65.53
3364.91	40.96
3365.94	92.16
3366.97	133.12
3367.99	161.79
3369.02	55.30
3370.05	55.30
3371.08	96.25
3372.10	69.63
3373.13	-67.58
3374.16	10.24
3375.18	153.60
3376.21	81.92
3377.23	61.44
3378.26	210.94
3379.28	83.97
3380.31	90.11
3381.33	79.87
3382.35	141.31
3383.38	38.91
3384.40	-8.19
3385.42	149.50
3386.45	14.34
3387.47	147.45
3388.49	53.25
3389.51	69.63
3390.53	-45.06
3391.55	4.10
3392.57	133.12
3393.59	67.58
3394.61	176.13
3395.63	120.83
3396.65	247.80
3397.67	137.21
3398.69	53.25
3399.70	47.10
3400.72	-12.29
3401.74	-161.79
3402.76	57.34
3403.77	53.25
3404.79	137.21
3405.80	169.98
3406.82	-8.19
3407.83	102.40
3408.85	131.07
3409.86	155.65
3410.88	8.19
3411.89	34.82
3412.91	172.03
3413.92	75.77
3414.93	-34.82
3415.94	133.12
3416.96	102.40
3417.97	34.82
3418.98	157.69
3419.99	96.25
3421.00	212.99
3422.01	-47.10
3423.02	83.97
3424.03	14.34
3425.04	112.64
3426.05	114.69
3427.06	8.19
3428.07	-61.44
3429.08	65.53
3430.09	169.98
3431.09	18.43
3432.10	53.25
3433.11	122.88
3434.12	-43.01
3435.12	22.53
3436.13	133.12
3437.13	-34.82
3438.14	100.35
3439.14	90.11
3440.15	73.73
3441.15	174.08
3442.16	47.10
3443.16	0.00
3444.16	149.50
3445.17	59.39
3446.17	104.45
3447.17	38.91
3448.17	104.45
3449.18	55.30
3450.18	88.06
3451.18	102.40
3452.18	184.32
3453.18	12.29
3454.18	139.26
3455.18	124.93
3456.18	-73.73
3457.18	182.27
3458.18	79.87
3459.17	51.20
3460.17	-2.05
3461.17	2.05
3462.17	67.58
3463.17	126.97
3464.16	217.08
3465.16	-30.72
3466.15	90.11
3467.15	86.01
3468.15	59.39
3469.14	77.82
3470.14	63.49
3471.13	-55.30
3472.13	182.27
3473.12	16.38
3474.11	43.01
3475.11	-14.34
3476.10	180.22
3477.09	151.55
3478.08	16.38
3479.08	57.34
3480.07	-49.15
3481.06	104.45
3482.05	165.89
3483.04	188.41
3484.03	188.41
3485.02	8.19
3486.01	227.32
3487.00	-8.19
3487.99	20.48
3488.98	53.25
3489.97	-38.91
3490.95	32.77
3491.94	116.73
3492.93	-4.10
3493.92	215.04
3494.90	-10.24
3495.89	137.21
3496.88	55.30
3497.86	63.49
3498.85	0.00
3499.83	104.45
3500.82	49.15
3501.80	-49.15
3502.79	200.70
3503.77	26.62
3504.75	106.49
3505.74	73.73
3506.72	104.45
3507.70	86.01
3508.68	-32.77
3509.67	16.38
3510.65	-2.05
3511.63	30.72
3512.61	57.34
3513.59	53.25
3514.57	180.22
3515.55	-24.58
3516.53	-20.48
3517.51	-28.67
3518.49	-24.58
3519.47	75.77
3520.45	51.20
3521.42	120.83
3522.40	49.15
3523.38	153.60
3524.36	-18.43
3525.33	20.48
3526.31	86.01
3527.29	28.67
3528.26	24.58
3529.24	2.05
3530.21	57.34
3531.19	96.25
3532.16	57.34
3533.14	155.65
3534.11	143.36
3535.08	129.02
3536.06	190.46
3537.03	59.39
3538.00	-2.05
3538.98	-77.82
3539.95	-155.65
3540.92	-36.86
3541.89	114.69
3542.86	73.73
3543.83	30.72
3544.80	-22.53
3545.77	145.41
3546.74	182.27
3547.71	18.43
3548.68	26.62
3549.65	53.25
3550.62	-12.29
3551.59	96.25
3552.56	86.01
3553.52	71.68
3554.49	92.16
3555.46	-59.39
3556.42	-18.43
3557.39	149.50
3558.36	-45.06
3559.32	-73.73
3560.29	63.49
3561.25	120.83
3562.22	98.30
3563.18	43.01
3564.15	45.06
3565.11	-53.25
3566.07	65.54
3567.04	75.77
3568.00	-47.10
3568.96	22.53
3569.92	112.64
3570.89	-4.10
3571.85	122.88
3572.81	182.27
3573.77	90.11
3574.73	6.14
3575.69	47.10
3576.65	26.62
3577.61	24.58
3578.57	172.03
3579.53	94.21
3580.49	69.63
3581.45	-26.62
3582.40	79.87
3583.36	208.89
3584.32	43.01
3585.28	77.82
3586.23	145.41
3587.19	71.68
3588.15	112.64
3589.10	139.26
3590.06	51.20
3591.01	77.82
3591.97	73.73
3592.92	-4.10
3593.88	0.00
3594.83	30.72
3595.78	-32.77
3596.74	53.25
3597.69	-20.48
3598.64	59.39
3599.60	79.87
3600.55	45.06
3601.50	28.67
3602.45	65.53
3603.40	67.58
3604.35	34.82
3605.31	110.59
3606.26	69.63
3607.21	-65.53
3608.16	75.77
3609.10	256.00
3610.05	6.14
3611.00	18.43
3611.95	34.82
3612.90	198.65
3613.85	61.44
3614.79	141.31
3615.74	141.31
3616.69	-69.63
3617.63	30.72
3618.58	137.21
3619.53	38.91
3620.47	30.72
3621.42	77.82
3622.36	110.59
3623.31	98.30
3624.25	4.10
3625.20	-38.91
3626.14	40.96
3627.08	63.49
3628.03	32.77
3628.97	18.43
3629.91	131.07
3630.85	30.72
3631.80	108.54
3632.74	55.30
3633.68	-20.48
3634.62	180.22
3635.56	10.24
3636.50	-6.14
3637.44	-14.34
3638.38	143.36
3639.32	71.68
3640.26	88.06
3641.20	81.92
3642.14	-32.77
3643.08	114.69
3644.01	102.40
3644.95	-59.39
3645.89	81.92
3646.83	45.06
3647.76	-24.58
3648.70	104.45
3649.63	-40.96
3650.57	133.12
3651.51	79.87
3652.44	86.01
3653.38	210.94
3654.31	18.43
3655.24	104.45
3656.18	102.40
3657.11	141.31
3658.05	-71.68
3658.98	26.62
3659.91	86.01
3660.84	16.38
3661.78	61.44
3662.71	36.86
3663.64	114.69
3664.57	-88.06
3665.50	79.87
3666.43	69.63
3667.36	24.58
3668.29	147.45
3669.22	55.30
3670.15	-6.14
3671.08	114.69
3672.01	77.82
3672.94	32.77
3673.86	-26.62
3674.79	141.31
3675.72	77.82
3676.65	90.11
3677.57	100.35
3678.50	34.82
3679.43	59.39
3680.35	36.86
3681.28	94.21
3682.20	63.49
3683.13	88.06
3684.05	-22.53
3684.98	131.07
3685.90	43.01
3686.83	86.01
3687.75	143.36
3688.67	55.30
3689.60	151.55
3690.52	67.58
3691.44	38.91
3692.36	49.15
3693.28	-24.58
3694.21	120.83
3695.13	71.68
3696.05	-26.62
3696.97	75.77
3697.89	-26.62
3698.81	-24.58
3699.73	20.48
3700.65	69.63
3701.57	69.63
3702.48	-2.05
3703.40	-10.24
3704.32	104.45
3705.24	49.15
3706.16	169.98
3707.07	49.15
3707.99	94.21
3708.91	178.17
3709.82	28.67
3710.74	-49.15
3711.66	61.44
3712.57	182.27
3713.49	217.08
3714.40	133.12
3715.31	65.54
3716.23	114.69
3717.14	55.30
3718.06	96.25
3718.97	79.87
3719.88	28.67
3720.80	198.65
3721.71	149.50
3722.62	98.30
3723.53	176.13
3724.44	96.25
3725.35	59.39
3726.26	77.82
3727.18	86.01
3728.09	12.29
3729.00	-57.34
3729.91	57.34
3730.81	14.34
3731.72	129.02
3732.63	20.48
3733.54	86.01
3734.45	192.51
3735.36	77.82
3736.26	-6.14
3737.17	75.77
3738.08	20.48
3738.99	20.48
3739.89	86.01
3740.80	-88.06
3741.70	26.62
3742.61	45.06
3743.51	102.40
3744.42	198.65
3745.32	67.58
3746.23	118.78
3747.13	159.74
3748.04	26.62
3748.94	-63.49
3749.84	34.82
3750.74	51.20
3751.65	88.06
3752.55	-114.69
3753.45	20.48
3754.35	63.49
3755.25	0.00
3756.16	12.29
3757.06	51.20
3757.96	192.51
3758.86	51.20
3759.76	165.89
3760.66	67.58
3761.55	110.59
3762.45	288.76
3763.35	36.86
3764.25	0.00
3765.15	-8.19
3766.05	57.34
3766.94	67.58
3767.84	40.96
3768.74	47.10
3769.63	96.25
3770.53	30.72
3771.43	131.07
3772.32	55.30
3773.22	-49.15
3774.11	-34.82
3775.01	116.73
3775.90	59.39
3776.80	24.58
3777.69	139.26
3778.58	165.89
3779.48	4.10
3780.37	-6.14
3781.26	-12.29
3782.16	16.38
3783.05	-143.36
3783.94	-4.10
3784.83	-51.20
3785.72	45.06
3786.61	43.01
3787.50	40.96
3788.39	-16.38
3789.28	79.87
3790.17	-65.54
3791.06	102.40
3791.95	69.63
3792.84	-28.67
3793.73	47.10
3794.62	-63.49
3795.51	96.25
3796.39	59.39
3797.28	0.00
3798.17	20.48
3799.06	79.87
3799.94	120.83
3800.83	79.87
3801.71	94.21
3802.60	92.16
3803.48	28.67
3804.37	-40.96
3805.25	120.83
3806.14	65.53
3807.02	28.67
3807.91	49.15
3808.79	-75.77
3809.67	116.73
3810.56	18.43
3811.44	79.87
3812.32	63.49
3813.20	-4.10
3814.09	143.36
3814.97	182.27
3815.85	57.34
3816.73	-8.19
3817.61	-28.67
3818.49	49.15
3819.37	47.10
3820.25	-14.34
3821.13	114.69
3822.01	45.06
3822.89	0.00
3823.77	131.07
3824.65	98.30
3825.52	131.07
3826.40	53.25
3827.28	18.43
3828.16	30.72
3829.03	-36.86
3829.91	131.07
3830.79	-2.05
3831.66	100.35
3832.54	196.61
3833.41	409.59
3834.29	94.21
3835.16	59.39
3836.04	83.97
3836.91	26.62
3837.79	49.15
3838.66	-47.10
3839.53	116.73
3840.41	20.48
3841.28	36.86
3842.15	-81.92
3843.02	-63.49
3843.90	110.59
3844.77	34.82
3845.64	-61.44
3846.51	65.53
3847.38	73.73
3848.25	47.10
3849.12	-102.40
3849.99	212.99
3850.86	-120.83
3851.73	67.58
3852.60	104.45
3853.47	0.00
3854.34	-18.43
3855.21	28.67
3856.07	71.68
3856.94	-20.48
3857.81	-40.96
3858.68	75.77
3859.54	-98.30
3860.41	-69.63
3861.28	28.67
3862.14	135.17
3863.01	163.84
3863.87	-47.10
3864.74	131.07
3865.60	22.53
3866.47	-32.77
3867.33	106.49
3868.19	-47.10
3869.06	57.34
3869.92	2.05
3870.78	90.11
3871.65	71.68
3872.51	28.67
3873.37	172.03
3874.23	178.17
3875.10	-32.77
3875.96	108.54
3876.82	73.73
3877.68	-90.11
3878.54	40.96
3879.40	-79.87
3880.26	-8.19
3881.12	-36.86
3881.98	120.83
3882.84	108.54
3883.70	-16.38
3884.55	88.06
3885.41	55.30
3886.27	38.91
3887.13	32.77
3887.99	4.10
3888.84	71.68
3889.70	112.64
3890.56	178.17
3891.41	94.21
3892.27	112.64
3893.12	116.73
3893.98	-14.34
3894.83	139.26
3895.69	55.30
3896.54	167.93
3897.40	-14.34
3898.25	49.15
3899.11	169.98
3899.96	81.92
3900.81	67.58
3901.66	81.92
3902.52	-4.10
3903.37	61.44
3904.22	73.73
3905.07	69.63
3905.92	120.83
3906.78	-22.53
3907.63	20.48
