-2184.52	24.58
-2181.51	24.58
-2178.50	24.58
-2175.49	22.53
-2172.49	43.01
-2169.48	57.34
-2166.48	24.58
-2163.48	10.24
-2160.47	55.30
-2157.47	2.05
-2154.47	8.19
-2151.48	-59.39
-2148.48	47.10
-2145.49	104.45
-2142.49	-24.58
-2139.50	-75.77
-2136.51	-24.58
-2133.52	-47.10
-2130.53	-75.77
-2127.54	-24.58
-2124.55	-22.53
-2121.57	77.82
-2118.58	49.15
-2115.60	-40.96
-2112.62	43.01
-2109.64	0.00
-2106.66	-104.45
-2103.68	102.40
-2100.70	147.45
-2097.73	-20.48
-2094.75	28.67
-2091.78	49.15
-2088.81	53.25
-2085.83	51.20
-2082.86	-10.24
-2079.90	14.34
-2076.93	-12.29
-2073.96	-20.48
-2071.00	-69.63
-2068.03	106.49
-2065.07	24.58
-2062.11	8.19
-2059.15	8.19
-2056.19	-16.38
-2053.23	-106.49
-2050.27	-20.48
-2047.32	-18.43
-2044.36	-36.86
-2041.41	53.25
-2038.46	-112.64
-2035.51	49.15
-2032.56	-8.19
-2029.61	55.30
-2026.66	59.39
-2023.72	18.43
-2020.77	61.44
-2017.83	10.24
-2014.88	32.77
-2011.94	32.77
-2009.00	-12.29
-2006.06	69.63
-2003.13	90.11
-2000.19	-16.38
-1997.25	47.10
-1994.32	28.67
-1991.39	-49.15
-1988.45	55.30
-1985.52	-34.82
-1982.59	38.91
-1979.67	2.05
-1976.74	-75.77
-1973.81	12.29
-1970.89	-135.17
-1967.96	79.87
-1965.04	12.29
-1962.12	49.15
-1959.20	10.24
-1956.28	-28.67
-1953.36	-12.29
-1950.45	61.44
-1947.53	137.21
-1944.62	16.38
-1941.70	-65.54
-1938.79	30.72
-1935.88	-161.79
-1932.97	2.05
-1930.06	12.29
-1927.15	38.91
-1924.25	-16.38
-1921.34	-38.91
-1918.44	194.56
-1915.54	45.06
-1912.63	-49.15
-1909.73	57.34
-1906.83	69.63
-1903.94	-143.36
-1901.04	81.92
-1898.14	110.59
-1895.25	53.25
-1892.36	45.06
-1889.46	47.10
-1886.57	110.59
-1883.68	-16.38
-1880.79	86.01
-1877.91	-2.05
-1875.02	2.05
-1872.13	36.86
-1869.25	-71.68
-1866.37	-2.05
-1863.48	36.86
-1860.60	40.96
-1857.72	-77.82
-1854.84	-53.25
-1851.97	86.01
-1849.09	-40.96
-1846.22	73.73
-1843.34	-49.15
-1840.47	20.48
-1837.60	75.77
-1834.73	-10.24
-1831.86	28.67
-1828.99	34.82
-1826.12	-34.82
-1823.26	16.38
-1820.39	47.10
-1817.53	34.82
-1814.67	-43.01
-1811.80	6.14
-1808.94	-14.34
-1806.08	-63.49
-1803.23	36.86
-1800.37	-22.53
-1797.51	-40.96
-1794.66	-24.58
-1791.81	49.15
-1788.95	-106.49
-1786.10	40.96
-1783.25	8.19
-1780.40	-40.96
-1777.56	131.07
-1774.71	-67.58
-1771.86	38.91
-1769.02	2.05
-1766.18	-32.77
-1763.33	-34.82
-1760.49	-22.53
-1757.65	10.24
-1754.81	14.34
-1751.98	112.64
-1749.14	-34.82
-1746.30	-45.06
-1743.47	-2.05
-1740.64	77.82
-1737.81	6.14
-1734.97	-8.19
-1732.14	-4.10
-1729.32	-86.01
-1726.49	-47.10
-1723.66	-16.38
-1720.84	-16.38
-1718.01	36.86
-1715.19	8.19
-1712.37	92.16
-1709.55	40.96
-1706.73	-57.34
-1703.91	2.05
-1701.09	-16.38
-1698.27	-61.44
-1695.46	32.77
-1692.65	129.02
-1689.83	86.01
-1687.02	-86.01
-1684.21	71.68
-1681.40	61.44
-1678.59	-38.91
-1675.78	-92.16
-1672.98	-38.91
-1670.17	-77.82
-1667.37	28.67
-1664.56	32.77
-1661.76	-8.19
-1658.96	-36.86
-1656.16	63.49
-1653.36	0.00
-1650.57	-63.49
-1647.77	16.38
-1644.97	-55.30
-1642.18	-83.97
-1639.39	-51.20
-1636.60	6.14
-1633.80	-47.10
-1631.01	-12.29
-1628.23	108.54
-1625.44	-65.54
-1622.65	-53.25
-1619.87	-22.53
-1617.08	22.53
-1614.30	49.15
-1611.52	114.69
-1608.74	-55.30
-1605.96	10.24
-1603.18	88.06
-1600.40	0.00
-1597.62	-65.54
-1594.85	-18.43
-1592.07	-45.06
-1589.30	-106.49
-1586.53	43.01
-1583.76	47.10
-1580.99	61.44
-1578.22	30.72
-1575.45	18.43
-1572.68	69.63
-1569.92	-18.43
-1567.15	79.87
-1564.39	-45.06
-1561.63	30.72
-1558.86	51.20
-1556.10	51.20
-1553.34	-47.10
-1550.59	6.14
-1547.83	104.45
-1545.07	-10.24
-1542.32	-110.59
-1539.56	0.00
-1536.81	12.29
-1534.06	4.10
-1531.31	57.34
-1528.56	-47.10
-1525.81	0.00
-1523.06	-47.10
-1520.32	-135.17
-1517.57	57.34
-1514.83	-55.30
-1512.09	8.19
-1509.34	22.53
-1506.60	53.25
-1503.86	0.00
-1501.12	-14.34
-1498.39	20.48
-1495.65	-24.58
-1492.91	-131.07
-1490.18	14.34
-1487.45	-86.01
-1484.71	-141.31
-1481.98	22.53
-1479.25	-16.38
-1476.52	-8.19
-1473.80	-2.05
-1471.07	30.72
-1468.34	-83.97
-1465.62	20.48
-1462.89	-122.88
-1460.17	-8.19
-1457.45	-59.39
-1454.73	-34.82
-1452.01	69.63
-1449.29	-16.38
-1446.57	10.24
-1443.86	-90.11
-1441.14	0.00
-1438.43	28.67
-1435.71	-75.77
-1433.00	-28.67
-1430.29	-10.24
-1427.58	8.19
-1424.87	-45.06
-1422.16	65.54
-1419.46	159.74
-1416.75	-26.62
-1414.05	108.54
-1411.34	-92.16
-1408.64	-139.26
-1405.94	-30.72
-1403.24	-36.86
-1400.54	-137.21
-1397.84	16.38
-1395.14	65.54
-1392.45	139.26
-1389.75	24.58
-1387.06	-34.82
-1384.36	45.06
-1381.67	8.19
-1378.98	-36.86
-1376.29	49.15
-1373.60	63.49
-1370.91	-73.73
-1368.23	73.73
-1365.54	81.92
-1362.86	16.38
-1360.17	73.73
-1357.49	38.91
-1354.81	49.15
-1352.13	26.62
-1349.45	92.16
-1346.77	45.06
-1344.09	55.30
-1341.42	-63.49
-1338.74	51.20
-1336.07	88.06
-1333.39	20.48
-1330.72	126.97
-1328.05	-43.01
-1325.38	-59.39
-1322.71	57.34
-1320.04	-65.54
-1317.37	30.72
-1314.71	-2.05
-1312.04	2.05
-1309.38	-6.14
-1306.72	81.92
-1304.05	-49.15
-1301.39	-40.96
-1298.73	40.96
-1296.08	-12.29
-1293.42	6.14
-1290.76	-14.34
-1288.10	-176.13
-1285.45	-167.93
-1282.80	61.44
-1280.14	126.97
-1277.49	-104.45
-1274.84	38.91
-1272.19	-40.96
-1269.54	96.25
-1266.90	51.20
-1264.25	71.68
-1261.60	153.60
-1258.96	79.87
-1256.32	-36.86
-1253.67	51.20
-1251.03	-10.24
-1248.39	-75.77
-1245.75	88.06
-1243.11	-69.63
-1240.48	-55.30
-1237.84	61.44
-1235.20	77.82
-1232.57	-16.38
-1229.94	45.06
-1227.31	53.25
-1224.67	-32.77
-1222.04	59.39
-1219.41	-18.43
-1216.79	20.48
-1214.16	30.72
-1211.53	-32.77
-1208.91	0.00
-1206.28	-45.06
-1203.66	28.67
-1201.04	-83.97
-1198.42	69.63
-1195.80	22.53
-1193.18	51.20
-1190.56	59.39
-1187.94	-69.63
-1185.33	55.30
-1182.71	-20.48
-1180.10	36.86
-1177.49	110.59
-1174.87	32.77
-1172.26	-2.05
-1169.65	73.73
-1167.04	53.25
-1164.44	51.20
-1161.83	-10.24
-1159.22	4.10
-1156.62	174.08
-1154.01	-8.19
-1151.41	-71.68
-1148.81	-34.82
-1146.21	-4.10
-1143.61	18.43
-1141.01	24.58
-1138.41	-49.15
-1135.81	38.91
-1133.22	-88.06
-1130.62	49.15
-1128.03	122.88
-1125.44	-55.30
-1122.84	157.69
-1120.25	-90.11
-1117.66	49.15
-1115.07	-10.24
-1112.49	53.25
-1109.90	61.44
-1107.31	-118.78
-1104.73	36.86
-1102.14	122.88
-1099.56	38.91
-1096.98	-14.34
-1094.40	14.34
-1091.82	-14.34
-1089.24	-67.58
-1086.66	40.96
-1084.08	40.96
-1081.51	38.91
-1078.93	30.72
-1076.36	40.96
-1073.79	65.53
-1071.21	104.45
-1068.64	10.24
-1066.07	16.38
-1063.50	114.69
-1060.93	43.01
-1058.37	-30.72
-1055.80	69.63
-1053.24	-2.05
-1050.67	-90.11
-1048.11	10.24
-1045.55	-4.10
-1042.99	102.40
-1040.42	40.96
-1037.87	6.14
-1035.31	51.20
-1032.75	92.16
-1030.19	88.06
-1027.64	26.62
-1025.08	-22.53
-1022.53	2.05
-1019.98	94.21
-1017.43	77.82
-1014.88	247.80
-1012.33	155.65
-1009.78	22.53
-1007.23	135.17
-1004.68	-30.72
-1002.14	51.20
-999.59	202.75
-997.05	67.58
-994.51	92.16
-991.96	79.87
-989.42	26.62
-986.88	16.38
-984.34	-32.77
-981.81	-65.53
-979.27	20.48
-976.73	12.29
-974.20	32.77
-971.66	0.00
-969.13	45.06
-966.60	-2.05
-964.07	4.10
-961.54	71.68
-959.01	-81.92
-956.48	-47.10
-953.95	-231.42
-951.43	12.29
-948.90	-40.96
-946.38	2.05
-943.85	24.58
-941.33	106.49
-938.81	-36.86
-936.29	-26.62
-933.77	-38.91
-931.25	32.77
-928.73	-71.68
-926.22	-133.12
-923.70	34.82
-921.19	-26.62
-918.67	-26.62
-916.16	-79.87
-913.65	8.19
-911.14	126.97
-908.63	-12.29
-906.12	-61.44
-903.61	51.20
-901.10	-8.19
-898.59	-96.25
-896.09	-12.29
-893.59	16.38
-891.08	30.72
-888.58	90.11
-886.08	53.25
-883.58	-30.72
-881.08	-30.72
-878.58	-24.58
-876.08	73.73
-873.58	-53.25
-871.09	28.67
-868.59	26.62
-866.10	131.07
-863.61	-24.58
-861.12	22.53
-858.62	147.45
-856.13	178.17
-853.64	-77.82
-851.16	157.69
-848.67	-90.11
-846.18	-34.82
-843.70	47.10
-841.21	98.30
-838.73	-4.10
-836.25	59.39
-833.77	55.30
-831.28	40.96
-828.81	47.10
-826.33	-2.05
-823.85	4.10
-821.37	45.06
-818.90	61.44
-816.42	-69.63
-813.95	-28.67
-811.47	55.30
-809.00	67.58
-806.53	2.05
-804.06	-20.48
-801.59	34.82
-799.12	-8.19
-796.65	141.31
-794.19	49.15
-791.72	-36.86
-789.26	55.30
-786.79	30.72
-784.33	63.49
-781.87	-12.29
-779.41	114.69
-776.95	-51.20
-774.49	43.01
-772.03	6.14
-769.57	-26.62
-767.12	8.19
-764.66	-71.68
-762.21	-100.35
-759.75	55.30
-757.30	36.86
-754.85	36.86
-752.40	12.29
-749.95	-34.82
-747.50	157.69
-745.05	-12.29
-742.60	-53.25
-740.16	-100.35
-737.71	22.53
-735.27	124.93
-732.82	0.00
-730.38	135.17
-727.94	-73.73
-725.50	61.44
-723.06	18.43
-720.62	104.45
-718.18	-8.19
-715.74	12.29
-713.31	92.16
-710.87	57.34
-708.44	-22.53
-706.01	-30.72
-703.57	96.25
-701.14	55.30
-698.71	14.34
-696.28	86.01
-693.85	53.25
-691.42	79.87
-689.00	-94.21
-686.57	-51.20
-684.15	-69.63
-681.72	69.63
-679.30	55.30
-676.88	-51.20
-674.45	2.05
-672.03	-6.14
-669.61	30.72
-667.20	-20.48
-664.78	6.14
-662.36	120.83
-659.94	38.91
-657.53	24.58
-655.12	139.26
-652.70	-32.77
-650.29	90.11
-647.88	32.77
-645.47	26.62
-643.06	96.25
-640.65	-94.21
-638.24	-10.24
-635.83	28.67
-633.43	143.36
-631.02	45.06
-628.62	71.68
-626.22	65.53
-623.81	161.79
-621.41	108.54
-619.01	124.93
-616.61	36.86
-614.21	92.16
-611.81	104.45
-609.42	26.62
-607.02	98.30
-604.63	92.16
-602.23	108.54
-599.84	114.69
-597.45	-73.73
-595.05	12.29
-592.66	55.30
-590.27	49.15
-587.88	20.48
-585.50	-63.49
-583.11	94.21
-580.72	-20.48
-578.34	202.75
-575.95	8.19
-573.57	-81.92
-571.19	112.64
-568.80	45.06
-566.42	4.10
-564.04	57.34
-561.66	92.16
-559.29	43.01
-556.91	141.31
-554.53	-59.39
-552.16	55.30
-549.78	90.11
-547.41	-8.19
-545.03	147.45
-542.66	141.31
-540.29	-40.96
-537.92	22.53
-535.55	-14.34
-533.18	169.98
-530.81	-2.05
-528.45	55.30
-526.08	-20.48
-523.72	61.44
-521.35	69.63
-518.99	137.21
-516.63	-6.14
-514.27	-88.06
-511.90	69.63
-509.54	38.91
-507.19	108.54
-504.83	172.03
-502.47	47.10
-500.11	51.20
-497.76	2.05
-495.40	-2.05
-493.05	34.82
-490.70	-34.82
-488.35	94.21
-486.00	-14.34
-483.65	104.45
-481.30	-12.29
-478.95	2.05
-476.60	-14.34
-474.25	10.24
-471.91	-16.38
-469.56	98.30
-467.22	0.00
-464.88	137.21
-462.53	28.67
-460.19	116.73
-457.85	18.43
-455.51	69.63
-453.17	20.48
-450.84	47.10
-448.50	102.40
-446.16	-63.49
-443.83	43.01
-441.49	-6.14
-439.16	145.41
-436.83	10.24
-434.50	256.00
-432.16	-6.14
-429.83	231.42
-427.50	-96.25
-425.18	161.79
-422.85	81.92
-420.52	-92.16
-418.20	40.96
-415.87	-34.82
-413.55	14.34
-411.22	92.16
-408.90	90.11
-406.58	-51.20
-404.26	14.34
-401.94	90.11
-399.62	-30.72
-397.30	63.49
-394.99	4.10
-392.67	63.49
-390.35	55.30
-388.04	120.83
-385.73	145.41
-383.41	-104.45
-381.10	30.72
-378.79	-22.53
-376.48	67.58
-374.17	61.44
-371.86	-71.68
-369.55	-30.72
-367.25	47.10
-364.94	2.05
-362.64	-28.67
-360.33	49.15
-358.03	-143.36
-355.73	67.58
-353.42	-36.86
-351.12	-53.25
-348.82	8.19
-346.52	16.38
-344.23	57.34
-341.93	-6.14
-339.63	20.48
-337.34	8.19
-335.04	10.24
-332.75	-6.14
-330.45	45.06
-328.16	14.34
-325.87	-22.53
-323.58	49.15
-321.29	129.02
-319.00	-8.19
-316.71	-8.19
-314.42	65.53
-312.14	49.15
-309.85	32.77
-307.57	73.73
-305.28	86.01
-303.00	-4.10
-300.72	47.10
-298.44	-94.21
-296.16	-16.38
-293.88	-36.86
-291.60	-38.91
-289.32	118.78
-287.04	77.82
-284.77	75.77
-282.49	-12.29
-280.22	-22.53
-277.94	-86.01
-275.67	-6.14
-273.40	4.10
-271.13	-53.25
-268.85	106.49
-266.59	51.20
-264.32	-36.86
-262.05	-24.58
-259.78	-38.91
-257.51	-10.24
-255.25	18.43
-252.98	-45.06
-250.72	-49.15
-248.46	4.10
-246.20	-153.60
-243.93	-96.25
-241.67	-98.30
-239.41	-24.58
-237.16	-81.92
-234.90	75.77
-232.64	-24.58
-230.38	8.19
-228.13	-71.68
-225.87	-43.01
-223.62	16.38
-221.37	47.10
-219.11	-65.54
-216.86	-38.91
-214.61	43.01
-212.36	28.67
-210.11	-86.01
-207.87	-8.19
-205.62	114.69
-203.37	-26.62
-201.13	-30.72
-198.88	16.38
-196.64	-104.45
-194.39	40.96
-192.15	47.10
-189.91	-49.15
-187.67	-18.43
-185.43	-63.49
-183.19	55.30
-180.95	-20.48
-178.72	32.77
-176.48	-28.67
-174.24	110.59
-172.01	53.25
-169.77	0.00
-167.54	57.34
-165.31	-116.73
-163.08	-34.82
-160.85	38.91
-158.62	0.00
-156.39	26.62
-154.16	-57.34
-151.93	10.24
-149.70	10.24
-147.48	61.44
-145.25	81.92
-143.03	-10.24
-140.81	8.19
-138.58	12.29
-136.36	10.24
-134.14	-36.86
-131.92	14.34
-129.70	-12.29
-127.48	16.38
-125.26	77.82
-123.05	8.19
-120.83	-77.82
-118.62	45.06
-116.40	55.30
-114.19	-57.34
-111.97	69.63
-109.76	4.10
-107.55	-71.68
-105.34	122.88
-103.13	-100.35
-100.92	94.21
-98.71	-45.06
-96.51	32.77
-94.30	24.58
-92.09	45.06
-89.89	45.06
-87.69	-53.25
-85.48	43.01
-83.28	-61.44
-81.08	30.72
-78.88	-34.82
-76.68	2.05
-74.48	49.15
-72.28	86.01
-70.08	-16.38
-67.88	49.15
-65.69	-147.45
-63.49	12.29
-61.30	106.49
-59.11	-22.53
-56.91	2.05
-54.72	34.82
-52.53	0.00
-50.34	34.82
-48.15	192.51
-45.96	-92.16
-43.77	32.77
-41.59	18.43
-39.40	-57.34
-37.21	102.40
-35.03	-20.48
-32.84	49.15
-30.66	141.31
-28.48	145.41
-26.30	208.89
-24.12	313.34
-21.94	532.47
-19.76	1169.39
-17.58	2578.39
-15.40	5033.91
-13.22	9713.52
-11.05	13793.07
-8.87	13985.58
-6.70	17106.68
-4.52	21626.55
-2.35	21626.55
-0.18	21481.14
1.99	20432.58
4.16	17807.09
6.33	14497.57
8.50	11835.21
10.67	9568.11
12.84	8163.20
15.00	6602.65
17.17	5521.32
19.33	4618.17
21.50	3966.92
23.66	3203.02
25.83	2598.87
27.99	1865.70
30.15	1320.94
32.31	798.71
34.47	479.22
36.63	288.76
38.79	305.15
40.94	178.17
43.10	174.08
45.25	4.10
47.41	108.54
49.56	28.67
51.72	116.73
53.87	57.34
56.02	36.86
58.17	-65.54
60.32	104.45
62.47	-18.43
64.62	159.74
66.77	-2.05
68.92	6.14
71.06	100.35
73.21	14.34
75.35	2.05
77.50	-45.06
79.64	-20.48
81.78	120.83
83.92	-4.10
86.06	45.06
88.20	77.82
90.34	77.82
92.48	2.05
94.62	110.59
96.76	45.06
98.89	229.37
101.03	174.08
103.16	247.80
105.30	272.38
107.43	331.77
109.56	401.40
111.69	403.45
113.82	487.42
115.95	458.74
118.08	620.53
120.21	634.87
122.34	681.97
124.47	815.09
126.59	780.28
128.72	772.08
130.84	899.06
132.97	1099.76
135.09	993.26
137.21	1161.20
139.33	1087.47
141.45	1318.89
143.57	1189.87
145.69	1226.73
147.81	1474.54
149.93	1431.53
152.05	1538.02
154.16	1548.26
156.28	1861.60
158.39	1849.32
160.51	1980.39
162.62	2160.61
164.73	2467.80
166.85	2813.91
168.96	2936.79
171.07	3145.68
173.18	3594.19
175.28	3770.31
177.39	3715.02
179.50	3702.73
181.61	3657.67
183.71	3807.17
185.82	3534.79
187.92	3532.75
190.02	3262.41
192.13	3000.27
194.23	2959.31
196.33	2586.58
198.43	2363.36
200.53	2017.25
202.63	1808.36
204.72	1785.83
206.82	1449.96
208.92	1544.17
211.01	1345.52
213.11	1204.21
215.20	1048.56
217.30	1050.61
219.39	925.68
221.48	1062.90
223.57	870.39
225.66	899.06
227.75	833.52
229.84	720.89
231.93	686.07
234.02	712.69
236.10	700.41
238.19	628.73
240.28	788.47
242.36	733.17
244.44	692.21
246.53	837.62
248.61	659.45
250.69	720.88
252.77	577.53
254.85	602.10
256.93	735.22
259.01	653.30
261.09	501.75
263.16	473.08
265.24	589.82
267.32	428.03
269.39	352.25
271.46	411.64
273.54	362.49
275.61	407.55
277.68	360.44
279.75	335.87
281.82	317.44
283.89	288.76
285.96	251.90
288.03	358.39
290.10	210.94
292.16	161.79
294.23	239.61
296.29	331.77
298.36	307.20
300.42	225.28
302.49	348.15
304.55	278.52
306.61	278.52
308.67	296.96
310.73	217.08
312.79	366.59
314.85	346.11
316.90	174.08
318.96	260.09
321.02	245.76
323.07	350.20
325.13	329.72
327.18	315.39
329.24	155.65
331.29	337.91
333.34	358.39
335.39	225.28
337.44	323.58
339.49	299.00
341.54	315.39
343.59	288.76
345.64	288.76
347.68	221.18
349.73	321.53
351.77	301.05
353.82	319.48
355.86	317.44
357.90	374.78
359.95	499.70
361.99	364.54
364.03	372.73
366.07	428.03
368.11	393.21
370.15	397.31
372.19	364.54
374.22	528.38
376.26	544.76
378.29	585.72
380.33	655.35
382.36	821.24
384.40	813.04
386.43	1296.36
388.46	1542.12
390.49	1777.64
392.52	1751.01
394.55	2045.92
396.58	1959.91
398.61	1955.81
400.64	1814.50
402.67	1693.67
404.69	1462.25
406.72	1527.78
408.74	1277.93
410.77	1091.57
412.79	940.02
414.81	956.40
416.84	935.92
418.86	712.69
420.88	720.88
422.90	569.34
424.92	411.64
426.94	628.73
428.95	520.18
430.97	536.57
432.99	456.70
435.00	382.97
437.02	391.16
439.03	466.94
441.04	350.20
443.06	475.13
445.07	440.31
447.08	370.68
449.09	405.50
451.10	270.33
453.11	342.01
455.12	471.03
457.13	286.72
459.13	307.20
461.14	479.22
463.14	509.94
465.15	163.84
467.15	454.65
469.16	428.03
471.16	411.64
473.16	520.18
475.16	428.03
477.16	342.01
479.16	397.31
481.16	430.07
483.16	399.35
485.16	421.88
487.15	595.96
489.15	374.78
491.15	327.68
493.14	278.52
495.14	511.99
497.13	530.42
499.12	520.18
501.11	514.04
503.11	501.75
505.10	505.85
507.09	567.29
509.07	423.93
511.06	423.93
513.05	546.81
515.04	509.94
517.02	677.88
519.01	616.44
521.00	593.91
522.98	675.83
524.96	669.69
526.95	811.00
528.93	800.76
530.91	716.79
532.89	600.05
534.87	733.17
536.85	716.79
538.83	757.75
540.81	661.49
542.78	608.25
544.76	540.66
546.74	511.99
548.71	518.14
550.69	401.40
552.66	329.72
554.63	378.87
556.60	491.51
558.58	325.63
560.55	303.10
562.52	434.17
564.49	423.93
566.46	589.82
568.42	323.58
570.39	389.11
572.36	358.39
574.32	458.75
576.29	258.04
578.25	360.44
580.22	237.56
582.18	313.34
584.14	493.56
586.11	376.83
588.07	481.27
590.03	458.75
591.99	419.83
593.95	446.46
595.90	587.77
597.86	739.32
599.82	1028.08
601.78	1345.52
603.73	1445.87
605.69	1767.40
607.64	1957.86
609.59	2058.21
611.55	2047.97
613.50	2090.98
615.45	1826.79
617.40	1896.42
619.35	1472.49
621.30	1413.10
623.25	1124.33
625.20	1019.89
627.15	901.11
629.09	718.84
631.04	749.56
632.98	870.39
634.93	505.85
636.87	483.32
638.82	417.79
640.76	509.94
642.70	479.22
644.64	389.11
646.58	471.03
648.52	454.65
650.46	292.86
652.40	323.58
654.34	376.83
656.27	323.58
658.21	278.52
660.15	419.83
662.08	350.20
664.02	499.70
665.95	397.31
667.88	530.42
669.82	530.42
671.75	630.77
673.68	770.04
675.61	786.42
677.54	796.66
679.47	903.15
681.40	813.04
683.32	868.34
685.25	962.55
687.18	960.50
689.10	712.69
691.03	772.08
692.95	638.97
694.87	630.77
696.80	684.02
698.72	612.34
700.64	548.86
702.56	540.66
704.48	538.62
706.40	387.07
708.32	352.25
710.24	393.21
712.16	528.38
714.07	446.46
715.99	460.79
717.90	432.12
719.82	376.83
721.73	495.61
723.65	280.57
725.56	382.97
727.47	335.87
729.38	397.31
731.29	446.46
733.20	331.77
735.11	448.51
737.02	356.35
738.93	407.55
740.84	378.87
742.74	389.11
744.65	454.65
746.55	352.25
748.46	344.06
750.36	475.13
752.27	430.07
754.17	391.16
756.07	315.39
757.97	348.15
759.87	190.46
761.77	380.92
763.67	372.73
765.57	417.79
767.47	522.23
769.37	536.57
771.26	493.56
773.16	339.96
775.06	442.36
776.95	464.89
778.84	532.47
780.74	487.42
782.63	575.48
784.52	503.80
786.41	741.36
788.30	813.04
790.19	790.52
792.08	919.54
793.97	954.35
795.86	798.71
797.75	919.54
799.63	845.81
801.52	868.34
803.41	815.09
805.29	735.22
807.18	663.54
809.06	681.97
810.94	567.29
812.82	708.60
814.70	626.68
816.59	565.24
818.47	681.97
820.35	614.39
822.22	677.88
824.10	745.46
825.98	727.03
827.86	872.43
829.73	937.97
831.61	870.39
833.48	933.87
835.36	1200.11
837.23	1462.25
839.10	1976.29
840.98	2709.46
842.85	4032.45
844.72	5250.99
846.59	6213.54
848.46	7237.52
850.33	8040.33
852.20	7942.02
854.06	8259.46
855.93	7462.80
857.80	6805.40
859.66	6057.89
861.53	4804.53
863.39	4024.26
865.26	3286.99
867.12	2949.08
868.98	2273.25
870.84	1859.56
872.71	1585.13
874.57	1259.50
876.43	1107.95
878.29	835.57
880.14	714.74
882.00	782.32
883.86	681.97
885.72	561.14
887.57	620.53
889.43	669.69
891.28	485.37
893.14	573.43
894.99	679.93
896.84	542.71
898.69	628.73
900.55	473.08
902.40	583.67
904.25	587.77
906.10	428.03
907.95	610.29
909.79	511.99
911.64	380.92
913.49	505.85
915.34	481.27
917.18	495.61
919.03	589.82
920.87	471.03
922.71	501.75
924.56	538.62
926.40	716.79
928.24	552.95
930.08	491.51
931.92	567.29
933.76	647.16
935.60	524.28
937.44	593.91
939.28	659.45
941.12	598.01
942.95	677.88
944.79	591.86
946.62	511.99
948.46	616.44
950.29	684.02
952.13	655.35
953.96	714.74
955.79	657.40
957.62	684.02
959.46	657.40
961.29	606.20
963.12	645.11
964.94	612.34
966.77	679.93
968.60	731.12
970.43	847.86
972.25	882.67
974.08	786.42
975.91	858.10
977.73	929.78
979.55	1071.09
981.38	1042.42
983.20	1349.61
985.02	1458.15
986.84	1806.31
988.66	2281.44
990.49	3098.58
992.30	4749.24
994.12	6977.43
995.94	10250.08
997.76	12488.51
999.58	14411.56
1001.39	15544.08
1003.21	16361.22
1005.02	16799.49
1006.84	15949.58
1008.65	14407.46
1010.47	12932.92
1012.28	11042.65
1014.09	10049.38
1015.90	8619.90
1017.71	8216.45
1019.52	7042.96
1021.33	6727.58
1023.14	5892.01
1024.95	4788.15
1026.76	4339.65
1028.56	3504.07
1030.37	2830.29
1032.18	2334.68
1033.98	2013.15
1035.79	1542.12
1037.59	1531.88
1039.39	1157.10
1041.20	1329.13
1043.00	1091.57
1044.80	888.82
1046.60	888.82
1048.40	765.94
1050.20	610.29
1052.00	796.66
1053.80	794.61
1055.59	952.31
1057.39	1034.22
1059.19	1079.28
1060.98	1261.55
1062.78	1222.64
1064.57	1290.22
1066.37	1591.27
1068.16	1765.35
1069.95	1953.76
1071.75	2019.30
1073.54	2062.30
1075.33	2240.48
1077.12	2119.65
1078.91	2176.99
1080.70	2158.56
1082.48	2160.61
1084.27	2125.79
1086.06	2170.85
1087.85	2314.20
1089.63	2686.94
1091.42	2777.05
1093.20	3336.14
1094.99	3997.64
1096.77	5083.06
1098.55	6438.81
1100.33	7538.57
1102.12	8972.15
1103.90	10026.86
1105.68	10524.51
1107.46	11433.81
1109.24	11034.46
1111.01	10362.72
1112.79	9987.94
1114.57	8931.19
1116.35	8038.28
1118.12	6737.82
1119.90	5978.02
1121.67	4990.90
1123.45	4325.31
1125.22	3645.38
1126.99	3291.09
1128.77	2826.20
1130.54	2371.55
1132.31	2267.10
1134.08	1968.10
1135.85	1902.56
1137.62	1564.65
1139.39	1585.13
1141.15	1572.84
1142.92	1386.47
1144.69	1482.73
1146.46	1290.22
1148.22	1288.17
1149.99	1550.31
1151.75	1443.82
1153.51	1673.19
1155.28	1652.71
1157.04	1904.61
1158.80	2250.72
1160.56	2136.03
1162.32	2211.81
1164.08	2406.36
1165.84	2389.98
1167.60	2400.22
1169.36	2371.55
1171.12	2275.29
1172.88	2207.71
1174.63	1998.82
1176.39	2037.73
1178.14	1916.90
1179.90	1730.53
1181.65	1675.24
1183.41	1425.39
1185.16	1286.12
1186.91	1288.17
1188.66	1069.04
1190.41	991.22
1192.16	1046.51
1193.91	872.43
1195.66	751.60
1197.41	921.59
1199.16	714.74
1200.91	804.85
1202.66	731.12
1204.40	784.37
1206.15	739.32
1207.89	776.18
1209.64	784.37
1211.38	708.60
1213.12	714.74
1214.87	813.04
1216.61	870.39
1218.35	892.91
1220.09	776.18
1221.83	767.99
1223.57	882.67
1225.31	880.63
1227.05	753.65
1228.79	919.54
1230.52	876.53
1232.26	923.63
1234.00	880.63
1235.73	835.57
1237.47	796.66
1239.20	897.01
1240.94	1110.00
1242.67	1126.38
1244.40	948.21
1246.13	1163.25
1247.86	1163.25
1249.60	1138.67
1251.33	1259.50
1253.06	1189.87
1254.78	1159.15
1256.51	1279.98
1258.24	1167.34
1259.97	1112.05
1261.69	1140.72
1263.42	1073.14
1265.15	1185.77
1266.87	1116.14
1268.59	1126.38
1270.32	1157.10
1272.04	1157.10
1273.76	1128.43
1275.49	966.64
1277.21	1003.50
1278.93	1064.94
1280.65	1171.44
1282.37	1013.74
1284.09	1017.84
1285.81	1146.86
1287.52	1126.38
1289.24	798.71
1290.96	1052.66
1292.67	944.11
1294.39	1077.23
1296.10	1075.18
1297.82	1298.41
1299.53	1277.93
1301.24	1275.88
1302.96	1544.17
1304.67	1521.64
1306.38	1560.55
1308.09	1591.27
1309.80	1736.68
1311.51	1902.56
1313.22	1857.51
1314.93	2072.54
1316.64	2047.97
1318.34	2271.20
1320.05	2340.83
1321.75	2813.91
1323.46	2901.97
1325.17	3217.36
1326.87	4018.11
1328.57	4788.15
1330.28	5840.81
1331.98	8030.09
1333.68	11253.59
1335.38	16842.50
1337.08	24841.86
1338.78	34340.34
1340.48	42956.14
1342.18	49579.28
1343.88	55157.94
1345.58	57797.77
1347.28	59362.42
1348.97	59479.16
1350.67	55502.00
1352.36	49075.48
1354.06	43224.43
1355.75	37002.70
1357.45	29773.37
1359.14	24675.98
1360.83	19889.87
1362.53	15888.14
1364.22	12959.55
1365.91	10452.83
1367.60	8368.00
1369.29	7010.20
1370.98	5988.26
1372.67	5167.03
1374.35	4427.71
1376.04	4059.07
1377.73	3747.78
1379.41	3585.99
1381.10	3364.81
1382.79	3289.04
1384.47	2932.69
1386.15	2938.84
1387.84	2674.65
1389.52	2619.35
1391.20	2289.63
1392.88	2244.57
1394.57	2254.81
1396.25	2068.45
1397.93	1943.52
1399.61	2070.50
1401.28	1998.82
1402.96	1996.77
1404.64	1992.67
1406.32	1966.05
1407.99	1972.19
1409.67	2115.55
1411.35	2107.36
1413.02	2115.55
1414.70	2015.20
1416.37	1992.67
1418.04	1984.48
1419.71	1951.71
1421.39	1941.47
1423.06	1763.30
1424.73	1718.25
1426.40	1576.94
1428.07	1583.08
1429.74	1615.85
1431.41	1241.07
1433.08	1286.12
1434.74	1300.46
1436.41	1118.19
1438.08	1032.18
1439.74	1122.29
1441.41	995.31
1443.07	1085.42
1444.74	976.88
1446.40	1112.05
1448.06	954.35
1449.72	1005.55
1451.39	882.67
1453.05	1116.14
1454.71	1150.96
1456.37	942.07
1458.03	1202.16
1459.69	1142.77
1461.35	1212.40
1463.00	1181.68
1464.66	1069.04
1466.32	1146.86
1467.97	1198.06
1469.63	1431.53
1471.28	1472.49
1472.94	1648.61
1474.59	1648.61
1476.25	1507.31
1477.90	1761.25
1479.55	1763.30
1481.20	1646.57
1482.85	1771.49
1484.50	1613.80
1486.15	1662.95
1487.80	1509.35
1489.45	1599.46
1491.10	1472.49
1492.75	1484.78
1494.40	1388.52
1496.04	1505.26
1497.69	1468.39
1499.33	1695.72
1500.98	1775.59
1502.62	1791.97
1504.27	1841.12
1505.91	1820.64
1507.55	2004.96
1509.19	2011.11
1510.84	2123.74
1512.48	2254.81
1514.12	2228.19
1515.76	2670.55
1517.40	2758.61
1519.04	3020.75
1520.67	3463.12
1522.31	3418.06
1523.95	3553.23
1525.59	3571.66
1527.22	3639.24
1528.86	3686.34
1530.49	3270.61
1532.13	3217.36
1533.76	3010.51
1535.39	2703.32
1537.03	2566.10
1538.66	2410.46
1540.29	2095.07
1541.92	1869.80
1543.55	1978.34
1545.18	1853.41
1546.81	1519.59
1548.44	1744.87
1550.07	1529.83
1551.70	1591.27
1553.32	1693.67
1554.95	1806.31
1556.58	1636.33
1558.20	1939.43
1559.83	1810.40
1561.45	2019.30
1563.07	2213.85
1564.70	2353.12
1566.32	2562.01
1567.94	2723.80
1569.56	2961.36
1571.19	3262.41
1572.81	3477.45
1574.43	3753.93
1576.05	4296.64
1577.66	4911.03
1579.28	5894.05
1580.90	6786.97
1582.52	8271.75
1584.14	9205.62
1585.75	9979.75
1587.37	10225.51
1588.98	10420.06
1590.60	10196.84
1592.21	9500.53
1593.82	8884.09
1595.44	7548.81
1597.05	6721.43
1598.66	5590.95
1600.27	4538.30
1601.88	3796.93
1603.49	3401.68
1605.10	2850.77
1606.71	2406.36
1608.32	2166.75
1609.93	1912.80
1611.54	1789.92
1613.14	1742.82
1614.75	1634.28
1616.36	1488.87
1617.96	1392.62
1619.57	1251.31
1621.17	1189.87
1622.77	1232.88
1624.38	1169.39
1625.98	1218.54
1627.58	1105.90
1629.18	1210.35
1630.78	1003.50
1632.38	1230.83
1633.98	1136.62
1635.58	1052.66
1637.18	903.15
1638.78	1228.78
1640.38	946.16
1641.98	1144.81
1643.57	1015.79
1645.17	1134.57
1646.76	1030.13
1648.36	1069.04
1649.95	980.98
1651.55	1030.13
1653.14	974.83
1654.73	1040.37
1656.33	1023.98
1657.92	1058.80
1659.51	1007.60
1661.10	1060.85
1662.69	1019.89
1664.28	1032.18
1665.87	1019.89
1667.46	962.55
1669.05	1046.51
1670.63	1030.13
1672.22	948.21
1673.81	1013.74
1675.39	1075.18
1676.98	1054.70
1678.56	1058.80
1680.15	1066.99
1681.73	1124.33
1683.31	1048.56
1684.90	1103.86
1686.48	1097.71
1688.06	1107.95
1689.64	1034.22
1691.22	1064.94
1692.80	1048.56
1694.38	1089.52
1695.96	1007.60
1697.54	1060.85
1699.12	1038.32
1700.69	1071.09
1702.27	985.07
1703.85	976.88
1705.42	968.69
1707.00	1071.09
1708.57	841.72
1710.15	849.91
1711.72	968.69
1713.29	813.04
1714.87	1077.23
1716.44	1157.10
1718.01	1089.52
1719.58	1044.46
1721.15	899.06
1722.72	960.50
1724.29	1073.14
1725.86	948.21
1727.43	1214.45
1729.00	1017.84
1730.56	1064.94
1732.13	1159.15
1733.70	1163.25
1735.26	1136.62
1736.83	1259.50
1738.39	1230.83
1739.96	1273.84
1741.52	1472.49
1743.08	1290.22
1744.65	1269.74
1746.21	1187.82
1747.77	1206.25
1749.33	1290.22
1750.89	1159.15
1752.45	1046.51
1754.01	1200.11
1755.57	1163.25
1757.13	1054.70
1758.69	1091.57
1760.24	1036.27
1761.80	1118.19
1763.36	1048.56
1764.91	1036.27
1766.47	933.87
1768.02	1144.81
1769.58	1007.60
1771.13	1075.18
1772.68	1044.46
1774.24	991.22
1775.79	983.02
1777.34	999.41
1778.89	1107.95
1780.44	1005.55
1781.99	1099.76
1783.54	1130.48
1785.09	1134.57
1786.64	1120.24
1788.19	1159.15
1789.73	1366.00
1791.28	1136.62
1792.83	1267.69
1794.37	1218.54
1795.92	1171.44
1797.46	1245.16
1799.01	985.07
1800.55	1128.43
1802.09	1263.60
1803.64	933.87
1805.18	1132.53
1806.72	1110.00
1808.26	1021.94
1809.80	1103.86
1811.34	882.67
1812.88	999.41
1814.42	1019.89
1815.96	1017.84
1817.50	1075.18
1819.04	991.22
1820.57	1017.84
1822.11	1228.78
1823.65	954.35
1825.18	1112.05
1826.72	1026.03
1828.25	954.35
1829.78	1040.37
1831.32	1032.18
1832.85	950.26
1834.38	1036.27
1835.92	960.50
1837.45	962.55
1838.98	946.16
1840.51	1073.14
1842.04	1038.32
1843.57	1126.38
1845.10	942.07
1846.62	1083.38
1848.15	1009.65
1849.68	1030.13
1851.21	1150.96
1852.73	1054.70
1854.26	1062.90
1855.78	1011.70
1857.31	1136.62
1858.83	1159.15
1860.36	1179.63
1861.88	1005.55
1863.40	1214.45
1864.92	1150.96
1866.45	1077.23
1867.97	1077.23
1869.49	1048.56
1871.01	1052.66
1872.53	1097.71
1874.05	1019.89
1875.57	1052.66
1877.08	1136.62
1878.60	935.92
1880.12	1116.14
1881.64	954.35
1883.15	1130.48
1884.67	913.39
1886.18	927.73
1887.70	1114.10
1889.21	1142.77
1890.72	1116.14
1892.24	1050.61
1893.75	1087.47
1895.26	1060.85
1896.77	999.41
1898.28	962.55
1899.79	1114.09
1901.30	929.78
1902.81	1089.52
1904.32	1040.37
1905.83	1138.67
1907.34	1015.79
1908.85	1003.50
1910.35	1011.70
1911.86	1169.39
1913.37	1046.51
1914.87	923.63
1916.38	1030.13
1917.88	997.36
1919.39	888.82
1920.89	956.40
1922.39	1144.81
1923.89	1032.18
1925.40	1085.42
1926.90	1017.84
1928.40	948.21
1929.90	989.17
1931.40	1046.51
1932.90	1177.58
1934.40	964.59
1935.90	970.74
1937.39	1005.55
1938.89	1210.35
1940.39	915.44
1941.89	962.55
1943.38	1009.65
1944.88	1169.39
1946.37	1196.01
1947.87	1054.70
1949.36	1017.84
1950.85	960.50
1952.35	980.98
1953.84	1155.05
1955.33	882.67
1956.82	1028.08
1958.31	1222.64
1959.80	1056.75
1961.29	974.83
1962.78	946.16
1964.27	976.88
1965.76	1046.51
1967.25	1116.14
1968.74	1124.33
1970.22	1056.75
1971.71	1077.23
1973.20	958.45
1974.68	1001.46
1976.17	931.83
1977.65	1200.11
1979.14	1026.03
1980.62	1085.42
1982.10	1023.98
1983.58	976.88
1985.07	1028.08
1986.55	1126.38
1988.03	954.35
1989.51	1150.96
1990.99	1023.98
1992.47	993.26
1993.95	1099.76
1995.43	876.53
1996.91	1134.57
1998.38	1050.61
1999.86	1028.08
2001.34	1114.10
2002.81	880.63
2004.29	1120.24
2005.76	1019.89
2007.24	1099.76
2008.71	987.12
2010.19	1013.74
2011.66	1071.09
2013.13	1093.62
2014.60	1019.89
2016.08	1101.81
2017.55	987.12
2019.02	1023.98
2020.49	1009.65
2021.96	1071.09
2023.43	1077.23
2024.90	1130.48
2026.36	1146.86
2027.83	1161.20
2029.30	1126.38
2030.77	1021.94
2032.23	1175.53
2033.70	1110.00
2035.16	964.59
2036.63	1032.18
2038.09	1126.38
2039.56	1112.05
2041.02	1136.62
2042.48	1075.18
2043.95	1026.03
2045.41	929.78
2046.87	1110.00
2048.33	925.68
2049.79	1050.61
2051.25	1007.60
2052.71	995.31
2054.17	1046.51
2055.63	958.45
2057.09	1030.13
2058.54	1155.05
2060.00	1021.94
2061.46	1114.09
2062.91	1069.04
2064.37	1179.63
2065.82	1105.90
2067.28	1120.24
2068.73	1036.27
2070.19	1189.87
2071.64	1085.42
2073.09	1048.56
2074.54	1228.78
2076.00	1058.80
2077.45	944.11
2078.90	1032.18
2080.35	1044.46
2081.80	1134.57
2083.25	950.26
2084.70	935.92
2086.14	1214.45
2087.59	1038.32
2089.04	978.93
2090.49	1114.09
2091.93	1023.98
2093.38	1097.71
2094.83	942.07
2096.27	1144.81
2097.71	1159.15
2099.16	1058.80
2100.60	997.36
2102.05	968.69
2103.49	1048.56
2104.93	1013.74
2106.37	1120.24
2107.81	1028.08
2109.25	968.69
2110.69	991.22
2112.13	1101.81
2113.57	1032.18
2115.01	1093.62
2116.45	1013.74
2117.89	1230.83
2119.33	1112.05
2120.76	1179.63
2122.20	989.17
2123.63	876.53
2125.07	1128.43
2126.51	1073.14
2127.94	993.26
2129.37	1185.77
2130.81	1017.84
2132.24	1116.14
2133.67	985.07
2135.11	1202.16
2136.54	1130.48
2137.97	1093.62
2139.40	1064.94
2140.83	997.36
2142.26	972.79
2143.69	1066.99
2145.12	1103.86
2146.55	946.16
2147.97	1042.42
2149.40	1128.43
2150.83	1019.89
2152.25	1161.20
2153.68	1110.00
2155.11	1212.40
2156.53	989.17
2157.96	1198.06
2159.38	935.92
2160.80	960.50
2162.23	1023.98
2163.65	1005.55
2165.07	927.73
2166.49	1073.14
2167.91	1009.65
2169.33	1112.05
2170.75	980.98
2172.17	1146.86
2173.59	933.87
2175.01	999.41
2176.43	1103.86
2177.85	1114.10
2179.27	931.83
2180.68	985.07
2182.10	1097.71
2183.52	1110.00
2184.93	1204.21
2186.35	985.07
2187.76	1124.33
2189.18	1189.87
2190.59	1189.87
2192.00	1189.87
2193.42	1132.53
2194.83	1218.54
2196.24	1243.12
2197.65	1282.03
2199.06	1165.29
2200.47	1110.00
2201.88	1202.16
2203.29	1185.77
2204.70	1189.87
2206.11	1220.59
2207.52	1112.05
2208.93	1023.98
2210.33	968.69
2211.74	1267.69
2213.15	1085.42
2214.55	1097.71
2215.96	1007.60
2217.36	1187.82
2218.77	1204.21
2220.17	1083.38
2221.57	1048.56
2222.98	1187.82
2224.38	1103.86
2225.78	1183.73
2227.18	1089.52
2228.58	1073.14
2229.99	997.36
2231.39	1026.03
2232.79	1073.14
2234.18	1110.00
2235.58	1128.43
2236.98	1136.62
2238.38	835.57
2239.78	1150.96
2241.17	1034.22
2242.57	1030.13
2243.97	1081.33
2245.36	1132.53
2246.76	1146.86
2248.15	1095.66
2249.55	907.25
2250.94	1048.56
2252.33	1009.65
2253.73	1148.91
2255.12	978.93
2256.51	1066.99
2257.90	987.12
2259.29	1130.48
2260.68	1005.55
2262.07	1144.81
2263.46	1181.68
2264.85	1089.52
2266.24	1087.47
2267.63	1259.50
2269.02	1157.10
2270.40	1157.10
2271.79	1122.29
2273.18	1146.86
2274.56	1015.79
2275.95	1032.18
2277.33	1095.66
2278.72	1066.99
2280.10	1130.48
2281.49	1122.29
2282.87	1019.89
2284.25	1118.19
2285.63	1036.27
2287.02	1114.10
2288.40	1058.80
2289.78	1142.77
2291.16	1085.42
2292.54	1087.47
2293.92	997.36
2295.30	1034.22
2296.68	1032.18
2298.05	1026.03
2299.43	1075.18
2300.81	972.79
2302.19	1071.09
2303.56	1144.81
2304.94	1087.47
2306.31	1146.86
2307.69	1075.18
2309.06	1161.20
2310.44	1161.20
2311.81	1095.66
2313.19	1167.34
2314.56	1013.74
2315.93	1077.23
2317.30	1069.04
2318.67	983.02
2320.04	1193.97
2321.41	1120.24
2322.78	1023.98
2324.15	1046.51
2325.52	1095.66
2326.89	1097.71
2328.26	1075.18
2329.63	1107.95
2331.00	1159.15
2332.36	1136.62
2333.73	1015.79
2335.09	1064.94
2336.46	1040.37
2337.83	1015.79
2339.19	1036.27
2340.55	985.07
2341.92	1036.27
2343.28	921.59
2344.64	1054.70
2346.01	899.06
2347.37	1157.10
2348.73	1042.42
2350.09	978.93
2351.45	1191.92
2352.81	1234.93
2354.17	1173.49
2355.53	1083.38
2356.89	1161.20
2358.25	980.98
2359.61	1120.24
2360.96	1138.67
2362.32	1148.91
2363.68	1038.32
2365.03	1107.95
2366.39	1193.97
2367.74	1130.48
2369.10	1058.80
2370.45	1136.62
2371.81	1034.22
2373.16	1083.38
2374.51	1034.22
2375.86	1011.70
2377.22	866.29
2378.57	1148.91
2379.92	1128.43
2381.27	1081.33
2382.62	1048.56
2383.97	1185.77
2385.32	1128.43
2386.67	1007.60
2388.02	1058.80
2389.37	1089.52
2390.71	1046.51
2392.06	978.93
2393.41	1110.00
2394.75	1118.19
2396.10	1030.13
2397.44	1036.27
2398.79	1173.49
2400.13	1013.74
2401.48	1079.28
2402.82	1058.80
2404.17	948.21
2405.51	1056.75
2406.85	976.88
2408.19	1048.56
2409.53	1066.99
2410.87	974.83
2412.22	1036.27
2413.56	1011.70
2414.89	1148.91
2416.23	1284.08
2417.57	1036.27
2418.91	1056.75
2420.25	1263.60
2421.59	1277.93
2422.92	1140.72
2424.26	1124.33
2425.60	1112.05
2426.93	1089.52
2428.27	1038.32
2429.60	1013.74
2430.94	1019.89
2432.27	1202.16
2433.60	1077.23
2434.94	1095.66
2436.27	1175.53
2437.60	1169.39
2438.93	1327.08
2440.27	1107.95
2441.60	1249.26
2442.93	1286.12
2444.26	1402.86
2445.59	1279.98
2446.92	1398.76
2448.24	1173.49
2449.57	1386.47
2450.90	1435.63
2452.23	1484.78
2453.55	1554.41
2454.88	1333.23
2456.21	1517.54
2457.53	1542.12
2458.86	1206.25
2460.18	1406.95
2461.51	1419.24
2462.83	1187.82
2464.15	1320.94
2465.48	1232.88
2466.80	1181.68
2468.12	1460.20
2469.44	1341.42
2470.76	1263.60
2472.09	1169.39
2473.41	1265.64
2474.73	1292.27
2476.05	1243.12
2477.36	1193.97
2478.68	1308.65
2480.00	1202.16
2481.32	962.55
2482.64	1146.86
2483.95	1148.91
2485.27	1091.57
2486.59	1124.33
2487.90	1196.01
2489.22	1163.25
2490.53	1054.70
2491.85	1101.81
2493.16	1224.69
2494.47	1259.50
2495.79	1253.36
2497.10	1142.77
2498.41	1110.00
2499.72	1148.91
2501.03	1101.81
2502.35	1165.29
2503.66	1062.90
2504.97	1103.86
2506.28	1198.06
2507.59	1062.90
2508.89	1134.57
2510.20	1023.98
2511.51	991.22
2512.82	1118.19
2514.12	1093.62
2515.43	1153.01
2516.74	1130.48
2518.04	1120.24
2519.35	1275.88
2520.65	1066.99
2521.96	1040.37
2523.26	989.17
2524.57	1032.18
2525.87	913.39
2527.17	1120.24
2528.47	1099.76
2529.78	1066.99
2531.08	999.41
2532.38	1275.88
2533.68	1097.71
2534.98	923.63
2536.28	1032.18
2537.58	907.25
2538.88	1161.20
2540.18	1112.05
2541.47	1101.81
2542.77	1015.79
2544.07	1214.45
2545.37	1054.70
2546.66	964.59
2547.96	1069.04
2549.25	1257.45
2550.55	1091.57
2551.84	1079.28
2553.14	1001.46
2554.43	1021.94
2555.72	1077.23
2557.02	1101.81
2558.31	1075.18
2559.60	1073.14
2560.89	1062.90
2562.18	1071.09
2563.48	1148.91
2564.77	1091.57
2566.06	1118.19
2567.35	1155.05
2568.63	1128.43
2569.92	1175.53
2571.21	956.40
2572.50	1171.44
2573.79	1146.86
2575.07	1075.18
2576.36	997.36
2577.65	1226.73
2578.93	1279.98
2580.22	1183.73
2581.50	1107.95
2582.79	1284.08
2584.07	1132.53
2585.36	1140.72
2586.64	1171.44
2587.92	1263.60
2589.20	1140.72
2590.49	1181.68
2591.77	1130.48
2593.05	1091.57
2594.33	1140.72
2595.61	1110.00
2596.89	1146.86
2598.17	1206.25
2599.45	1320.94
2600.73	1183.73
2602.00	1286.12
2603.28	1247.21
2604.56	1144.81
2605.84	1171.44
2607.11	1159.15
2608.39	1193.97
2609.67	1251.31
2610.94	1257.45
2612.22	1155.05
2613.49	1236.97
2614.76	1253.36
2616.04	1292.27
2617.31	1234.93
2618.58	1314.80
2619.86	1351.66
2621.13	1366.00
2622.40	1341.42
2623.67	1429.48
2624.94	1476.59
2626.21	1456.11
2627.48	1357.80
2628.75	1429.48
2630.02	1308.65
2631.29	1572.84
2632.56	1429.48
2633.82	1400.81
2635.09	1320.94
2636.36	1320.94
2637.63	1458.15
2638.89	1298.41
2640.16	1316.84
2641.42	1228.78
2642.69	1273.84
2643.95	1286.12
2645.22	1271.79
2646.48	1232.88
2647.74	1210.35
2649.01	1177.58
2650.27	1138.67
2651.53	1230.83
2652.79	1273.84
2654.05	1140.72
2655.31	1193.97
2656.57	1269.74
2657.83	1071.09
2659.09	1224.69
2660.35	1169.39
2661.61	1214.45
2662.87	1206.25
2664.13	1169.39
2665.38	1265.64
2666.64	1179.63
2667.90	1224.69
2669.15	1327.08
2670.41	1144.81
2671.67	1191.92
2672.92	1196.01
2674.17	1265.64
2675.43	1337.32
2676.68	1359.85
2677.94	1355.76
2679.19	1699.81
2680.44	1472.49
2681.69	1380.33
2682.95	1552.36
2684.20	1802.21
2685.45	1519.59
2686.70	1566.70
2687.95	1601.51
2689.20	1746.92
2690.45	1599.46
2691.70	1716.20
2692.94	1497.07
2694.19	1482.73
2695.44	1398.76
2696.69	1411.05
2697.93	1185.77
2699.18	1275.88
2700.43	1142.77
2701.67	1357.80
2702.92	1099.76
2704.16	1337.32
2705.41	1279.98
2706.65	1177.58
2707.89	1196.01
2709.14	1122.29
2710.38	1228.78
2711.62	1144.81
2712.86	1050.61
2714.11	1130.48
2715.35	1134.57
2716.59	1038.32
2717.83	1157.10
2719.07	1329.13
2720.31	1071.09
2721.55	1173.49
2722.78	1083.38
2724.02	1079.28
2725.26	1007.60
2726.50	1146.86
2727.73	1105.90
2728.97	1265.64
2730.21	1046.51
2731.44	1159.15
2732.68	1163.25
2733.91	1112.05
2735.15	1011.70
2736.38	1202.16
2737.62	1071.09
2738.85	1079.28
2740.08	1013.74
2741.32	1130.48
2742.55	1007.60
2743.78	1058.80
2745.01	1187.82
2746.24	1124.33
2747.47	1085.42
2748.70	1214.45
2749.93	1097.71
2751.16	1191.92
2752.39	1011.70
2753.62	1161.20
2754.85	1212.40
2756.08	1083.38
2757.30	1163.25
2758.53	1085.42
2759.76	1130.48
2760.98	1146.86
2762.21	1161.20
2763.43	1099.76
2764.66	1185.77
2765.88	1112.05
2767.11	1026.03
2768.33	1165.29
2769.55	1030.13
2770.78	968.69
2772.00	976.88
2773.22	1136.62
2774.44	1083.38
2775.67	921.59
2776.89	1085.42
2778.11	944.11
2779.33	1134.57
2780.55	1077.23
2781.77	983.03
2782.99	1005.55
2784.20	1050.61
2785.42	1060.85
2786.64	905.20
2787.86	1019.89
2789.07	1046.51
2790.29	1077.23
2791.51	1124.33
2792.72	1134.57
2793.94	1171.44
2795.15	1163.25
2796.37	1142.77
2797.58	1095.66
2798.80	1099.76
2800.01	1085.42
2801.22	874.48
2802.44	1105.90
2803.65	1052.66
2804.86	901.11
2806.07	960.50
2807.28	909.30
2808.49	995.31
2809.70	1009.65
2810.91	985.07
2812.12	1062.90
2813.33	1081.33
2814.54	1011.70
2815.75	1073.14
2816.96	1036.27
2818.16	1105.90
2819.37	1075.18
2820.58	1048.56
2821.78	1091.57
2822.99	1060.85
2824.20	950.26
2825.40	956.40
2826.61	1161.20
2827.81	968.69
2829.01	1001.46
2830.22	1054.70
2831.42	1034.22
2832.62	1093.62
2833.83	1011.70
2835.03	1007.60
2836.23	1091.57
2837.43	1136.62
2838.63	1079.28
2839.83	1161.20
2841.03	1114.10
2842.23	1079.28
2843.43	1040.37
2844.63	1112.05
2845.83	1013.74
2847.03	878.58
2848.22	1038.32
2849.42	1081.33
2850.62	1167.34
2851.81	1118.19
2853.01	999.41
2854.21	884.72
2855.40	1009.65
2856.60	985.07
2857.79	989.17
2858.99	1048.56
2860.18	991.22
2861.37	1058.80
2862.57	1060.85
2863.76	956.40
2864.95	931.83
2866.14	946.16
2867.33	1011.70
2868.52	1165.29
2869.72	1054.70
2870.91	929.78
2872.10	1021.94
2873.28	847.86
2874.47	1155.05
2875.66	1028.08
2876.85	976.88
2878.04	1052.66
2879.23	1052.66
2880.41	1054.70
2881.60	940.02
2882.79	890.87
2883.97	901.11
2885.16	1077.23
2886.34	921.59
2887.53	1107.95
2888.71	1081.33
2889.90	933.87
2891.08	989.17
2892.26	1064.94
2893.45	1042.42
2894.63	1019.89
2895.81	960.50
2896.99	870.39
2898.17	1048.56
2899.36	1073.14
2900.54	1173.49
2901.72	1046.51
2902.90	1132.53
2904.08	1220.59
2905.26	1134.57
2906.43	1023.98
2907.61	1173.49
2908.79	1114.10
2909.97	1187.82
2911.14	1130.48
2912.32	1028.08
2913.50	1099.76
2914.67	1058.80
2915.85	1052.66
2917.02	950.26
2918.20	1249.26
2919.37	1044.46
2920.55	1134.57
2921.72	1001.46
2922.90	970.74
2924.07	1222.64
2925.24	1042.42
2926.41	1144.81
2927.58	1165.29
2928.76	1105.90
2929.93	1153.01
2931.10	1136.62
2932.27	1179.63
2933.44	1146.86
2934.61	1179.63
2935.78	1325.04
2936.95	1079.28
2938.11	1239.02
2939.28	1173.49
2940.45	1187.82
2941.62	1089.52
2942.78	1366.00
2943.95	1257.45
2945.12	1257.45
2946.28	1329.13
2947.45	1241.07
2948.61	1163.25
2949.78	1187.82
2950.94	1069.04
2952.10	1290.22
2953.27	1157.10
2954.43	1232.88
2955.59	1245.17
2956.76	1175.53
2957.92	1075.18
2959.08	1157.10
2960.24	1052.66
2961.40	1003.50
2962.56	1056.75
2963.72	1140.72
2964.88	1097.71
2966.04	1173.49
2967.20	1239.02
2968.36	1038.32
2969.52	1079.28
2970.67	1103.86
2971.83	1163.25
2972.99	1005.55
2974.14	1073.14
2975.30	927.73
2976.46	1073.14
2977.61	1054.70
2978.77	1013.74
2979.92	1044.46
2981.08	1150.96
2982.23	1044.46
2983.38	993.26
2984.54	1120.24
2985.69	1116.14
2986.84	1116.14
2987.99	1200.11
2989.15	991.22
2990.30	948.21
2991.45	940.02
2992.60	788.47
2993.75	1048.56
2994.90	927.73
2996.05	1091.57
2997.20	1198.06
2998.35	966.64
2999.49	931.83
3000.64	1060.85
3001.79	976.88
3002.94	1028.08
3004.08	1062.90
3005.23	1077.23
3006.38	1023.98
3007.52	1132.53
3008.67	1036.27
3009.81	1064.94
3010.96	919.54
3012.10	1097.71
3013.25	983.02
3014.39	1093.62
3015.53	1079.28
3016.67	1062.90
3017.82	1226.73
3018.96	1126.38
3020.10	1167.34
3021.24	1153.01
3022.38	1388.52
3023.52	1382.38
3024.66	1261.55
3025.80	1431.53
3026.94	1322.99
3028.08	1452.01
3029.22	1472.49
3030.36	1542.12
3031.50	1501.16
3032.63	1519.59
3033.77	1529.83
3034.91	1542.12
3036.04	1605.61
3037.18	1773.54
3038.32	1595.37
3039.45	1685.48
3040.59	1697.77
3041.72	1865.70
3042.86	1861.60
3043.99	1826.79
3045.12	1937.38
3046.26	2064.35
3047.39	2054.11
3048.52	1978.34
3049.65	1980.39
3050.78	2097.12
3051.92	2013.15
3053.05	2142.18
3054.18	2162.66
3055.31	2289.63
3056.44	2220.00
3057.57	2117.60
3058.70	2281.44
3059.82	2254.81
3060.95	2449.37
3062.08	2531.29
3063.21	2484.19
3064.34	2617.30
3065.46	3018.71
3066.59	3348.43
3067.71	3551.18
3068.84	3844.04
3069.97	4364.22
3071.09	4669.37
3072.22	5146.55
3073.34	5836.71
3074.46	6291.36
3075.59	6479.77
3076.71	7059.35
3077.83	7583.63
3078.96	8210.31
3080.08	8308.61
3081.20	8294.27
3082.32	8564.61
3083.44	8304.51
3084.56	8195.97
3085.68	7991.17
3086.80	7980.93
3087.92	7528.33
3089.04	7133.08
3090.16	6555.55
3091.28	6195.11
3092.40	5769.13
3093.51	5375.92
3094.63	4837.30
3095.75	4704.18
3096.87	4319.17
3097.98	4009.92
3099.10	3489.74
3100.21	3475.40
3101.33	3291.09
3102.44	3092.43
3103.56	2752.47
3104.67	2729.94
3105.79	2445.27
3106.90	2324.44
3108.01	2156.51
3109.12	2142.18
3110.24	2244.57
3111.35	2136.03
3112.46	1984.48
3113.57	1791.97
3114.68	1771.49
3115.79	1738.73
3116.90	1660.90
3118.01	1705.96
3119.12	1779.68
3120.23	1456.11
3121.34	1589.22
3122.45	1417.19
3123.56	1533.93
3124.66	1591.27
3125.77	1429.48
3126.88	1492.97
3127.98	1374.19
3129.09	1366.00
3130.20	1443.82
3131.30	1173.49
3132.41	1333.23
3133.51	1322.99
3134.61	1279.98
3135.72	1466.35
3136.82	1368.04
3137.93	1247.21
3139.03	1253.36
3140.13	1421.29
3141.23	1286.12
3142.33	1298.41
3143.44	1208.30
3144.54	1148.91
3145.64	1241.07
3146.74	1232.88
3147.84	1196.01
3148.94	1220.59
3150.04	1175.53
3151.14	1222.64
3152.23	1292.27
3153.33	1134.57
3154.43	1308.65
3155.53	1171.44
3156.63	1191.92
3157.72	1347.56
3158.82	1210.35
3159.91	1167.34
3161.01	1171.44
3162.11	1261.55
3163.20	1155.05
3164.30	1273.84
3165.39	1263.60
3166.48	1322.99
3167.58	1337.32
3168.67	1318.89
3169.76	1413.10
3170.86	1495.02
3171.95	1468.39
3173.04	1423.34
3174.13	1595.37
3175.22	1521.64
3176.31	1359.85
3177.40	1513.45
3178.49	1531.88
3179.58	1404.91
3180.67	1478.63
3181.76	1312.75
3182.85	1288.17
3183.94	1341.42
3185.03	1236.97
3186.11	1245.16
3187.20	1282.03
3188.29	1243.12
3189.37	1046.51
3190.46	989.17
3191.55	1005.55
3192.63	1036.27
3193.72	1038.32
3194.80	1056.75
3195.89	1021.94
3196.97	985.07
3198.05	1110.00
3199.14	1040.37
3200.22	935.92
3201.30	897.01
3202.38	897.01
3203.47	978.93
3204.55	1093.62
3205.63	940.02
3206.71	942.07
3207.79	903.15
3208.87	966.64
3209.95	929.78
3211.03	1042.42
3212.11	892.91
3213.19	1015.79
3214.27	956.40
3215.34	995.31
3216.42	1042.42
3217.50	772.08
3218.58	917.49
3219.65	894.96
3220.73	972.79
3221.80	911.35
3222.88	876.53
3223.96	892.91
3225.03	909.30
3226.10	980.98
3227.18	948.21
3228.25	1001.46
3229.33	933.87
3230.40	991.22
3231.47	1048.56
3232.54	933.87
3233.62	985.07
3234.69	948.21
3235.76	972.79
3236.83	995.31
3237.90	931.83
3238.97	864.24
3240.04	835.57
3241.11	968.69
3242.18	937.97
3243.25	774.13
3244.32	811.00
3245.39	1130.48
3246.45	925.68
3247.52	786.42
3248.59	839.67
3249.66	976.88
3250.72	944.11
3251.79	1054.70
3252.85	886.77
3253.92	851.95
3254.98	952.31
3256.05	962.55
3257.11	815.09
3258.18	841.72
3259.24	827.38
3260.30	819.19
3261.37	886.77
3262.43	944.11
3263.49	946.16
3264.55	856.05
3265.62	940.02
3266.68	833.52
3267.74	1019.89
3268.80	757.75
3269.86	911.35
3270.92	849.91
3271.98	837.62
3273.04	897.01
3274.10	954.35
3275.16	886.77
3276.21	1042.42
3277.27	741.36
3278.33	829.43
3279.39	892.91
3280.44	884.72
3281.50	862.19
3282.56	880.63
3283.61	909.30
3284.67	864.24
3285.72	811.00
3286.78	919.54
3287.83	872.43
3288.88	962.55
3289.94	892.91
3290.99	815.09
3292.04	929.78
3293.10	835.57
3294.15	782.32
3295.20	927.73
3296.25	831.48
3297.30	886.77
3298.36	772.08
3299.41	825.33
3300.46	604.15
3301.51	864.24
3302.56	784.37
3303.61	1005.55
3304.65	854.00
3305.70	813.04
3306.75	919.54
3307.80	880.63
3308.85	765.94
3309.89	815.09
3310.94	808.95
3311.99	784.37
3313.03	933.87
3314.08	841.72
3315.12	671.73
3316.17	917.49
3317.21	913.39
3318.26	868.34
3319.30	937.97
3320.35	874.48
3321.39	921.59
3322.43	1028.08
3323.48	800.76
3324.52	856.05
3325.56	823.28
3326.60	925.68
3327.64	903.15
3328.68	835.57
3329.73	837.62
3330.77	790.52
3331.81	778.23
3332.85	872.43
3333.88	788.47
3334.92	940.02
3335.96	847.86
3337.00	901.11
3338.04	753.65
3339.08	710.65
3340.11	942.07
3341.15	827.38
3342.19	774.13
3343.22	710.65
3344.26	792.56
3345.30	790.52
3346.33	739.32
3347.37	813.04
3348.40	948.21
3349.43	897.01
3350.47	759.80
3351.50	917.49
3352.54	759.80
3353.57	851.95
3354.60	931.83
3355.63	860.15
3356.67	806.90
3357.70	823.28
3358.73	714.74
3359.76	913.39
3360.79	825.33
3361.82	874.48
3362.85	880.63
3363.88	907.25
3364.91	731.12
3365.94	823.28
3366.97	737.27
3367.99	808.95
3369.02	843.76
3370.05	907.25
3371.08	837.62
3372.10	722.93
3373.13	722.93
3374.16	729.08
3375.18	667.64
3376.21	792.56
3377.23	823.28
3378.26	741.36
3379.28	686.07
3380.31	849.91
3381.33	815.09
3382.35	870.39
3383.38	933.87
3384.40	866.29
3385.42	673.78
3386.45	782.32
3387.47	720.88
3388.49	813.04
3389.51	948.21
3390.53	753.65
3391.55	765.94
3392.57	712.69
3393.59	892.91
3394.61	731.12
3395.63	767.99
3396.65	817.14
3397.67	645.11
3398.69	757.75
3399.70	696.31
3400.72	704.50
3401.74	786.42
3402.76	831.48
3403.77	772.08
3404.79	835.57
3405.80	757.75
3406.82	749.56
3407.83	798.71
3408.85	831.48
3409.86	759.80
3410.88	878.58
3411.89	759.80
3412.91	868.34
3413.92	718.84
3414.93	700.41
3415.94	843.76
3416.96	747.51
3417.97	917.49
3418.98	808.95
3419.99	823.28
3421.00	759.80
3422.01	798.71
3423.02	753.65
3424.03	745.46
3425.04	714.74
3426.05	761.84
3427.06	782.32
3428.07	784.37
3429.08	782.32
3430.09	778.23
3431.09	819.19
3432.10	784.37
3433.11	782.32
3434.12	813.04
3435.12	837.62
3436.13	720.89
3437.13	849.91
3438.14	700.41
3439.14	782.32
3440.15	575.48
3441.15	741.36
3442.16	790.52
3443.16	819.19
3444.16	643.06
3445.17	917.49
3446.17	727.03
3447.17	688.12
3448.17	851.96
3449.18	829.43
3450.18	784.37
3451.18	731.12
3452.18	761.84
3453.18	798.71
3454.18	700.41
3455.18	874.48
3456.18	804.85
3457.18	737.27
3458.18	767.99
3459.17	780.28
3460.17	733.17
3461.17	735.22
3462.17	749.56
3463.17	880.63
3464.16	763.89
3465.16	757.75
3466.15	745.46
3467.15	819.19
3468.15	737.27
3469.14	722.93
3470.14	739.32
3471.13	854.00
3472.13	786.42
3473.12	737.27
3474.11	778.23
3475.11	786.42
3476.10	794.61
3477.09	622.58
3478.08	837.62
3479.08	880.63
3480.07	817.14
3481.06	747.51
3482.05	829.43
3483.04	776.18
3484.03	661.49
3485.02	796.66
3486.01	907.25
3487.00	782.32
3487.99	864.24
3488.98	819.19
3489.97	780.28
3490.95	772.08
3491.94	692.21
3492.93	784.37
3493.92	628.73
3494.90	741.36
3495.89	772.08
3496.88	622.58
3497.86	786.42
3498.85	864.24
3499.83	759.80
3500.82	712.69
3501.80	804.85
3502.79	776.18
3503.77	722.93
3504.75	710.65
3505.74	731.12
3506.72	819.19
3507.70	815.09
3508.68	759.80
3509.67	737.27
3510.65	690.17
3511.63	817.14
3512.61	661.49
3513.59	788.47
3514.57	954.35
3515.55	854.00
3516.53	776.18
3517.51	772.08
3518.49	772.08
3519.47	813.04
3520.45	749.56
3521.42	815.09
3522.40	751.60
3523.38	653.30
3524.36	735.22
3525.33	712.69
3526.31	884.72
3527.29	677.88
3528.26	845.81
3529.24	743.41
3530.21	831.48
3531.19	761.84
3532.16	800.76
3533.14	714.74
3534.11	944.11
3535.08	649.21
3536.06	753.65
3537.03	669.69
3538.00	843.76
3538.98	745.46
3539.95	854.00
3540.92	702.45
3541.89	935.92
3542.86	747.51
3543.83	684.02
3544.80	940.02
3545.77	794.61
3546.74	731.12
3547.71	712.69
3548.68	882.67
3549.65	886.77
3550.62	741.36
3551.59	929.78
3552.56	811.00
3553.52	714.74
3554.49	854.00
3555.46	714.74
3556.42	679.93
3557.39	847.86
3558.36	765.94
3559.32	802.80
3560.29	862.19
3561.25	786.42
3562.22	794.61
3563.18	780.28
3564.15	751.60
3565.11	817.14
3566.07	593.91
3567.04	851.95
3568.00	782.32
3568.96	606.20
3569.92	671.73
3570.89	839.67
3571.85	870.39
3572.81	577.53
3573.77	743.41
3574.73	784.37
3575.69	806.90
3576.65	677.88
3577.61	712.69
3578.57	665.59
3579.53	829.43
3580.49	673.78
3581.45	714.74
3582.40	794.61
3583.36	698.36
3584.32	800.76
3585.28	708.60
3586.23	741.36
3587.19	727.03
3588.15	735.22
3589.10	806.90
3590.06	692.21
3591.01	761.84
3591.97	733.17
3592.92	821.24
3593.88	772.08
3594.83	696.31
3595.78	776.18
3596.74	692.21
3597.69	800.76
3598.64	770.04
3599.60	724.98
3600.55	811.00
3601.50	575.48
3602.45	645.11
3603.40	837.62
3604.35	681.97
3605.31	749.56
3606.26	649.21
3607.21	823.28
3608.16	782.32
3609.10	720.88
3610.05	761.84
3611.00	774.13
3611.95	708.60
3612.90	811.00
3613.85	778.23
3614.79	970.74
3615.74	808.95
3616.69	657.40
3617.63	770.04
3618.58	827.38
3619.53	788.47
3620.47	837.62
3621.42	710.65
3622.36	843.76
3623.31	751.60
3624.25	772.08
3625.20	653.30
3626.14	767.99
3627.08	657.40
3628.03	792.56
3628.97	575.48
3629.91	847.86
3630.85	739.32
3631.80	806.90
3632.74	671.73
3633.68	757.75
3634.62	772.08
3635.56	784.37
3636.50	686.07
3637.44	790.52
3638.38	942.07
3639.32	669.69
3640.26	774.13
3641.20	821.24
3642.14	722.93
3643.08	831.48
3644.01	851.95
3644.95	759.80
3645.89	851.96
3646.83	651.25
3647.76	817.14
3648.70	753.65
3649.63	890.87
3650.57	819.19
3651.51	870.39
3652.44	720.89
3653.38	792.56
3654.31	714.74
3655.24	790.52
3656.18	716.79
3657.11	688.12
3658.05	749.56
3658.98	876.53
3659.91	727.03
3660.84	628.73
3661.78	688.12
3662.71	778.23
3663.64	774.13
3664.57	911.35
3665.50	788.47
3666.43	712.69
3667.36	610.29
3668.29	661.49
3669.22	735.22
3670.15	739.32
3671.08	591.86
3672.01	542.71
3672.94	763.89
3673.86	767.99
3674.79	681.97
3675.72	806.90
3676.65	735.22
3677.57	962.55
3678.50	839.67
3679.43	819.19
3680.35	616.44
3681.28	669.69
3682.20	796.66
3683.13	819.19
3684.05	681.97
3684.98	667.64
3685.90	675.83
3686.83	798.71
3687.75	700.41
3688.67	616.44
3689.60	911.35
3690.52	729.08
3691.44	659.45
3692.36	593.91
3693.28	598.01
3694.21	755.70
3695.13	804.85
3696.05	743.41
3696.97	704.50
3697.89	661.49
3698.81	714.74
3699.73	567.29
3700.65	677.88
3701.57	630.77
3702.48	702.45
3703.40	851.95
3704.32	724.98
3705.24	841.72
3706.16	722.93
3707.07	786.42
3707.99	806.90
3708.91	698.36
3709.82	751.60
3710.74	706.55
3711.66	653.30
3712.57	790.52
3713.49	755.70
3714.40	702.45
3715.31	815.09
3716.23	659.45
3717.14	772.08
3718.06	667.64
3718.97	784.37
3719.88	716.79
3720.80	677.88
3721.71	870.39
3722.62	677.88
3723.53	659.45
3724.44	786.42
3725.35	851.95
3726.26	815.09
3727.18	649.21
3728.09	667.64
3729.00	784.37
3729.91	786.42
3730.81	638.97
3731.72	724.98
3732.63	702.45
3733.54	675.83
3734.45	659.45
3735.36	757.75
3736.26	749.56
3737.17	583.67
3738.08	784.37
3738.99	892.91
3739.89	706.55
3740.80	716.79
3741.70	772.08
3742.61	692.21
3743.51	698.36
3744.42	751.60
3745.32	802.80
3746.23	894.96
3747.13	602.10
3748.04	884.72
3748.94	618.49
3749.84	612.34
3750.74	733.17
3751.65	692.21
3752.55	757.75
3753.45	692.21
3754.35	755.70
3755.25	665.59
3756.16	538.62
3757.06	653.30
3757.96	856.05
3758.86	741.36
3759.76	669.69
3760.66	718.84
3761.55	692.21
3762.45	628.73
3763.35	724.98
3764.25	673.78
3765.15	706.55
3766.05	653.30
3766.94	555.00
3767.84	731.12
3768.74	661.49
3769.63	641.01
3770.53	612.34
3771.43	831.48
3772.32	657.40
3773.22	753.65
3774.11	841.72
3775.01	684.02
3775.90	503.80
3776.80	727.03
3777.69	749.56
3778.58	624.63
3779.48	534.52
3780.37	806.90
3781.26	659.45
3782.16	620.53
3783.05	591.86
3783.94	720.88
3784.83	700.41
3785.72	669.69
3786.61	940.02
3787.50	657.40
3788.39	645.11
3789.28	618.49
3790.17	655.35
3791.06	630.77
3791.95	563.19
3792.84	595.96
3793.73	673.78
3794.62	694.26
3795.51	608.25
3796.39	767.99
3797.28	647.16
3798.17	647.16
3799.06	692.21
3799.94	692.21
3800.83	581.62
3801.71	770.04
3802.60	702.45
3803.48	622.58
3804.37	610.29
3805.25	737.27
3806.14	669.69
3807.02	831.48
3807.91	563.19
3808.79	626.68
3809.67	712.69
3810.56	659.45
3811.44	696.31
3812.32	692.21
3813.20	704.50
3814.09	579.58
3814.97	686.07
3815.85	673.78
3816.73	724.98
3817.61	522.23
3818.49	724.98
3819.37	616.44
3820.25	718.84
3821.13	573.43
3822.01	593.91
3822.89	694.26
3823.77	753.65
3824.65	643.06
3825.52	714.74
3826.40	638.97
3827.28	526.33
3828.16	632.82
3829.03	518.14
3829.91	716.79
3830.79	616.44
3831.66	679.93
3832.54	587.77
3833.41	909.30
3834.29	729.08
3835.16	518.14
3836.04	661.49
3836.91	563.19
3837.79	604.15
3838.66	573.43
3839.53	632.82
3840.41	528.38
3841.28	653.30
3842.15	544.76
3843.02	663.54
3843.90	544.76
3844.77	618.49
3845.64	645.11
3846.51	772.08
3847.38	618.49
3848.25	583.67
3849.12	804.85
3849.99	679.93
3850.86	684.02
3851.73	600.05
3852.60	636.92
3853.47	628.73
3854.34	583.67
3855.21	684.02
3856.07	653.30
3856.94	614.39
3857.81	667.64
3858.68	614.39
3859.54	610.29
3860.41	634.87
3861.28	665.59
3862.14	569.34
3863.01	661.49
3863.87	501.75
3864.74	679.93
3865.60	505.85
3866.47	632.82
3867.33	600.05
3868.19	700.41
3869.06	585.72
3869.92	591.86
3870.78	544.76
3871.65	530.42
3872.51	618.49
3873.37	602.10
3874.23	704.50
3875.10	462.84
3875.96	655.35
3876.82	544.76
3877.68	681.97
3878.54	503.80
3879.40	493.56
3880.26	495.61
3881.12	608.25
3881.98	677.88
3882.84	530.42
3883.70	544.76
3884.55	641.01
3885.41	555.00
3886.27	714.74
3887.13	681.97
3887.99	563.19
3888.84	600.05
3889.70	624.63
3890.56	552.95
3891.41	630.77
3892.27	421.88
3893.12	684.02
3893.98	624.63
3894.83	659.45
3895.69	561.14
3896.54	593.91
3897.40	561.14
3898.25	589.82
3899.11	565.24
3899.96	548.86
3900.81	569.34
3901.66	624.63
3902.52	491.51
3903.37	544.76
3904.22	677.88
3905.07	587.77
3905.92	544.76
3906.78	675.83
3907.63	620.53
