-2184.52	47.10
-2181.51	47.10
-2178.50	47.10
-2175.49	4.10
-2172.49	-38.91
-2169.48	36.86
-2166.48	6.14
-2163.48	-16.38
-2160.47	-6.14
-2157.47	102.40
-2154.47	36.86
-2151.48	61.44
-2148.48	-30.72
-2145.49	59.39
-2142.49	-49.15
-2139.50	-81.92
-2136.51	18.43
-2133.52	-92.16
-2130.53	270.33
-2127.54	409.59
-2124.55	266.24
-2121.57	444.41
-2118.58	311.29
-2115.60	342.01
-2112.62	262.14
-2109.64	319.48
-2106.66	362.49
-2103.68	468.98
-2100.70	366.59
-2097.73	309.24
-2094.75	409.59
-2091.78	243.71
-2088.81	550.90
-2085.83	421.88
-2082.86	399.35
-2079.90	417.79
-2076.93	397.31
-2073.96	352.25
-2071.00	452.60
-2068.03	452.60
-2065.07	346.11
-2062.11	342.01
-2059.15	323.58
-2056.19	481.27
-2053.23	368.63
-2050.27	360.44
-2047.32	464.89
-2044.36	344.06
-2041.41	319.48
-2038.46	352.25
-2035.51	350.20
-2032.56	401.40
-2029.61	401.40
-2026.66	372.73
-2023.72	354.30
-2020.77	358.39
-2017.83	321.53
-2014.88	409.59
-2011.94	387.07
-2009.00	495.61
-2006.06	425.98
-2003.13	380.92
-2000.19	198.65
-1997.25	325.63
-1994.32	276.48
-1991.39	368.63
-1988.45	362.49
-1985.52	362.49
-1982.59	415.74
-1979.67	276.48
-1976.74	419.83
-1973.81	339.96
-1970.89	438.27
-1967.96	423.93
-1965.04	442.36
-1962.12	462.84
-1959.20	227.32
-1956.28	229.37
-1953.36	368.63
-1950.45	239.61
-1947.53	348.15
-1944.62	315.39
-1941.70	321.53
-1938.79	342.01
-1935.88	354.30
-1932.97	434.17
-1930.06	409.59
-1927.15	159.74
-1924.25	428.03
-1921.34	503.80
-1918.44	399.35
-1915.54	286.72
-1912.63	344.06
-1909.73	274.43
-1906.83	356.35
-1903.94	356.35
-1901.04	268.28
-1898.14	409.59
-1895.25	434.17
-1892.36	425.98
-1889.46	425.98
-1886.57	296.96
-1883.68	372.73
-1880.79	294.91
-1877.91	339.96
-1875.02	378.87
-1872.13	227.32
-1869.25	399.35
-1866.37	327.68
-1863.48	335.87
-1860.60	331.77
-1857.72	348.15
-1854.84	395.26
-1851.97	393.21
-1849.09	366.59
-1846.22	215.04
-1843.34	380.92
-1840.47	335.87
-1837.60	395.26
-1834.73	389.11
-1831.86	264.19
-1828.99	376.83
-1826.12	440.31
-1823.26	290.81
-1820.39	497.66
-1817.53	237.56
-1814.67	417.79
-1811.80	309.24
-1808.94	448.51
-1806.08	243.71
-1803.23	526.33
-1800.37	274.43
-1797.51	299.00
-1794.66	237.56
-1791.81	444.41
-1788.95	253.95
-1786.10	550.90
-1783.25	329.72
-1780.40	342.01
-1777.56	247.80
-1774.71	323.58
-1771.86	364.54
-1769.02	215.04
-1766.18	237.56
-1763.33	446.46
-1760.49	348.15
-1757.65	446.46
-1754.81	438.27
-1751.98	401.40
-1749.14	481.27
-1746.30	452.60
-1743.47	348.15
-1740.64	342.01
-1737.81	479.22
-1734.97	382.97
-1732.14	382.97
-1729.32	311.29
-1726.49	372.73
-1723.66	350.20
-1720.84	290.81
-1718.01	309.24
-1715.19	407.55
-1712.37	366.59
-1709.55	397.31
-1706.73	282.62
-1703.91	276.48
-1701.09	442.36
-1698.27	434.17
-1695.46	325.63
-1692.65	385.02
-1689.83	378.87
-1687.02	299.00
-1684.21	438.27
-1681.40	464.89
-1678.59	319.48
-1675.78	237.56
-1672.98	460.79
-1670.17	456.70
-1667.37	395.26
-1664.56	350.20
-1661.76	452.60
-1658.96	346.11
-1656.16	442.36
-1653.36	475.13
-1650.57	454.65
-1647.77	397.31
-1644.97	362.49
-1642.18	354.30
-1639.39	344.06
-1636.60	303.10
-1633.80	262.14
-1631.01	454.65
-1628.23	425.98
-1625.44	327.68
-1622.65	370.68
-1619.87	415.74
-1617.08	366.59
-1614.30	350.20
-1611.52	380.92
-1608.74	380.92
-1605.96	485.37
-1603.18	405.50
-1600.40	350.20
-1597.62	311.29
-1594.85	313.34
-1592.07	413.69
-1589.30	313.34
-1586.53	364.54
-1583.76	327.68
-1580.99	413.69
-1578.22	403.45
-1575.45	294.91
-1572.68	233.47
-1569.92	342.01
-1567.15	239.61
-1564.39	237.56
-1561.63	356.35
-1558.86	438.27
-1556.10	313.34
-1553.34	309.24
-1550.59	323.58
-1547.83	356.35
-1545.07	225.28
-1542.32	423.93
-1539.56	415.74
-1536.81	284.67
-1534.06	393.21
-1531.31	358.39
-1528.56	317.44
-1525.81	382.97
-1523.06	372.73
-1520.32	481.27
-1517.57	419.83
-1514.83	358.39
-1512.09	380.92
-1509.34	311.29
-1506.60	372.73
-1503.86	243.71
-1501.12	460.79
-1498.39	385.02
-1495.65	288.76
-1492.91	401.40
-1490.18	376.83
-1487.45	339.96
-1484.71	356.35
-1481.98	307.20
-1479.25	393.21
-1476.52	325.63
-1473.80	327.68
-1471.07	266.24
-1468.34	321.53
-1465.62	356.35
-1462.89	319.48
-1460.17	376.83
-1457.45	493.56
-1454.73	464.89
-1452.01	360.44
-1449.29	415.74
-1446.57	325.63
-1443.86	339.96
-1441.14	329.72
-1438.43	350.20
-1435.71	186.37
-1433.00	350.20
-1430.29	256.00
-1427.58	276.48
-1424.87	348.15
-1422.16	360.44
-1419.46	294.91
-1416.75	296.96
-1414.05	366.59
-1411.34	352.25
-1408.64	419.83
-1405.94	487.42
-1403.24	352.25
-1400.54	479.22
-1397.84	401.40
-1395.14	219.13
-1392.45	393.21
-1389.75	296.96
-1387.06	481.27
-1384.36	460.79
-1381.67	288.76
-1378.98	360.44
-1376.29	288.76
-1373.60	421.88
-1370.91	337.91
-1368.23	464.89
-1365.54	241.66
-1362.86	335.87
-1360.17	356.35
-1357.49	417.79
-1354.81	311.29
-1352.13	528.38
-1349.45	325.63
-1346.77	329.72
-1344.09	321.53
-1341.42	391.16
-1338.74	227.32
-1336.07	319.48
-1333.39	325.63
-1330.72	294.91
-1328.05	311.29
-1325.38	317.44
-1322.71	270.33
-1320.04	262.14
-1317.37	313.34
-1314.71	428.03
-1312.04	262.14
-1309.38	296.96
-1306.72	372.73
-1304.05	454.65
-1301.39	417.79
-1298.73	389.11
-1296.08	331.77
-1293.42	411.64
-1290.76	354.30
-1288.10	215.04
-1285.45	335.87
-1282.80	430.07
-1280.14	397.31
-1277.49	256.00
-1274.84	382.97
-1272.19	370.68
-1269.54	317.44
-1266.90	329.72
-1264.25	223.23
-1261.60	245.76
-1258.96	385.02
-1256.32	290.81
-1253.67	256.00
-1251.03	311.29
-1248.39	311.29
-1245.75	286.72
-1243.11	450.55
-1240.48	380.92
-1237.84	294.91
-1235.20	362.49
-1232.57	327.67
-1229.94	309.24
-1227.31	415.74
-1224.67	372.73
-1222.04	374.78
-1219.41	376.83
-1216.79	342.01
-1214.16	321.53
-1211.53	344.06
-1208.91	323.58
-1206.28	395.26
-1203.66	319.48
-1201.04	389.11
-1198.42	518.14
-1195.80	557.05
-1193.18	284.67
-1190.56	237.56
-1187.94	307.20
-1185.33	387.07
-1182.71	288.76
-1180.10	430.07
-1177.49	407.55
-1174.87	399.35
-1172.26	421.88
-1169.65	385.02
-1167.04	428.03
-1164.44	346.11
-1161.83	319.48
-1159.22	430.07
-1156.62	344.06
-1154.01	368.63
-1151.41	348.15
-1148.81	303.10
-1146.21	423.93
-1143.61	434.17
-1141.01	280.57
-1138.41	309.24
-1135.81	317.44
-1133.22	301.05
-1130.62	335.87
-1128.03	434.17
-1125.44	337.91
-1122.84	315.39
-1120.25	282.62
-1117.66	380.92
-1115.07	358.39
-1112.49	266.24
-1109.90	356.35
-1107.31	368.63
-1104.73	190.46
-1102.14	327.68
-1099.56	237.56
-1096.98	358.39
-1094.40	387.07
-1091.82	321.53
-1089.24	305.15
-1086.66	335.87
-1084.08	335.87
-1081.51	346.11
-1078.93	342.01
-1076.36	262.14
-1073.79	413.69
-1071.21	225.28
-1068.64	348.15
-1066.07	356.35
-1063.50	380.92
-1060.93	260.09
-1058.37	354.30
-1055.80	473.08
-1053.24	380.92
-1050.67	309.24
-1048.11	321.53
-1045.55	294.91
-1042.99	327.67
-1040.42	423.93
-1037.87	331.77
-1035.31	292.86
-1032.75	307.20
-1030.19	350.20
-1027.64	315.39
-1025.08	350.20
-1022.53	247.80
-1019.98	421.88
-1017.43	364.54
-1014.88	428.03
-1012.33	247.80
-1009.78	229.37
-1007.23	323.58
-1004.68	354.30
-1002.14	274.43
-999.59	421.88
-997.05	430.07
-994.51	264.19
-991.96	321.53
-989.42	456.70
-986.88	372.73
-984.34	325.63
-981.81	249.85
-979.27	319.48
-976.73	370.68
-974.20	178.17
-971.66	319.48
-969.13	282.62
-966.60	190.46
-964.07	274.43
-961.54	317.44
-959.01	464.89
-956.48	329.72
-953.95	337.91
-951.43	395.26
-948.90	282.62
-946.38	327.68
-943.85	460.79
-941.33	382.97
-938.81	292.86
-936.29	411.64
-933.77	323.58
-931.25	389.11
-928.73	417.79
-926.22	376.83
-923.70	350.20
-921.19	557.05
-918.67	301.05
-916.16	305.15
-913.65	317.44
-911.14	466.94
-908.63	286.72
-906.12	204.80
-903.61	497.66
-901.10	385.02
-898.59	325.63
-896.09	239.61
-893.59	331.77
-891.08	372.73
-888.58	284.67
-886.08	335.87
-883.58	421.88
-881.08	329.72
-878.58	311.29
-876.08	260.09
-873.58	409.59
-871.09	362.49
-868.59	434.17
-866.10	288.76
-863.61	270.33
-861.12	413.69
-858.62	364.54
-856.13	458.74
-853.64	301.05
-851.16	370.68
-848.67	305.15
-846.18	452.60
-843.70	346.11
-841.21	360.44
-838.73	380.92
-836.25	294.91
-833.77	278.52
-831.28	395.26
-828.81	364.54
-826.33	325.63
-823.85	303.10
-821.37	339.96
-818.90	342.01
-816.42	315.39
-813.95	438.27
-811.47	313.34
-809.00	339.96
-806.53	366.59
-804.06	393.21
-801.59	354.30
-799.12	354.30
-796.65	481.27
-794.19	315.39
-791.72	450.55
-789.26	372.73
-786.79	372.73
-784.33	227.32
-781.87	493.56
-779.41	466.94
-776.95	415.74
-774.49	456.70
-772.03	440.31
-769.57	339.96
-767.12	264.19
-764.66	358.39
-762.21	378.87
-759.75	303.10
-757.30	497.66
-754.85	329.72
-752.40	495.61
-749.95	428.03
-747.50	327.68
-745.05	301.05
-742.60	471.03
-740.16	329.72
-737.71	280.57
-735.27	335.87
-732.82	311.29
-730.38	442.36
-727.94	364.54
-725.50	458.74
-723.06	317.44
-720.62	366.59
-718.18	278.52
-715.74	475.13
-713.31	440.31
-710.87	393.21
-708.44	423.93
-706.01	335.87
-703.57	481.27
-701.14	317.44
-698.71	352.25
-696.28	303.10
-693.85	399.35
-691.42	413.69
-689.00	434.17
-686.57	391.16
-684.15	409.59
-681.72	317.44
-679.30	428.03
-676.88	411.64
-674.45	393.21
-672.03	446.46
-669.61	458.75
-667.20	411.64
-664.78	452.60
-662.36	434.17
-659.94	464.89
-657.53	462.84
-655.12	344.06
-652.70	405.50
-650.29	348.15
-647.88	473.08
-645.47	335.87
-643.06	444.41
-640.65	382.97
-638.24	483.32
-635.83	559.10
-633.43	483.32
-631.02	344.06
-628.62	337.91
-626.22	364.54
-623.81	430.07
-621.41	487.42
-619.01	440.31
-616.61	477.18
-614.21	485.37
-611.81	548.86
-609.42	509.94
-607.02	501.75
-604.63	368.63
-602.23	464.89
-599.84	485.37
-597.45	475.13
-595.05	362.49
-592.66	616.44
-590.27	425.98
-587.88	399.35
-585.50	450.55
-583.11	344.06
-580.72	454.65
-578.34	526.33
-575.95	415.74
-573.57	487.42
-571.19	350.20
-568.80	411.64
-566.42	495.61
-564.04	530.42
-561.66	344.06
-559.29	405.50
-556.91	491.51
-554.53	487.42
-552.16	524.28
-549.78	462.84
-547.41	325.63
-545.03	450.55
-542.66	399.35
-540.29	489.46
-537.92	391.16
-535.55	329.72
-533.18	534.52
-530.81	466.94
-528.45	442.36
-526.08	520.18
-523.72	382.97
-521.35	505.85
-518.99	380.92
-516.63	417.79
-514.27	370.68
-511.90	550.90
-509.54	444.41
-507.19	481.27
-504.83	575.48
-502.47	419.83
-500.11	514.04
-497.76	327.67
-495.40	483.32
-493.05	438.27
-490.70	479.22
-488.35	542.71
-486.00	483.32
-483.65	540.66
-481.30	632.82
-478.95	552.95
-476.60	446.46
-474.25	458.74
-471.91	475.13
-469.56	374.78
-467.22	518.14
-464.88	450.55
-462.53	442.36
-460.19	530.42
-457.85	546.81
-455.51	409.59
-453.17	417.79
-450.84	501.75
-448.50	458.74
-446.16	417.79
-443.83	526.33
-441.49	391.16
-439.16	477.18
-436.83	481.27
-434.50	464.89
-432.16	555.00
-429.83	434.17
-427.50	407.55
-425.18	405.50
-422.85	464.89
-420.52	442.36
-418.20	493.56
-415.87	415.74
-413.55	536.57
-411.22	397.31
-408.90	356.35
-406.58	329.72
-404.26	239.61
-401.94	434.17
-399.62	374.78
-397.30	317.44
-394.99	329.72
-392.67	294.91
-390.35	331.77
-388.04	256.00
-385.73	352.25
-383.41	249.85
-381.10	215.04
-378.79	411.64
-376.48	251.90
-374.17	286.72
-371.86	352.25
-369.55	296.96
-367.25	454.65
-364.94	227.32
-362.64	311.29
-360.33	247.80
-358.03	329.72
-355.73	319.48
-353.42	313.34
-351.12	358.39
-348.82	323.58
-346.52	346.11
-344.23	413.69
-341.93	395.26
-339.63	307.20
-337.34	274.43
-335.04	210.94
-332.75	364.54
-330.45	270.33
-328.16	301.05
-325.87	360.44
-323.58	372.73
-321.29	417.79
-319.00	348.15
-316.71	407.55
-314.42	206.84
-312.14	337.91
-309.85	245.76
-307.57	411.64
-305.28	149.50
-303.00	323.58
-300.72	276.48
-298.44	272.38
-296.16	239.61
-293.88	274.43
-291.60	342.01
-289.32	331.77
-287.04	317.44
-284.77	339.96
-282.49	366.59
-280.22	225.28
-277.94	204.80
-275.67	331.77
-273.40	266.24
-271.13	313.34
-268.85	305.15
-266.59	436.22
-264.32	280.57
-262.05	399.35
-259.78	280.57
-257.51	389.11
-255.25	352.25
-252.98	393.21
-250.72	403.45
-248.46	372.73
-246.20	313.34
-243.93	239.61
-241.67	221.18
-239.41	282.62
-237.16	294.91
-234.90	309.24
-232.64	260.09
-230.38	374.78
-228.13	202.75
-225.87	243.71
-223.62	305.15
-221.37	278.52
-219.11	288.76
-216.86	292.86
-214.61	354.30
-212.36	374.78
-210.11	354.30
-207.87	378.87
-205.62	157.69
-203.37	307.20
-201.13	253.95
-198.88	266.24
-196.64	290.81
-194.39	319.48
-192.15	323.58
-189.91	290.81
-187.67	251.90
-185.43	372.73
-183.19	321.53
-180.95	272.38
-178.72	333.82
-176.48	317.44
-174.24	530.42
-172.01	182.27
-169.77	325.63
-167.54	268.28
-165.31	223.23
-163.08	305.15
-160.85	202.75
-158.62	249.85
-156.39	286.72
-154.16	407.55
-151.93	288.76
-149.70	249.85
-147.48	161.79
-145.25	210.94
-143.03	251.90
-140.81	243.71
-138.58	397.31
-136.36	284.67
-134.14	387.07
-131.92	342.01
-129.70	372.73
-127.48	299.00
-125.26	155.65
-123.05	290.81
-120.83	290.81
-118.62	262.14
-116.40	288.76
-114.19	210.94
-111.97	362.49
-109.76	276.48
-107.55	356.35
-105.34	286.72
-103.13	276.48
-100.92	434.17
-98.71	196.61
-96.51	247.80
-94.30	337.91
-92.09	284.67
-89.89	305.15
-87.69	245.76
-85.48	309.24
-83.28	237.56
-81.08	245.76
-78.88	241.66
-76.68	327.68
-74.48	327.67
-72.28	256.00
-70.08	296.96
-67.88	249.85
-65.69	315.39
-63.49	260.09
-61.30	290.81
-59.11	305.15
-56.91	391.16
-54.72	274.43
-52.53	284.67
-50.34	489.46
-48.15	354.30
-45.96	352.25
-43.77	303.10
-41.59	253.95
-39.40	309.24
-37.21	356.35
-35.03	356.35
-32.84	247.80
-30.66	372.73
-28.48	221.18
-26.30	278.52
-24.12	362.49
-21.94	477.18
-19.76	331.77
-17.58	530.42
-15.40	702.45
-13.22	972.79
-11.05	1413.10
-8.87	2119.65
-6.70	2338.78
-4.52	2541.53
-2.35	2711.51
-0.18	2691.03
1.99	2557.91
4.16	2523.10
6.33	2150.37
8.50	1849.32
10.67	1470.44
12.84	1390.57
15.00	1101.81
17.17	1116.14
19.33	759.80
21.50	747.51
23.66	649.21
25.83	581.62
27.99	454.65
30.15	401.40
32.31	319.48
34.47	413.69
36.63	311.29
38.79	321.53
40.94	243.71
43.10	380.92
45.25	192.51
47.41	407.55
49.56	333.82
51.72	313.34
53.87	290.81
56.02	362.49
58.17	235.52
60.32	272.38
62.47	337.91
64.62	407.55
66.77	249.85
68.92	258.04
71.06	278.52
73.21	362.49
75.35	284.67
77.50	376.83
79.64	399.35
81.78	288.76
83.92	366.59
86.06	337.91
88.20	329.72
90.34	329.72
92.48	299.00
94.62	385.02
96.76	344.06
98.89	380.92
101.03	368.63
103.16	370.68
105.30	366.59
107.43	608.25
109.56	456.70
111.69	598.01
113.82	548.86
115.95	636.92
118.08	681.97
120.21	782.32
122.34	841.72
124.47	954.35
126.59	819.19
128.72	964.59
130.84	1046.51
132.97	964.59
135.09	1167.34
137.21	1314.80
139.33	1210.35
141.45	1392.62
143.57	1173.49
145.69	1511.40
147.81	1619.94
149.93	1703.91
152.05	1710.05
154.16	1695.72
156.28	1683.43
158.39	1816.55
160.51	1662.95
162.62	1568.74
164.73	1837.03
166.85	1722.34
168.96	1634.28
171.07	1509.35
173.18	1548.26
175.28	1593.32
177.39	1593.32
179.50	1611.75
181.61	1597.42
183.71	1533.93
185.82	1427.43
187.92	1501.16
190.02	1761.25
192.13	1480.68
194.23	1390.57
196.33	1497.07
198.43	1363.95
200.53	1460.20
202.63	1538.02
204.72	1355.76
206.82	1316.84
208.92	1382.38
211.01	1204.21
213.11	1228.78
215.20	1193.97
217.30	1310.70
219.39	1259.50
221.48	1249.26
223.57	1288.17
225.66	1157.10
227.75	1257.45
229.84	1208.30
231.93	1255.40
234.02	1222.64
236.10	1241.07
238.19	1130.48
240.28	1306.60
242.36	1083.38
244.44	1122.29
246.53	1208.30
248.61	1101.81
250.69	1204.21
252.77	976.88
254.85	1064.94
256.93	1228.78
259.01	1255.40
261.09	1089.52
263.16	1249.26
265.24	1251.31
267.32	1171.44
269.39	1048.56
271.46	1134.57
273.54	1198.06
275.61	1189.87
277.68	1210.35
279.75	1196.01
281.82	968.69
283.89	1232.88
285.96	1097.71
288.03	1089.52
290.10	1050.61
292.16	1040.37
294.23	1163.25
296.29	1062.90
298.36	1150.96
300.42	1083.38
302.49	1155.05
304.55	1214.45
306.61	1183.73
308.67	1071.09
310.73	1030.13
312.79	1232.88
314.85	1159.15
316.90	1202.16
318.96	1216.49
321.02	1122.29
323.07	1171.44
325.13	1234.93
327.18	1122.29
329.24	1079.28
331.29	1118.19
333.34	1122.29
335.39	1058.80
337.44	1247.21
339.49	1243.12
341.54	948.21
343.59	1153.01
345.64	1171.44
347.68	1052.66
349.73	1085.42
351.77	1159.15
353.82	1275.88
355.86	1251.31
357.90	1140.72
359.95	1320.94
361.99	1120.24
364.03	1245.16
366.07	1204.21
368.11	1034.22
370.15	1075.18
372.19	999.41
374.22	1275.88
376.26	1216.49
378.29	1116.14
380.33	1075.18
382.36	1167.34
384.40	1282.03
386.43	1366.00
388.46	1372.14
390.49	1439.72
392.52	1169.39
394.55	1300.46
396.58	1236.97
398.61	1322.99
400.64	1216.49
402.67	1296.36
404.69	1460.20
406.72	1269.74
408.74	1447.91
410.77	1277.93
412.79	1357.80
414.81	1325.04
416.84	1306.60
418.86	1366.00
420.88	1318.89
422.90	1214.45
424.92	1363.95
426.94	1226.73
428.95	1339.37
430.97	1339.37
432.99	1310.70
435.00	1193.97
437.02	1206.25
439.03	1101.81
441.04	1243.12
443.06	1144.81
445.07	1204.21
447.08	1224.69
449.09	1089.52
451.10	1226.73
453.11	1114.10
455.12	1374.19
457.13	1275.88
459.13	1198.06
461.14	1419.24
463.14	1361.90
465.15	1144.81
467.15	1093.62
469.16	1208.30
471.16	1302.51
473.16	1249.26
475.16	1200.11
477.16	1224.69
479.16	1339.37
481.16	1368.04
483.16	1343.47
485.16	1284.08
487.15	1327.08
489.15	1351.66
491.15	1089.52
493.14	1161.20
495.14	1261.55
497.13	1251.31
499.12	1443.82
501.11	1169.39
503.11	1279.98
505.10	1314.80
507.09	1251.31
509.07	1144.81
511.06	1132.53
513.05	1099.76
515.04	1200.11
517.02	1277.93
519.01	1370.09
521.00	1107.95
522.98	1218.54
524.96	1150.96
526.95	1251.31
528.93	1171.44
530.91	1343.47
532.89	1241.07
534.87	1290.22
536.85	1292.27
538.83	1458.15
540.81	1202.16
542.78	1290.22
544.76	1359.85
546.74	1370.09
548.71	1322.99
550.69	1230.83
552.66	1388.52
554.63	1204.21
556.60	1261.55
558.58	1093.62
560.55	1335.28
562.52	1312.75
564.49	1257.45
566.46	1337.32
568.42	1386.47
570.39	1421.29
572.36	1312.75
574.32	1302.51
576.29	1355.76
578.25	1353.71
580.22	1249.26
582.18	1454.06
584.14	1505.26
586.11	1495.02
588.07	1538.02
590.03	1675.24
591.99	1654.76
593.95	1890.28
595.90	2090.98
597.86	2273.25
599.82	2430.94
601.78	2838.48
603.73	2852.82
605.69	3082.19
607.64	3080.14
609.59	2975.70
611.55	2848.72
613.50	2654.17
615.45	2473.95
617.40	2414.56
619.35	1976.29
621.30	2199.52
623.25	2164.70
625.20	1834.98
627.15	1732.58
629.09	1652.71
631.04	1441.77
632.98	1677.29
634.93	1390.57
636.87	1535.98
638.82	1327.08
640.76	1495.02
642.70	1515.50
644.64	1396.71
646.58	1470.44
648.52	1345.52
650.46	1282.03
652.40	1273.84
654.34	1212.40
656.27	1322.99
658.21	1251.31
660.15	1540.07
662.08	1345.52
664.02	1531.88
665.95	1445.87
667.88	1513.45
669.82	1404.91
671.75	1466.35
673.68	1425.39
675.61	1351.66
677.54	1253.36
679.47	1445.87
681.40	1425.39
683.32	1271.79
685.25	1343.47
687.18	1374.19
689.10	1263.60
691.03	1298.41
692.95	1241.07
694.87	1382.38
696.80	1347.56
698.72	1406.95
700.64	1269.74
702.56	1236.97
704.48	1374.19
706.40	1376.23
708.32	1234.93
710.24	1335.28
712.16	1341.42
714.07	1241.07
715.99	1214.45
717.90	1314.80
719.82	1294.32
721.73	1347.56
723.65	1075.18
725.56	1224.69
727.47	1435.63
729.38	1437.67
731.29	1331.18
733.20	1300.46
735.11	1214.45
737.02	1331.18
738.93	1222.64
740.84	1327.08
742.74	1294.32
744.65	1292.27
746.55	1249.26
748.46	1359.85
750.36	1335.28
752.27	1318.89
754.17	1193.97
756.07	1292.27
757.97	1288.17
759.87	1239.02
761.77	1222.64
763.67	1466.35
765.57	1284.08
767.47	1253.36
769.37	1316.84
771.26	1435.63
773.16	1316.84
775.06	1292.27
776.95	1413.10
778.84	1421.29
780.74	1288.17
782.63	1247.21
784.52	1189.87
786.41	1507.30
788.30	1357.80
790.19	1394.67
792.08	1327.08
793.97	1286.12
795.86	1245.16
797.75	1286.12
799.63	1282.03
801.52	1466.35
803.41	1314.80
805.29	1464.30
807.18	1392.62
809.06	1404.91
810.94	1382.38
812.82	1531.88
814.70	1468.39
816.59	1437.67
818.47	1357.80
820.35	1372.14
822.22	1296.36
824.10	1380.33
825.98	1331.18
827.86	1435.63
829.73	1538.02
831.61	1355.76
833.48	1359.85
835.36	1460.20
837.23	1529.83
839.10	1570.79
840.98	1630.18
842.85	1607.66
844.72	1679.33
846.59	1755.11
848.46	1773.54
850.33	1832.93
852.20	1687.53
854.06	1738.73
855.93	1568.74
857.80	1667.05
859.66	1697.77
861.53	1634.28
863.39	1409.00
865.26	1558.50
867.12	1583.08
868.98	1552.36
870.84	1441.77
872.71	1273.84
874.57	1312.75
876.43	1540.07
878.29	1273.84
880.14	1339.37
882.00	1474.54
883.86	1314.80
885.72	1443.82
887.57	1333.23
889.43	1384.43
891.28	1273.84
893.14	1443.82
894.99	1304.56
896.84	1398.76
898.69	1333.23
900.55	1357.80
902.40	1423.34
904.25	1333.23
906.10	1331.18
907.95	1454.06
909.79	1400.81
911.64	1306.60
913.49	1404.91
915.34	1200.11
917.18	1296.36
919.03	1261.55
920.87	1394.67
922.71	1345.52
924.56	1492.97
926.40	1406.95
928.24	1441.77
930.08	1279.98
931.92	1355.76
933.76	1435.63
935.60	1535.98
937.44	1472.49
939.28	1464.30
941.12	1406.95
942.95	1411.05
944.79	1392.62
946.62	1304.56
948.46	1325.04
950.29	1380.33
952.13	1411.05
953.96	1476.59
955.79	1452.01
957.62	1361.90
959.46	1392.62
961.29	1482.73
963.12	1433.58
964.94	1484.78
966.77	1550.31
968.60	1665.00
970.43	1621.99
972.25	1656.81
974.08	1585.13
975.91	1712.10
977.73	1687.53
979.55	1939.43
981.38	1980.39
983.20	2150.37
985.02	2404.32
986.84	2652.12
988.66	2846.68
990.49	2990.03
992.30	3082.19
994.12	3200.98
995.94	2949.08
997.76	2883.54
999.58	2662.36
1001.39	2295.77
1003.21	2240.48
1005.02	2080.74
1006.84	1961.95
1008.65	1908.71
1010.47	1828.84
1012.28	1648.61
1014.09	1679.33
1015.90	1587.18
1017.71	1452.01
1019.52	1554.41
1021.33	1449.96
1023.14	1472.49
1024.95	1411.05
1026.76	1409.00
1028.56	1423.34
1030.37	1454.06
1032.18	1318.89
1033.98	1570.79
1035.79	1361.90
1037.59	1572.84
1039.39	1343.47
1041.20	1409.00
1043.00	1488.87
1044.80	1347.56
1046.60	1497.07
1048.40	1398.76
1050.20	1366.00
1052.00	1318.89
1053.80	1492.97
1055.59	1345.52
1057.39	1363.95
1059.19	1386.47
1060.98	1406.95
1062.78	1359.85
1064.57	1173.49
1066.37	1376.24
1068.16	1415.15
1069.95	1603.56
1071.75	1372.14
1073.54	1368.04
1075.33	1372.14
1077.12	1310.70
1078.91	1384.43
1080.70	1366.00
1082.48	1347.56
1084.27	1441.77
1086.06	1421.29
1087.85	1247.21
1089.63	1304.56
1091.42	1478.63
1093.20	1421.29
1094.99	1279.98
1096.77	1425.39
1098.55	1425.39
1100.33	1206.25
1102.12	1251.31
1103.90	1460.20
1105.68	1470.44
1107.46	1427.43
1109.24	1488.87
1111.01	1247.21
1112.79	1368.04
1114.57	1355.76
1116.35	1314.80
1118.12	1386.47
1119.90	1304.56
1121.67	1468.39
1123.45	1394.67
1125.22	1392.62
1126.99	1492.97
1128.77	1386.47
1130.54	1327.08
1132.31	1417.19
1134.08	1570.79
1135.85	1630.18
1137.62	1415.15
1139.39	1349.61
1141.15	1599.46
1142.92	1615.85
1144.69	1409.00
1146.46	1535.98
1148.22	1513.45
1149.99	1544.17
1151.75	1683.43
1153.51	1611.75
1155.28	1785.83
1157.04	1576.94
1158.80	1783.78
1160.56	1859.56
1162.32	1765.35
1164.08	1904.61
1165.84	2373.60
1167.60	2193.37
1169.36	2615.26
1171.12	2781.14
1172.88	2930.64
1174.63	3110.86
1176.39	3483.59
1178.14	3342.28
1179.90	3442.64
1181.65	3241.93
1183.41	2977.75
1185.16	2826.20
1186.91	2838.48
1188.66	2568.15
1190.41	2410.46
1192.16	2041.82
1193.91	2047.97
1195.66	1968.10
1197.41	1798.12
1199.16	1933.28
1200.91	1728.49
1202.66	1681.38
1204.40	1611.75
1206.15	1488.87
1207.89	1357.80
1209.64	1396.71
1211.38	1462.25
1213.12	1384.43
1214.87	1597.42
1216.61	1316.84
1218.35	1443.82
1220.09	1396.71
1221.83	1312.75
1223.57	1267.69
1225.31	1347.56
1227.05	1433.58
1228.79	1468.39
1230.52	1431.53
1232.26	1126.38
1234.00	1425.39
1235.73	1243.12
1237.47	1284.08
1239.20	1288.17
1240.94	1320.94
1242.67	1435.63
1244.40	1169.39
1246.13	1357.80
1247.86	1386.47
1249.60	1267.69
1251.33	1349.61
1253.06	1347.56
1254.78	1208.30
1256.51	1398.76
1258.24	1329.13
1259.97	1361.90
1261.69	1339.37
1263.42	1339.37
1265.15	1290.22
1266.87	1464.30
1268.59	1220.59
1270.32	1304.56
1272.04	1241.07
1273.76	1177.58
1275.49	1269.74
1277.21	1290.22
1278.93	1382.38
1280.65	1255.40
1282.37	1415.15
1284.09	1331.18
1285.81	1257.45
1287.52	1150.96
1289.24	1349.61
1290.96	1329.13
1292.67	1282.03
1294.39	1411.05
1296.10	1132.53
1297.82	1318.89
1299.53	1249.26
1301.24	1263.60
1302.96	1216.49
1304.67	1316.84
1306.38	1370.09
1308.09	1282.03
1309.80	1148.91
1311.51	1333.23
1313.22	1337.32
1314.93	1306.60
1316.64	1251.31
1318.34	1320.94
1320.05	1304.56
1321.75	1288.17
1323.46	1220.59
1325.17	1341.42
1326.87	1327.08
1328.57	1234.93
1330.28	1406.95
1331.98	1247.21
1333.68	1085.42
1335.38	1214.45
1337.08	1314.80
1338.78	1394.67
1340.48	1273.84
1342.18	1511.40
1343.88	1279.98
1345.58	1290.22
1347.28	1251.31
1348.97	1503.21
1350.67	1050.61
1352.36	1288.17
1354.06	1239.02
1355.75	1273.84
1357.45	1282.03
1359.14	1239.02
1360.83	1286.12
1362.53	1284.08
1364.22	1148.91
1365.91	1277.93
1367.60	1384.43
1369.29	1353.71
1370.98	1353.71
1372.67	1355.76
1374.35	1394.67
1376.04	1314.80
1377.73	1480.68
1379.41	1335.28
1381.10	1310.70
1382.79	1234.93
1384.47	1294.32
1386.15	1312.75
1387.84	1239.02
1389.52	1341.42
1391.20	1329.13
1392.88	1452.01
1394.57	1269.74
1396.25	1249.26
1397.93	1263.60
1399.61	1218.54
1401.28	1181.68
1402.96	1435.63
1404.64	1308.65
1406.32	1224.69
1407.99	1374.19
1409.67	1325.04
1411.35	1101.81
1413.02	1255.40
1414.70	1179.63
1416.37	1386.47
1418.04	1333.23
1419.71	1277.93
1421.39	1279.98
1423.06	1267.69
1424.73	1353.71
1426.40	1398.76
1428.07	1339.37
1429.74	1355.76
1431.41	1267.69
1433.08	1363.95
1434.74	1214.45
1436.41	1271.79
1438.08	1187.82
1439.74	1406.95
1441.41	1222.64
1443.07	1114.09
1444.74	1226.73
1446.40	1279.98
1448.06	1251.31
1449.72	1402.86
1451.39	1267.69
1453.05	1208.30
1454.71	1271.79
1456.37	1165.29
1458.03	1372.14
1459.69	1255.40
1461.35	1445.87
1463.00	1380.33
1464.66	1228.78
1466.32	1353.71
1467.97	1325.04
1469.63	1476.59
1471.28	1419.24
1472.94	1214.45
1474.59	1431.53
1476.25	1306.60
1477.90	1236.97
1479.55	1572.84
1481.20	1267.69
1482.85	1413.10
1484.50	1376.23
1486.15	1226.73
1487.80	1398.76
1489.45	1423.34
1491.10	1122.29
1492.75	1214.45
1494.40	1193.97
1496.04	1273.84
1497.69	1433.58
1499.33	1306.60
1500.98	1437.67
1502.62	1335.28
1504.27	1290.22
1505.91	1376.24
1507.55	1341.42
1509.19	1386.47
1510.84	1310.70
1512.48	1331.18
1514.12	1165.29
1515.76	1216.49
1517.40	1239.02
1519.04	1406.95
1520.67	1179.63
1522.31	1314.80
1523.95	1464.30
1525.59	1339.37
1527.22	1294.32
1528.86	1462.25
1530.49	1308.65
1532.13	1267.69
1533.76	1398.76
1535.39	1480.68
1537.03	1533.93
1538.66	1343.47
1540.29	1384.43
1541.92	1314.80
1543.55	1310.70
1545.18	1337.32
1546.81	1318.89
1548.44	1308.65
1550.07	1419.24
1551.70	1499.11
1553.32	1304.56
1554.95	1464.30
1556.58	1480.68
1558.20	1480.68
1559.83	1447.91
1561.45	1384.43
1563.07	1445.87
1564.70	1626.09
1566.32	1578.98
1567.94	1638.38
1569.56	1720.29
1571.19	1886.18
1572.81	1871.84
1574.43	1961.95
1576.05	2176.99
1577.66	2166.75
1579.28	2222.05
1580.90	2514.91
1582.52	2744.28
1584.14	2695.13
1585.75	2574.30
1587.37	2789.33
1588.98	2750.42
1590.60	2727.89
1592.21	2596.82
1593.82	2748.37
1595.44	2586.58
1597.05	2723.80
1598.66	2357.21
1600.27	2494.43
1601.88	2533.34
1603.49	2791.38
1605.10	2576.34
1606.71	2402.27
1608.32	2408.41
1609.93	2435.03
1611.54	2205.66
1613.14	2287.58
1614.75	2074.59
1616.36	2111.46
1617.96	1787.88
1619.57	1746.92
1621.17	1652.71
1622.77	1699.81
1624.38	1642.47
1625.98	1513.45
1627.58	1497.07
1629.18	1624.04
1630.78	1316.84
1632.38	1540.07
1633.98	1337.32
1635.58	1435.63
1637.18	1368.04
1638.78	1525.74
1640.38	1402.86
1641.98	1302.51
1643.57	1470.44
1645.17	1394.67
1646.76	1249.26
1648.36	1339.37
1649.95	1290.22
1651.55	1265.64
1653.14	1368.04
1654.73	1351.66
1656.33	1255.40
1657.92	1363.95
1659.51	1355.76
1661.10	1370.09
1662.69	1112.05
1664.28	1363.95
1665.87	1411.05
1667.46	1349.61
1669.05	1196.01
1670.63	1263.60
1672.22	1241.07
1673.81	1265.64
1675.39	1349.61
1676.98	1134.57
1678.56	1329.13
1680.15	1325.04
1681.73	1167.34
1683.31	1187.82
1684.90	1320.94
1686.48	1236.97
1688.06	1179.63
1689.64	1320.94
1691.22	1327.08
1692.80	1267.69
1694.38	1466.35
1695.96	1409.00
1697.54	1318.89
1699.12	1140.72
1700.69	1312.75
1702.27	1343.47
1703.85	1228.78
1705.42	1333.23
1707.00	1181.68
1708.57	1267.69
1710.15	1390.57
1711.72	1081.33
1713.29	1157.10
1714.87	1384.43
1716.44	1114.09
1718.01	1357.80
1719.58	1157.10
1721.15	1304.56
1722.72	1335.28
1724.29	1134.57
1725.86	1363.95
1727.43	1159.15
1729.00	1062.90
1730.56	1277.93
1732.13	1417.19
1733.70	1185.77
1735.26	1169.39
1736.83	1337.32
1738.39	1204.21
1739.96	1200.11
1741.52	1124.33
1743.08	1232.88
1744.65	1120.24
1746.21	1085.42
1747.77	1187.82
1749.33	1265.64
1750.89	1091.57
1752.45	1128.43
1754.01	1187.82
1755.57	1267.69
1757.13	989.17
1758.69	1124.33
1760.24	1245.16
1761.80	1300.46
1763.36	1277.93
1764.91	1249.26
1766.47	1208.30
1768.02	1032.18
1769.58	1253.36
1771.13	1202.16
1772.68	1157.10
1774.24	1163.25
1775.79	1298.41
1777.34	1003.50
1778.89	1275.88
1780.44	1120.24
1781.99	1124.33
1783.54	1275.88
1785.09	1091.57
1786.64	1107.95
1788.19	1228.78
1789.73	1196.01
1791.28	1384.43
1792.83	1226.73
1794.37	1171.44
1795.92	1243.12
1797.46	1222.64
1799.01	1294.32
1800.55	1153.01
1802.09	1196.01
1803.64	1136.62
1805.18	1286.12
1806.72	1325.04
1808.26	1298.41
1809.80	1193.97
1811.34	1206.25
1812.88	1247.21
1814.42	1208.30
1815.96	1273.84
1817.50	1169.39
1819.04	1196.01
1820.57	1271.79
1822.11	1288.17
1823.65	1132.53
1825.18	1286.12
1826.72	1196.01
1828.25	1073.14
1829.78	1175.53
1831.32	1069.04
1832.85	1095.66
1834.38	1241.07
1835.92	1212.40
1837.45	1112.05
1838.98	1140.72
1840.51	1142.77
1842.04	1187.82
1843.57	1271.79
1845.10	1277.93
1846.62	1177.58
1848.15	1163.25
1849.68	1220.59
1851.21	1150.96
1852.73	1331.18
1854.26	1126.38
1855.78	1286.12
1857.31	1110.00
1858.83	1282.03
1860.36	1218.54
1861.88	1247.21
1863.40	1210.35
1864.92	1198.06
1866.45	1208.30
1867.97	1290.22
1869.49	1165.29
1871.01	1302.51
1872.53	1193.97
1874.05	1179.63
1875.57	1241.07
1877.08	1259.50
1878.60	1222.64
1880.12	1163.25
1881.64	1095.66
1883.15	1337.32
1884.67	1097.71
1886.18	1212.40
1887.70	1134.57
1889.21	1290.22
1890.72	1142.77
1892.24	1251.31
1893.75	1331.18
1895.26	1216.49
1896.77	1021.94
1898.28	1126.38
1899.79	1177.58
1901.30	1286.12
1902.81	1167.34
1904.32	1210.35
1905.83	1210.35
1907.34	1099.76
1908.85	1361.90
1910.35	1071.09
1911.86	1234.93
1913.37	1200.11
1914.87	1038.32
1916.38	1069.04
1917.88	1105.90
1919.39	1085.42
1920.89	1226.73
1922.39	1290.22
1923.89	1181.68
1925.40	1214.45
1926.90	1263.60
1928.40	1275.88
1929.90	1189.87
1931.40	1329.13
1932.90	1241.07
1934.40	1177.58
1935.90	1128.43
1937.39	1085.42
1938.89	1275.88
1940.39	1153.01
1941.89	1050.61
1943.38	1077.23
1944.88	1247.21
1946.37	1298.41
1947.87	1032.18
1949.36	1116.14
1950.85	1132.53
1952.35	1103.86
1953.84	1265.64
1955.33	1060.85
1956.82	1247.21
1958.31	1191.92
1959.80	1128.43
1961.29	1210.35
1962.78	1269.74
1964.27	1284.08
1965.76	1130.48
1967.25	1267.69
1968.74	1269.74
1970.22	1204.21
1971.71	1019.89
1973.20	1232.88
1974.68	1226.73
1976.17	1148.91
1977.65	1198.06
1979.14	1175.53
1980.62	1189.87
1982.10	1167.34
1983.58	1288.17
1985.07	1007.60
1986.55	1275.88
1988.03	1150.96
1989.51	1212.40
1990.99	1202.16
1992.47	1177.58
1993.95	1128.43
1995.43	1161.20
1996.91	1183.73
1998.38	1327.08
1999.86	1179.63
2001.34	1202.16
2002.81	1069.04
2004.29	1306.60
2005.76	1253.36
2007.24	1140.72
2008.71	1062.90
2010.19	1333.23
2011.66	1128.43
2013.13	1155.05
2014.60	1167.34
2016.08	1075.18
2017.55	1200.11
2019.02	1038.32
2020.49	1183.73
2021.96	1075.18
2023.43	1110.00
2024.90	1196.01
2026.36	1187.82
2027.83	1015.79
2029.30	1056.75
2030.77	1208.30
2032.23	1048.56
2033.70	1200.11
2035.16	1191.92
2036.63	1040.37
2038.09	1173.49
2039.56	960.50
2041.02	1120.24
2042.48	1165.29
2043.95	1214.45
2045.41	1011.70
2046.87	1077.23
2048.33	1077.23
2049.79	1028.08
2051.25	991.22
2052.71	970.74
2054.17	1161.20
2055.63	1107.95
2057.09	1073.14
2058.54	1179.63
2060.00	1202.16
2061.46	1048.56
2062.91	1243.12
2064.37	1159.15
2065.82	1093.62
2067.28	1130.48
2068.73	1032.18
2070.19	1083.38
2071.64	1042.42
2073.09	1138.67
2074.54	1132.53
2076.00	1126.38
2077.45	1241.07
2078.90	1140.72
2080.35	1075.18
2081.80	1308.65
2083.25	1011.70
2084.70	925.68
2086.14	1064.94
2087.59	1083.38
2089.04	1052.66
2090.49	1091.57
2091.93	1066.99
2093.38	917.49
2094.83	933.87
2096.27	1114.09
2097.71	1179.63
2099.16	1073.14
2100.60	956.40
2102.05	1009.65
2103.49	1112.05
2104.93	1066.99
2106.37	1138.67
2107.81	964.59
2109.25	995.31
2110.69	1005.55
2112.13	1046.51
2113.57	1105.90
2115.01	1187.82
2116.45	1099.76
2117.89	993.26
2119.33	1112.05
2120.76	1173.49
2122.20	1062.90
2123.63	1101.81
2125.07	1183.73
2126.51	1120.24
2127.94	1058.80
2129.37	1052.66
2130.81	970.74
2132.24	1126.38
2133.67	1091.57
2135.11	1212.40
2136.54	1077.23
2137.97	1062.90
2139.40	1077.23
2140.83	1075.18
2142.26	1013.74
2143.69	1030.13
2145.12	1118.19
2146.55	942.07
2147.97	1144.81
2149.40	976.88
2150.83	1148.91
2152.25	1126.38
2153.68	950.26
2155.11	1126.38
2156.53	1026.03
2157.96	1071.09
2159.38	1036.27
2160.80	985.07
2162.23	1089.52
2163.65	1118.19
2165.07	880.63
2166.49	968.69
2167.91	1036.27
2169.33	1044.46
2170.75	1056.75
2172.17	1101.81
2173.59	954.35
2175.01	878.58
2176.43	917.49
2177.85	1017.84
2179.27	1032.18
2180.68	1042.42
2182.10	972.79
2183.52	892.91
2184.93	1056.75
2186.35	1366.00
2187.76	843.76
2189.18	1175.53
2190.59	1071.09
2192.00	1099.76
2193.42	1040.37
2194.83	1054.70
2196.24	999.41
2197.65	1095.66
2199.06	1169.39
2200.47	1130.48
2201.88	839.67
2203.29	1077.23
2204.70	966.64
2206.11	1050.61
2207.52	1036.27
2208.93	1097.71
2210.33	989.17
2211.74	1130.48
2213.15	1044.46
2214.55	1075.18
2215.96	1001.46
2217.36	999.41
2218.77	1030.13
2220.17	1079.28
2221.57	1085.42
2222.98	1013.74
2224.38	935.92
2225.78	1189.87
2227.18	866.29
2228.58	993.26
2229.99	886.77
2231.39	999.41
2232.79	911.35
2234.18	1028.08
2235.58	935.92
2236.98	980.98
2238.38	972.79
2239.78	923.63
2241.17	956.40
2242.57	1038.32
2243.97	950.26
2245.36	958.45
2246.76	1146.86
2248.15	923.63
2249.55	905.20
2250.94	1011.70
2252.33	1130.48
2253.73	1005.55
2255.12	851.95
2256.51	1110.00
2257.90	962.55
2259.29	966.64
2260.68	1073.14
2262.07	880.63
2263.46	960.50
2264.85	1099.76
2266.24	866.29
2267.63	872.43
2269.02	937.97
2270.40	882.67
2271.79	970.74
2273.18	958.45
2274.56	808.95
2275.95	962.55
2277.33	968.69
2278.72	980.98
2280.10	993.26
2281.49	925.68
2282.87	827.38
2284.25	937.97
2285.63	831.48
2287.02	954.35
2288.40	997.36
2289.78	870.39
2291.16	1040.37
2292.54	964.59
2293.92	1069.04
2295.30	962.55
2296.68	817.14
2298.05	1116.14
2299.43	913.39
2300.81	1019.89
2302.19	880.63
2303.56	958.45
2304.94	913.39
2306.31	878.58
2307.69	954.35
2309.06	995.31
2310.44	917.49
2311.81	901.11
2313.19	907.25
2314.56	960.50
2315.93	913.39
2317.30	985.07
2318.67	927.73
2320.04	978.93
2321.41	854.00
2322.78	948.21
2324.15	886.77
2325.52	937.97
2326.89	915.44
2328.26	874.48
2329.63	804.85
2331.00	948.21
2332.36	962.55
2333.73	856.05
2335.09	968.69
2336.46	962.55
2337.83	806.90
2339.19	921.59
2340.55	929.78
2341.92	847.86
2343.28	966.64
2344.64	876.53
2346.01	919.54
2347.37	1030.13
2348.73	958.45
2350.09	935.92
2351.45	897.01
2352.81	972.79
2354.17	4425.66
2355.53	839.67
2356.89	899.06
2358.25	849.91
2359.61	1036.27
2360.96	1001.46
2362.32	899.06
2363.68	817.14
2365.03	1005.55
2366.39	1028.08
2367.74	845.81
2369.10	1071.09
2370.45	872.43
2371.81	1007.60
2373.16	980.98
2374.51	880.63
2375.86	995.31
2377.22	1140.72
2378.57	907.25
2379.92	829.43
2381.27	788.47
2382.62	835.57
2383.97	974.83
2385.32	882.67
2386.67	899.06
2388.02	1019.89
2389.37	811.00
2390.71	950.26
2392.06	948.21
2393.41	901.11
2394.75	1011.70
2396.10	940.02
2397.44	765.94
2398.79	919.54
2400.13	933.87
2401.48	866.29
2402.82	925.68
2404.17	821.24
2405.51	970.74
2406.85	833.52
2408.19	843.76
2409.53	1105.90
2410.87	909.30
2412.22	872.43
2413.56	796.66
2414.89	872.43
2416.23	849.91
2417.57	858.10
2418.91	1091.57
2420.25	862.19
2421.59	944.11
2422.92	802.80
2424.26	798.71
2425.60	1003.50
2426.93	729.08
2428.27	796.66
2429.60	798.71
2430.94	731.12
2432.27	767.99
2433.60	870.39
2434.94	880.63
2436.27	892.91
2437.60	716.79
2438.93	917.49
2440.27	770.04
2441.60	819.19
2442.93	808.95
2444.26	833.52
2445.59	864.24
2446.92	917.49
2448.24	751.60
2449.57	905.20
2450.90	763.89
2452.23	747.51
2453.55	964.59
2454.88	636.92
2456.21	694.26
2457.53	878.58
2458.86	790.52
2460.18	806.90
2461.51	767.99
2462.83	776.18
2464.15	745.46
2465.48	724.98
2466.80	841.72
2468.12	950.26
2469.44	1044.46
2470.76	933.87
2472.09	643.06
2473.41	907.25
2474.73	829.43
2476.05	804.85
2477.36	722.93
2478.68	1017.84
2480.00	759.80
2481.32	1005.55
2482.64	792.56
2483.95	589.82
2485.27	765.94
2486.59	897.01
2487.90	915.44
2489.22	745.46
2490.53	733.17
2491.85	905.20
2493.16	817.14
2494.47	788.47
2495.79	776.18
2497.10	905.20
2498.41	694.26
2499.72	837.62
2501.03	845.81
2502.35	927.73
2503.66	931.83
2504.97	966.64
2506.28	901.11
2507.59	790.52
2508.89	970.74
2510.20	821.24
2511.51	782.32
2512.82	765.94
2514.12	598.01
2515.43	815.09
2516.74	833.52
2518.04	813.04
2519.35	972.79
2520.65	753.65
2521.96	847.86
2523.26	831.48
2524.57	767.99
2525.87	677.88
2527.17	870.39
2528.47	858.10
2529.78	874.48
2531.08	948.21
2532.38	784.37
2533.68	761.84
2534.98	784.37
2536.28	860.15
2537.58	694.26
2538.88	684.02
2540.18	489.46
2541.47	757.75
2542.77	796.66
2544.07	821.24
2545.37	714.74
2546.66	735.22
2547.96	761.84
2549.25	811.00
2550.55	770.04
2551.84	638.97
2553.14	737.27
2554.43	745.46
2555.72	712.69
2557.02	823.28
2558.31	729.08
2559.60	847.86
2560.89	890.87
2562.18	827.38
2563.48	823.28
2564.77	811.00
2566.06	890.87
2567.35	794.61
2568.63	864.24
2569.92	727.03
2571.21	876.53
2572.50	759.80
2573.79	897.01
2575.07	735.22
2576.36	800.76
2577.65	890.87
2578.93	858.10
2580.22	849.91
2581.50	745.46
2582.79	679.93
2584.07	917.49
2585.36	784.37
2586.64	753.65
2587.92	933.87
2589.20	870.39
2590.49	806.90
2591.77	698.36
2593.05	718.84
2594.33	759.80
2595.61	690.17
2596.89	843.76
2598.17	800.76
2599.45	718.84
2600.73	778.23
2602.00	796.66
2603.28	747.51
2604.56	632.82
2605.84	788.47
2607.11	645.11
2608.39	696.31
2609.67	851.95
2610.94	823.28
2612.22	747.51
2613.49	784.37
2614.76	716.79
2616.04	749.56
2617.31	743.41
2618.58	929.78
2619.86	755.70
2621.13	784.37
2622.40	735.22
2623.67	782.32
2624.94	913.39
2626.21	622.58
2627.48	724.98
2628.75	694.26
2630.02	647.16
2631.29	835.57
2632.56	767.99
2633.82	724.98
2635.09	704.50
2636.36	555.00
2637.63	856.05
2638.89	655.35
2640.16	843.76
2641.42	663.54
2642.69	790.52
2643.95	669.69
2645.22	720.89
2646.48	655.35
2647.74	745.46
2649.01	749.56
2650.27	667.64
2651.53	739.32
2652.79	737.27
2654.05	688.12
2655.31	675.83
2656.57	759.80
2657.83	583.67
2659.09	792.56
2660.35	811.00
2661.61	671.73
2662.87	653.30
2664.13	681.97
2665.38	638.97
2666.64	854.00
2667.90	620.53
2669.15	675.83
2670.41	722.93
2671.67	684.02
2672.92	737.27
2674.17	747.51
2675.43	724.98
2676.68	724.98
2677.94	657.40
2679.19	698.36
2680.44	593.91
2681.69	716.79
2682.95	563.19
2684.20	659.45
2685.45	782.32
2686.70	614.39
2687.95	729.08
2689.20	655.35
2690.45	749.56
2691.70	724.98
2692.94	921.59
2694.19	614.39
2695.44	616.44
2696.69	722.93
2697.93	520.18
2699.18	692.21
2700.43	712.69
2701.67	845.81
2702.92	743.41
2704.16	661.49
2705.41	618.49
2706.65	638.97
2707.89	690.17
2709.14	628.73
2710.38	714.74
2711.62	647.16
2712.86	524.28
2714.11	700.41
2715.35	829.43
2716.59	659.45
2717.83	821.24
2719.07	712.69
2720.31	684.02
2721.55	661.49
2722.78	800.76
2724.02	743.41
2725.26	796.66
2726.50	579.58
2727.73	696.31
2728.97	739.32
2730.21	722.93
2731.44	770.04
2732.68	784.37
2733.91	618.49
2735.15	681.97
2736.38	733.17
2737.62	677.88
2738.85	647.16
2740.08	600.05
2741.32	714.74
2742.55	616.44
2743.78	745.46
2745.01	796.66
2746.24	741.36
2747.47	595.96
2748.70	763.89
2749.93	690.17
2751.16	585.72
2752.39	749.56
2753.62	747.51
2754.85	671.73
2756.08	667.64
2757.30	767.99
2758.53	884.72
2759.76	579.58
2760.98	751.60
2762.21	722.93
2763.43	817.14
2764.66	741.36
2765.88	823.28
2767.11	552.95
2768.33	825.33
2769.55	620.53
2770.78	704.50
2772.00	616.44
2773.22	782.32
2774.44	806.90
2775.67	759.80
2776.89	593.91
2778.11	641.01
2779.33	565.24
2780.55	778.23
2781.77	753.65
2782.99	655.35
2784.20	794.61
2785.42	989.17
2786.64	819.19
2787.86	659.45
2789.07	845.81
2790.29	767.99
2791.51	798.71
2792.72	737.27
2793.94	813.04
2795.15	821.24
2796.37	727.03
2797.58	634.87
2798.80	698.36
2800.01	731.12
2801.22	626.68
2802.44	667.64
2803.65	677.88
2804.86	669.69
2806.07	645.11
2807.28	524.28
2808.49	604.15
2809.70	806.90
2810.91	610.29
2812.12	770.04
2813.33	864.24
2814.54	696.31
2815.75	817.14
2816.96	757.75
2818.16	688.12
2819.37	735.22
2820.58	675.83
2821.78	579.58
2822.99	675.83
2824.20	591.86
2825.40	550.90
2826.61	813.04
2827.81	653.30
2829.01	722.93
2830.22	593.91
2831.42	718.84
2832.62	651.25
2833.83	600.05
2835.03	704.50
2836.23	661.49
2837.43	714.74
2838.63	634.87
2839.83	598.01
2841.03	708.60
2842.23	569.34
2843.43	675.83
2844.63	569.34
2845.83	710.65
2847.03	641.01
2848.22	659.45
2849.42	532.47
2850.62	569.34
2851.81	745.46
2853.01	655.35
2854.21	573.43
2855.40	563.19
2856.60	595.96
2857.79	632.82
2858.99	638.97
2860.18	565.24
2861.37	675.83
2862.57	724.98
2863.76	739.32
2864.95	577.53
2866.14	591.86
2867.33	552.95
2868.52	727.03
2869.72	587.77
2870.91	634.87
2872.10	747.51
2873.28	638.97
2874.47	641.01
2875.66	636.92
2876.85	714.74
2878.04	813.04
2879.23	737.27
2880.41	602.10
2881.60	643.06
2882.79	626.68
2883.97	589.82
2885.16	559.10
2886.34	593.91
2887.53	749.56
2888.71	626.68
2889.90	718.84
2891.08	669.69
2892.26	620.53
2893.45	724.98
2894.63	649.21
2895.81	548.86
2896.99	610.29
2898.17	540.66
2899.36	622.58
2900.54	612.34
2901.72	669.69
2902.90	655.35
2904.08	622.58
2905.26	655.35
2906.43	600.05
2907.61	593.91
2908.79	712.69
2909.97	720.89
2911.14	735.22
2912.32	727.03
2913.50	675.83
2914.67	700.41
2915.85	755.70
2917.02	673.78
2918.20	729.08
2919.37	790.52
2920.55	657.40
2921.72	835.57
2922.90	841.72
2924.07	925.68
2925.24	767.99
2926.41	784.37
2927.58	774.13
2928.76	757.75
2929.93	774.13
2931.10	856.05
2932.27	718.84
2933.44	833.52
2934.61	847.86
2935.78	905.20
2936.95	727.03
2938.11	825.33
2939.28	747.51
2940.45	817.14
2941.62	813.04
2942.78	974.83
2943.95	864.24
2945.12	933.87
2946.28	888.82
2947.45	858.10
2948.61	931.83
2949.78	892.91
2950.94	811.00
2952.10	1038.32
2953.27	964.59
2954.43	894.96
2955.59	800.76
2956.76	782.32
2957.92	749.56
2959.08	913.39
2960.24	780.28
2961.40	614.39
2962.56	739.32
2963.72	845.81
2964.88	784.37
2966.04	845.81
2967.20	634.87
2968.36	778.23
2969.52	649.21
2970.67	741.36
2971.83	749.56
2972.99	634.87
2974.14	806.90
2975.30	671.73
2976.46	843.76
2977.61	655.35
2978.77	763.89
2979.92	761.84
2981.08	665.59
2982.23	688.12
2983.38	825.33
2984.54	737.27
2985.69	878.58
2986.84	661.49
2987.99	872.43
2989.15	749.56
2990.30	710.65
2991.45	608.25
2992.60	657.40
2993.75	598.01
2994.90	655.35
2996.05	868.34
2997.20	847.86
2998.35	751.60
2999.49	722.93
3000.64	634.87
3001.79	839.67
3002.94	868.34
3004.08	851.95
3005.23	811.00
3006.38	643.06
3007.52	821.24
3008.67	747.51
3009.81	696.31
3010.96	688.12
3012.10	976.88
3013.25	907.25
3014.39	989.17
3015.53	802.80
3016.67	874.48
3017.82	1003.50
3018.96	948.21
3020.10	1060.85
3021.24	815.09
3022.38	1034.22
3023.52	1187.82
3024.66	1066.99
3025.80	1095.66
3026.94	1191.92
3028.08	1234.93
3029.22	1452.01
3030.36	1366.00
3031.50	1529.83
3032.63	1509.35
3033.77	1691.62
3034.91	1853.41
3036.04	1894.37
3037.18	2138.08
3038.32	2203.61
3039.45	2543.58
3040.59	2539.48
3041.72	2848.72
3042.86	3047.38
3043.99	3354.57
3045.12	3489.74
3046.26	3577.80
3047.39	3803.08
3048.52	3786.69
3049.65	3848.13
3050.78	3801.03
3051.92	3889.09
3053.05	3880.90
3054.18	3868.61
3055.31	4034.50
3056.44	3919.81
3057.57	3821.51
3058.70	3715.02
3059.82	3565.51
3060.95	3704.78
3062.08	3522.51
3063.21	3448.78
3064.34	3393.48
3065.46	3241.93
3066.59	3086.29
3067.71	2904.02
3068.84	2842.58
3069.97	2498.52
3071.09	2473.95
3072.22	2093.02
3073.34	2154.46
3074.46	2056.16
3075.59	1814.50
3076.71	1650.66
3077.83	1716.20
3078.96	1353.71
3080.08	1378.28
3081.20	1277.93
3082.32	1437.67
3083.44	1228.78
3084.56	1300.46
3085.68	1267.69
3086.80	1384.43
3087.92	1062.90
3089.04	1093.62
3090.16	1136.62
3091.28	1169.39
3092.40	1085.42
3093.51	942.07
3094.63	958.45
3095.75	833.52
3096.87	991.22
3097.98	917.49
3099.10	927.73
3100.21	987.12
3101.33	851.95
3102.44	1116.14
3103.56	788.47
3104.67	847.86
3105.79	774.13
3106.90	796.66
3108.01	735.22
3109.12	770.04
3110.24	843.76
3111.35	761.84
3112.46	737.27
3113.57	800.76
3114.68	739.32
3115.79	753.65
3116.90	679.93
3118.01	946.16
3119.12	739.32
3120.23	632.82
3121.34	675.83
3122.45	712.69
3123.56	716.79
3124.66	610.29
3125.77	618.49
3126.88	722.93
3127.98	567.29
3129.09	702.45
3130.20	552.95
3131.30	587.77
3132.41	593.91
3133.51	667.64
3134.61	616.44
3135.72	796.66
3136.82	645.11
3137.93	645.11
3139.03	665.59
3140.13	765.94
3141.23	589.82
3142.33	716.79
3143.44	505.85
3144.54	585.72
3145.64	542.71
3146.74	589.82
3147.84	583.67
3148.94	477.18
3150.04	421.88
3151.14	716.79
3152.23	669.69
3153.33	540.66
3154.43	595.96
3155.53	751.60
3156.63	610.29
3157.72	579.58
3158.82	536.57
3159.91	675.83
3161.01	602.10
3162.11	507.90
3163.20	522.23
3164.30	626.68
3165.39	495.61
3166.48	514.04
3167.58	548.86
3168.67	577.53
3169.76	804.85
3170.86	602.10
3171.95	571.38
3173.04	624.63
3174.13	450.55
3175.22	602.10
3176.31	555.00
3177.40	638.97
3178.49	659.45
3179.58	452.60
3180.67	583.67
3181.76	475.13
3182.85	503.80
3183.94	593.91
3185.03	610.29
3186.11	565.24
3187.20	634.87
3188.29	534.52
3189.37	448.51
3190.46	661.49
3191.55	434.17
3192.63	602.10
3193.72	557.05
3194.80	567.29
3195.89	405.50
3196.97	425.98
3198.05	581.62
3199.14	503.80
3200.22	376.83
3201.30	507.90
3202.38	518.14
3203.47	481.27
3204.55	503.80
3205.63	370.68
3206.71	536.57
3207.79	466.94
3208.87	518.14
3209.95	557.05
3211.03	690.17
3212.11	438.27
3213.19	477.18
3214.27	425.98
3215.34	442.36
3216.42	475.13
3217.50	563.19
3218.58	571.38
3219.65	477.18
3220.73	509.94
3221.80	458.74
3222.88	557.05
3223.96	509.94
3225.03	403.45
3226.10	403.45
3227.18	575.48
3228.25	468.98
3229.33	606.20
3230.40	456.70
3231.47	514.04
3232.54	393.21
3233.62	479.22
3234.69	501.75
3235.76	503.80
3236.83	511.99
3237.90	462.84
3238.97	450.55
3240.04	473.08
3241.11	366.59
3242.18	538.62
3243.25	565.24
3244.32	591.86
3245.39	557.05
3246.45	454.65
3247.52	569.34
3248.59	489.46
3249.66	475.13
3250.72	491.51
3251.79	462.84
3252.85	468.98
3253.92	507.90
3254.98	477.18
3256.05	393.21
3257.11	479.22
3258.18	421.88
3259.24	368.63
3260.30	428.03
3261.37	608.25
3262.43	458.74
3263.49	444.41
3264.55	497.66
3265.62	528.38
3266.68	509.94
3267.74	430.07
3268.80	460.79
3269.86	497.66
3270.92	493.56
3271.98	501.75
3273.04	499.70
3274.10	530.42
3275.16	499.70
3276.21	389.11
3277.27	382.97
3278.33	399.35
3279.39	557.05
3280.44	411.64
3281.50	309.24
3282.56	376.83
3283.61	430.07
3284.67	540.66
3285.72	520.18
3286.78	499.70
3287.83	430.07
3288.88	389.11
3289.94	598.01
3290.99	509.94
3292.04	411.64
3293.10	485.37
3294.15	497.66
3295.20	540.66
3296.25	708.60
3297.30	423.93
3298.36	382.97
3299.41	442.36
3300.46	434.17
3301.51	417.79
3302.56	499.70
3303.61	509.94
3304.65	405.50
3305.70	555.00
3306.75	391.16
3307.80	434.17
3308.85	335.87
3309.89	536.57
3310.94	479.22
3311.99	366.59
3313.03	458.74
3314.08	366.59
3315.12	495.61
3316.17	550.90
3317.21	450.55
3318.26	475.13
3319.30	454.65
3320.35	405.50
3321.39	387.07
3322.43	493.56
3323.48	483.32
3324.52	567.29
3325.56	364.54
3326.60	534.52
3327.64	362.49
3328.68	499.70
3329.73	378.87
3330.77	362.49
3331.81	389.11
3332.85	511.99
3333.88	481.27
3334.92	374.78
3335.96	389.11
3337.00	458.74
3338.04	477.18
3339.08	428.03
3340.11	417.79
3341.15	591.86
3342.19	483.32
3343.22	450.55
3344.26	368.63
3345.30	477.18
3346.33	321.53
3347.37	509.94
3348.40	397.31
3349.43	448.51
3350.47	587.77
3351.50	413.69
3352.54	354.30
3353.57	387.07
3354.60	468.98
3355.63	489.46
3356.67	428.03
3357.70	430.07
3358.73	477.18
3359.76	602.10
3360.79	440.31
3361.82	456.70
3362.85	399.35
3363.88	497.66
3364.91	509.94
3365.94	563.19
3366.97	296.96
3367.99	346.11
3369.02	477.18
3370.05	573.43
3371.08	385.02
3372.10	352.25
3373.13	520.18
3374.16	509.94
3375.18	559.10
3376.21	473.08
3377.23	446.46
3378.26	409.59
3379.28	432.12
3380.31	432.12
3381.33	483.32
3382.35	471.03
3383.38	405.50
3384.40	374.78
3385.42	342.01
3386.45	319.48
3387.47	516.09
3388.49	415.74
3389.51	610.29
3390.53	364.54
3391.55	430.07
3392.57	370.68
3393.59	323.58
3394.61	415.74
3395.63	339.96
3396.65	460.79
3397.67	350.20
3398.69	364.54
3399.70	364.54
3400.72	526.33
3401.74	421.88
3402.76	378.87
3403.77	503.80
3404.79	546.81
3405.80	415.74
3406.82	423.93
3407.83	403.45
3408.85	489.46
3409.86	405.50
3410.88	471.03
3411.89	325.63
3412.91	514.04
3413.92	299.00
3414.93	378.87
3415.94	520.18
3416.96	409.59
3417.97	462.84
3418.98	430.07
3419.99	514.04
3421.00	337.91
3422.01	317.44
3423.02	387.07
3424.03	364.54
3425.04	362.49
3426.05	405.50
3427.06	411.64
3428.07	423.93
3429.08	387.07
3430.09	454.65
3431.09	428.03
3432.10	358.39
3433.11	391.16
3434.12	415.74
3435.12	487.42
3436.13	483.32
3437.13	501.75
3438.14	397.31
3439.14	307.20
3440.15	442.36
3441.15	380.92
3442.16	499.70
3443.16	464.89
3444.16	360.44
3445.17	387.07
3446.17	475.13
3447.17	464.89
3448.17	323.58
3449.18	495.61
3450.18	546.81
3451.18	518.14
3452.18	471.03
3453.18	417.79
3454.18	368.63
3455.18	350.20
3456.18	317.44
3457.18	419.83
3458.18	403.45
3459.17	462.84
3460.17	290.81
3461.17	411.64
3462.17	466.94
3463.17	509.94
3464.16	372.73
3465.16	405.50
3466.15	491.51
3467.15	309.24
3468.15	286.72
3469.14	595.96
3470.14	368.63
3471.13	399.35
3472.13	329.72
3473.12	417.79
3474.11	333.82
3475.11	327.68
3476.10	555.00
3477.09	362.49
3478.08	243.71
3479.08	497.66
3480.07	333.82
3481.06	532.47
3482.05	397.31
3483.04	546.81
3484.03	440.31
3485.02	391.16
3486.01	534.52
3487.00	380.92
3487.99	477.18
3488.98	333.82
3489.97	434.17
3490.95	419.83
3491.94	397.31
3492.93	387.07
3493.92	256.00
3494.90	532.47
3495.89	438.27
3496.88	454.65
3497.86	356.35
3498.85	325.63
3499.83	497.66
3500.82	342.01
3501.80	354.30
3502.79	448.51
3503.77	450.55
3504.75	430.07
3505.74	280.57
3506.72	444.41
3507.70	413.69
3508.68	350.20
3509.67	425.98
3510.65	460.79
3511.63	346.11
3512.61	376.83
3513.59	348.15
3514.57	415.74
3515.55	489.46
3516.53	309.24
3517.51	354.30
3518.49	368.63
3519.47	432.12
3520.45	313.34
3521.42	356.35
3522.40	385.02
3523.38	321.53
3524.36	464.89
3525.33	245.76
3526.31	358.39
3527.29	274.43
3528.26	393.21
3529.24	260.09
3530.21	491.51
3531.19	382.97
3532.16	366.59
3533.14	325.63
3534.11	432.12
3535.08	382.97
3536.06	397.31
3537.03	354.30
3538.00	370.68
3538.98	276.48
3539.95	428.03
3540.92	544.76
3541.89	319.48
3542.86	276.48
3543.83	325.63
3544.80	395.26
3545.77	329.72
3546.74	366.59
3547.71	260.09
3548.68	337.91
3549.65	511.99
3550.62	376.83
3551.59	348.15
3552.56	442.36
3553.52	366.59
3554.49	272.38
3555.46	395.26
3556.42	348.15
3557.39	366.59
3558.36	362.49
3559.32	419.83
3560.29	301.05
3561.25	321.53
3562.22	339.96
3563.18	313.34
3564.15	374.78
3565.11	274.43
3566.07	364.54
3567.04	370.68
3568.00	315.39
3568.96	380.92
3569.92	395.26
3570.89	442.36
3571.85	301.05
3572.81	409.59
3573.77	292.86
3574.73	344.06
3575.69	323.58
3576.65	305.15
3577.61	364.54
3578.57	294.91
3579.53	333.82
3580.49	200.70
3581.45	309.24
3582.40	274.43
3583.36	333.82
3584.32	317.44
3585.28	178.17
3586.23	186.37
3587.19	329.72
3588.15	270.33
3589.10	327.67
3590.06	434.17
3591.01	385.02
3591.97	251.90
3592.92	413.69
3593.88	339.96
3594.83	292.86
3595.78	327.68
3596.74	333.82
3597.69	364.54
3598.64	323.58
3599.60	278.52
3600.55	206.84
3601.50	344.06
3602.45	196.61
3603.40	321.53
3604.35	172.03
3605.31	337.91
3606.26	294.91
3607.21	331.77
3608.16	374.78
3609.10	516.09
3610.05	350.20
3611.00	284.67
3611.95	217.08
3612.90	354.30
3613.85	391.16
3614.79	450.55
3615.74	333.82
3616.69	425.98
3617.63	282.62
3618.58	169.98
3619.53	378.87
3620.47	362.49
3621.42	247.80
3622.36	311.29
3623.31	122.88
3624.25	364.54
3625.20	305.15
3626.14	278.52
3627.08	278.52
3628.03	352.25
3628.97	313.34
3629.91	307.20
3630.85	325.63
3631.80	245.76
3632.74	200.70
3633.68	303.10
3634.62	335.87
3635.56	323.58
3636.50	419.83
3637.44	180.22
3638.38	428.03
3639.32	256.00
3640.26	352.25
3641.20	292.86
3642.14	403.45
3643.08	296.96
3644.01	366.59
3644.95	399.35
3645.89	172.03
3646.83	342.01
3647.76	450.55
3648.70	321.53
3649.63	454.65
3650.57	274.43
3651.51	370.68
3652.44	327.67
3653.38	270.33
3654.31	251.90
3655.24	219.13
3656.18	198.65
3657.11	235.52
3658.05	192.51
3658.98	335.87
3659.91	284.67
3660.84	329.72
3661.78	274.43
3662.71	208.89
3663.64	227.32
3664.57	272.38
3665.50	385.02
3666.43	262.14
3667.36	296.96
3668.29	286.72
3669.22	215.04
3670.15	374.78
3671.08	327.68
3672.01	307.20
3672.94	256.00
3673.86	294.91
3674.79	307.20
3675.72	395.26
3676.65	385.02
3677.57	350.20
3678.50	362.49
3679.43	329.72
3680.35	335.87
3681.28	321.53
3682.20	311.29
3683.13	311.29
3684.05	258.04
3684.98	382.97
3685.90	253.95
3686.83	360.44
3687.75	354.30
3688.67	385.02
3689.60	356.35
3690.52	409.59
3691.44	243.71
3692.36	282.62
3693.28	270.33
3694.21	350.20
3695.13	376.83
3696.05	215.04
3696.97	337.91
3697.89	264.19
3698.81	315.39
3699.73	264.19
3700.65	309.24
3701.57	346.11
3702.48	264.19
3703.40	438.27
3704.32	333.82
3705.24	282.62
3706.16	317.44
3707.07	378.87
3707.99	233.47
3708.91	292.86
3709.82	315.39
3710.74	280.57
3711.66	292.86
3712.57	333.82
3713.49	296.96
3714.40	264.19
3715.31	288.76
3716.23	241.66
3717.14	243.71
3718.06	225.28
3718.97	296.96
3719.88	233.47
3720.80	323.58
3721.71	847.86
3722.62	280.57
3723.53	256.00
3724.44	260.09
3725.35	204.80
3726.26	311.29
3727.18	315.39
3728.09	321.53
3729.00	301.05
3729.91	401.40
3730.81	219.13
3731.72	319.48
3732.63	229.37
3733.54	358.39
3734.45	337.91
3735.36	317.44
3736.26	274.43
3737.17	327.68
3738.08	301.05
3738.99	342.01
3739.89	294.91
3740.80	284.67
3741.70	368.63
3742.61	284.67
3743.51	235.52
3744.42	309.24
3745.32	454.65
3746.23	247.80
3747.13	335.87
3748.04	301.05
3748.94	339.96
3749.84	354.30
3750.74	235.52
3751.65	331.77
3752.55	301.05
3753.45	215.04
3754.35	307.20
3755.25	344.06
3756.16	241.66
3757.06	348.15
3757.96	303.10
3758.86	317.44
3759.76	303.10
3760.66	296.96
3761.55	270.33
3762.45	235.52
3763.35	315.39
3764.25	264.19
3765.15	258.04
3766.05	258.04
3766.94	258.04
3767.84	425.98
3768.74	110.59
3769.63	387.07
3770.53	299.00
3771.43	307.20
3772.32	227.32
3773.22	245.76
3774.11	256.00
3775.01	278.52
3775.90	212.99
3776.80	315.39
3777.69	94.21
3778.58	253.95
3779.48	274.43
3780.37	241.66
3781.26	323.58
3782.16	149.50
3783.05	194.56
3783.94	235.52
3784.83	344.06
3785.72	315.39
3786.61	311.29
3787.50	210.94
3788.39	200.70
3789.28	327.68
3790.17	264.19
3791.06	266.24
3791.95	294.91
3792.84	299.00
3793.73	342.01
3794.62	374.78
3795.51	231.42
3796.39	387.07
3797.28	280.57
3798.17	245.76
3799.06	233.47
3799.94	366.59
3800.83	346.11
3801.71	239.61
3802.60	217.08
3803.48	141.31
3804.37	184.32
3805.25	139.26
3806.14	272.38
3807.02	258.04
3807.91	208.89
3808.79	307.20
3809.67	370.68
3810.56	348.15
3811.44	317.44
3812.32	303.10
3813.20	247.80
3814.09	286.72
3814.97	196.61
3815.85	311.29
3816.73	372.73
3817.61	268.28
3818.49	258.04
3819.37	288.76
3820.25	286.72
3821.13	186.37
3822.01	296.96
3822.89	321.53
3823.77	268.28
3824.65	286.72
3825.52	286.72
3826.40	167.93
3827.28	151.55
3828.16	311.29
3829.03	212.99
3829.91	358.39
3830.79	110.59
3831.66	149.50
3832.54	231.42
3833.41	249.85
3834.29	325.63
3835.16	190.46
3836.04	194.56
3836.91	159.74
3837.79	368.63
3838.66	200.70
3839.53	139.26
3840.41	284.67
3841.28	225.28
3842.15	278.52
3843.02	389.11
3843.90	221.18
3844.77	253.95
3845.64	382.97
3846.51	278.52
3847.38	114.69
3848.25	237.56
3849.12	233.47
3849.99	364.54
3850.86	210.94
3851.73	169.98
3852.60	98.30
3853.47	323.58
3854.34	272.38
3855.21	286.72
3856.07	227.32
3856.94	186.37
3857.81	303.10
3858.68	196.61
3859.54	243.71
3860.41	329.72
3861.28	333.82
3862.14	303.10
3863.01	233.47
3863.87	245.76
3864.74	231.42
3865.60	159.74
3866.47	282.62
3867.33	317.44
3868.19	155.65
3869.06	206.84
3869.92	102.40
3870.78	247.80
3871.65	311.29
3872.51	296.96
3873.37	129.02
3874.23	321.53
3875.10	223.23
3875.96	280.57
3876.82	325.63
3877.68	202.75
3878.54	227.32
3879.40	286.72
3880.26	210.94
3881.12	272.38
3881.98	288.76
3882.84	192.51
3883.70	200.70
3884.55	253.95
3885.41	239.61
3886.27	143.36
3887.13	280.57
3887.99	274.43
3888.84	194.56
3889.70	239.61
3890.56	286.72
3891.41	309.24
3892.27	186.37
3893.12	247.80
3893.98	280.57
3894.83	188.41
3895.69	256.00
3896.54	139.26
3897.40	167.93
3898.25	151.55
3899.11	342.01
3899.96	159.74
3900.81	337.91
3901.66	208.89
3902.52	225.28
3903.37	182.27
3904.22	278.52
3905.07	256.00
3905.92	118.78
3906.78	227.32
3907.63	129.02
