-2184.52	22.53
-2181.51	22.53
-2178.50	22.53
-2175.49	4.10
-2172.49	-71.68
-2169.48	-18.43
-2166.48	-92.16
-2163.48	34.82
-2160.47	-65.53
-2157.47	-47.10
-2154.47	49.15
-2151.48	32.77
-2148.48	-12.29
-2145.49	120.83
-2142.49	32.77
-2139.50	-40.96
-2136.51	14.34
-2133.52	-30.72
-2130.53	286.72
-2127.54	475.13
-2124.55	550.90
-2121.57	462.84
-2118.58	380.92
-2115.60	438.27
-2112.62	438.27
-2109.64	442.36
-2106.66	520.18
-2103.68	653.30
-2100.70	403.45
-2097.73	477.18
-2094.75	655.35
-2091.78	534.52
-2088.81	544.76
-2085.83	536.57
-2082.86	452.60
-2079.90	415.74
-2076.93	368.63
-2073.96	544.76
-2071.00	497.66
-2068.03	444.41
-2065.07	544.76
-2062.11	507.90
-2059.15	417.79
-2056.19	489.46
-2053.23	415.74
-2050.27	337.91
-2047.32	573.43
-2044.36	436.22
-2041.41	376.83
-2038.46	397.31
-2035.51	421.88
-2032.56	421.88
-2029.61	256.00
-2026.66	454.65
-2023.72	522.23
-2020.77	411.64
-2017.83	534.52
-2014.88	491.51
-2011.94	399.35
-2009.00	477.18
-2006.06	368.63
-2003.13	378.87
-2000.19	385.02
-1997.25	374.78
-1994.32	497.66
-1991.39	362.49
-1988.45	614.39
-1985.52	561.14
-1982.59	557.05
-1979.67	526.33
-1976.74	468.98
-1973.81	425.98
-1970.89	608.25
-1967.96	511.99
-1965.04	516.09
-1962.12	550.90
-1959.20	634.87
-1956.28	442.36
-1953.36	583.67
-1950.45	485.37
-1947.53	454.65
-1944.62	397.31
-1941.70	522.23
-1938.79	399.35
-1935.88	462.84
-1932.97	464.89
-1930.06	401.40
-1927.15	509.94
-1924.25	452.60
-1921.34	464.89
-1918.44	458.75
-1915.54	544.76
-1912.63	364.54
-1909.73	450.55
-1906.83	405.50
-1903.94	471.03
-1901.04	462.84
-1898.14	528.38
-1895.25	405.50
-1892.36	358.39
-1889.46	346.11
-1886.57	413.69
-1883.68	493.56
-1880.79	428.03
-1877.91	473.08
-1875.02	442.36
-1872.13	354.30
-1869.25	559.10
-1866.37	354.30
-1863.48	462.84
-1860.60	407.55
-1857.72	378.87
-1854.84	479.22
-1851.97	481.27
-1849.09	552.95
-1846.22	468.98
-1843.34	378.87
-1840.47	407.55
-1837.60	499.70
-1834.73	423.93
-1831.86	530.42
-1828.99	530.42
-1826.12	401.40
-1823.26	430.07
-1820.39	522.23
-1817.53	573.43
-1814.67	663.54
-1811.80	462.84
-1808.94	436.22
-1806.08	372.73
-1803.23	497.66
-1800.37	489.46
-1797.51	366.59
-1794.66	282.62
-1791.81	489.46
-1788.95	595.96
-1786.10	378.87
-1783.25	382.97
-1780.40	421.88
-1777.56	491.51
-1774.71	522.23
-1771.86	501.75
-1769.02	511.99
-1766.18	495.61
-1763.33	485.37
-1760.49	417.79
-1757.65	552.95
-1754.81	499.70
-1751.98	407.55
-1749.14	520.18
-1746.30	632.82
-1743.47	423.93
-1740.64	622.58
-1737.81	542.71
-1734.97	516.09
-1732.14	477.18
-1729.32	497.66
-1726.49	380.92
-1723.66	540.66
-1720.84	395.26
-1718.01	362.49
-1715.19	509.94
-1712.37	385.02
-1709.55	452.60
-1706.73	333.82
-1703.91	575.48
-1701.09	477.18
-1698.27	587.77
-1695.46	333.82
-1692.65	407.55
-1689.83	565.24
-1687.02	532.47
-1684.21	565.24
-1681.40	417.79
-1678.59	452.60
-1675.78	473.08
-1672.98	532.47
-1670.17	706.55
-1667.37	385.02
-1664.56	511.99
-1661.76	417.79
-1658.96	382.97
-1656.16	614.39
-1653.36	468.98
-1650.57	561.14
-1647.77	528.38
-1644.97	540.66
-1642.18	460.79
-1639.39	438.27
-1636.60	356.35
-1633.80	403.45
-1631.01	454.65
-1628.23	473.08
-1625.44	385.02
-1622.65	524.28
-1619.87	299.00
-1617.08	610.29
-1614.30	479.22
-1611.52	526.33
-1608.74	368.63
-1605.96	514.04
-1603.18	538.62
-1600.40	444.41
-1597.62	430.07
-1594.85	364.54
-1592.07	473.08
-1589.30	397.31
-1586.53	376.83
-1583.76	446.46
-1580.99	342.01
-1578.22	358.39
-1575.45	489.46
-1572.68	364.54
-1569.92	503.80
-1567.15	428.03
-1564.39	245.76
-1561.63	718.84
-1558.86	432.12
-1556.10	374.78
-1553.34	366.59
-1550.59	446.46
-1547.83	593.91
-1545.07	581.62
-1542.32	432.12
-1539.56	440.31
-1536.81	550.90
-1534.06	546.81
-1531.31	354.30
-1528.56	612.34
-1525.81	487.42
-1523.06	565.24
-1520.32	724.98
-1517.57	454.65
-1514.83	309.24
-1512.09	446.46
-1509.34	458.74
-1506.60	505.85
-1503.86	382.97
-1501.12	442.36
-1498.39	385.02
-1495.65	342.01
-1492.91	430.07
-1490.18	350.20
-1487.45	446.46
-1484.71	544.76
-1481.98	366.59
-1479.25	352.25
-1476.52	473.08
-1473.80	509.94
-1471.07	452.60
-1468.34	571.38
-1465.62	428.03
-1462.89	348.15
-1460.17	401.40
-1457.45	489.46
-1454.73	528.38
-1452.01	598.01
-1449.29	473.08
-1446.57	286.72
-1443.86	405.50
-1441.14	432.12
-1438.43	460.79
-1435.71	387.07
-1433.00	411.64
-1430.29	374.78
-1427.58	516.09
-1424.87	534.52
-1422.16	428.03
-1419.46	423.93
-1416.75	468.98
-1414.05	337.91
-1411.34	309.24
-1408.64	491.51
-1405.94	409.59
-1403.24	425.98
-1400.54	329.72
-1397.84	483.32
-1395.14	448.51
-1392.45	430.07
-1389.75	661.49
-1387.06	534.52
-1384.36	282.62
-1381.67	522.23
-1378.98	475.13
-1376.29	489.46
-1373.60	546.81
-1370.91	444.41
-1368.23	567.29
-1365.54	464.89
-1362.86	524.28
-1360.17	452.60
-1357.49	581.62
-1354.81	440.31
-1352.13	342.01
-1349.45	493.56
-1346.77	423.93
-1344.09	460.79
-1341.42	559.10
-1338.74	419.83
-1336.07	522.23
-1333.39	368.63
-1330.72	405.50
-1328.05	493.56
-1325.38	442.36
-1322.71	411.64
-1320.04	358.39
-1317.37	438.27
-1314.71	278.52
-1312.04	514.04
-1309.38	380.92
-1306.72	352.25
-1304.05	591.86
-1301.39	555.00
-1298.73	405.50
-1296.08	444.41
-1293.42	415.74
-1290.76	511.99
-1288.10	514.04
-1285.45	360.44
-1282.80	337.91
-1280.14	538.62
-1277.49	438.27
-1274.84	364.54
-1272.19	503.80
-1269.54	464.89
-1266.90	407.55
-1264.25	550.90
-1261.60	462.84
-1258.96	446.46
-1256.32	415.74
-1253.67	425.98
-1251.03	372.73
-1248.39	395.26
-1245.75	477.18
-1243.11	557.05
-1240.48	335.87
-1237.84	569.34
-1235.20	516.09
-1232.57	444.41
-1229.94	454.65
-1227.31	372.73
-1224.67	311.29
-1222.04	317.44
-1219.41	409.59
-1216.79	413.69
-1214.16	489.46
-1211.53	475.13
-1208.91	438.27
-1206.28	428.03
-1203.66	542.71
-1201.04	391.16
-1198.42	389.11
-1195.80	432.12
-1193.18	546.81
-1190.56	385.02
-1187.94	452.60
-1185.33	456.70
-1182.71	481.27
-1180.10	415.74
-1177.49	417.79
-1174.87	372.73
-1172.26	342.01
-1169.65	466.94
-1167.04	471.03
-1164.44	475.13
-1161.83	436.22
-1159.22	458.75
-1156.62	473.08
-1154.01	450.55
-1151.41	487.42
-1148.81	481.27
-1146.21	417.79
-1143.61	464.89
-1141.01	403.45
-1138.41	368.63
-1135.81	407.55
-1133.22	372.73
-1130.62	272.38
-1128.03	477.18
-1125.44	444.41
-1122.84	352.25
-1120.25	436.22
-1117.66	342.01
-1115.07	555.00
-1112.49	311.29
-1109.90	479.22
-1107.31	405.50
-1104.73	372.73
-1102.14	448.51
-1099.56	366.59
-1096.98	362.49
-1094.40	296.96
-1091.82	497.66
-1089.24	391.16
-1086.66	315.39
-1084.08	434.17
-1081.51	452.60
-1078.93	436.22
-1076.36	309.24
-1073.79	399.35
-1071.21	360.44
-1068.64	415.74
-1066.07	458.74
-1063.50	550.90
-1060.93	524.28
-1058.37	501.75
-1055.80	409.59
-1053.24	491.51
-1050.67	311.29
-1048.11	514.04
-1045.55	475.13
-1042.99	413.69
-1040.42	391.16
-1037.87	290.81
-1035.31	489.46
-1032.75	464.89
-1030.19	352.25
-1027.64	327.68
-1025.08	497.66
-1022.53	366.59
-1019.98	460.79
-1017.43	366.59
-1014.88	339.96
-1012.33	489.46
-1009.78	421.88
-1007.23	471.03
-1004.68	301.05
-1002.14	393.21
-999.59	325.63
-997.05	296.96
-994.51	333.82
-991.96	323.58
-989.42	434.17
-986.88	425.98
-984.34	546.81
-981.81	432.12
-979.27	237.56
-976.73	368.63
-974.20	411.64
-971.66	378.87
-969.13	389.11
-966.60	301.05
-964.07	473.08
-961.54	485.37
-959.01	555.00
-956.48	444.41
-953.95	559.10
-951.43	301.05
-948.90	493.56
-946.38	438.27
-943.85	483.32
-941.33	366.59
-938.81	413.69
-936.29	438.27
-933.77	382.97
-931.25	477.18
-928.73	378.87
-926.22	419.83
-923.70	374.78
-921.19	532.47
-918.67	456.70
-916.16	493.56
-913.65	536.57
-911.14	401.40
-908.63	305.15
-906.12	266.24
-903.61	573.43
-901.10	325.63
-898.59	303.10
-896.09	198.65
-893.59	403.45
-891.08	315.39
-888.58	346.11
-886.08	243.71
-883.58	249.85
-881.08	503.80
-878.58	397.31
-876.08	282.62
-873.58	292.86
-871.09	331.77
-868.59	354.30
-866.10	395.26
-863.61	407.55
-861.12	425.98
-858.62	309.24
-856.13	419.83
-853.64	327.67
-851.16	540.66
-848.67	366.59
-846.18	497.66
-843.70	395.26
-841.21	421.88
-838.73	382.97
-836.25	401.40
-833.77	405.50
-831.28	284.67
-828.81	585.72
-826.33	489.46
-823.85	401.40
-821.37	450.55
-818.90	352.25
-816.42	370.68
-813.95	460.79
-811.47	454.65
-809.00	411.64
-806.53	331.77
-804.06	423.93
-801.59	550.90
-799.12	509.94
-796.65	544.76
-794.19	520.18
-791.72	544.76
-789.26	489.46
-786.79	501.75
-784.33	444.41
-781.87	608.25
-779.41	491.51
-776.95	555.00
-774.49	501.75
-772.03	514.04
-769.57	491.51
-767.12	399.35
-764.66	454.65
-762.21	411.64
-759.75	436.22
-757.30	411.64
-754.85	579.58
-752.40	325.63
-749.95	417.79
-747.50	466.94
-745.05	473.08
-742.60	497.66
-740.16	413.69
-737.71	454.65
-735.27	346.11
-732.82	516.09
-730.38	497.66
-727.94	382.97
-725.50	276.48
-723.06	368.63
-720.62	544.76
-718.18	401.40
-715.74	430.07
-713.31	331.77
-710.87	544.76
-708.44	475.13
-706.01	395.26
-703.57	409.59
-701.14	413.69
-698.71	360.44
-696.28	366.59
-693.85	550.90
-691.42	395.26
-689.00	448.51
-686.57	356.35
-684.15	342.01
-681.72	464.89
-679.30	452.60
-676.88	376.83
-674.45	395.26
-672.03	524.28
-669.61	337.91
-667.20	385.02
-664.78	452.60
-662.36	425.98
-659.94	450.55
-657.53	511.99
-655.12	397.31
-652.70	460.79
-650.29	497.66
-647.88	475.13
-645.47	413.69
-643.06	411.64
-640.65	518.14
-638.24	468.98
-635.83	391.16
-633.43	339.96
-631.02	313.34
-628.62	329.72
-626.22	235.52
-623.81	403.45
-621.41	266.24
-619.01	430.07
-616.61	389.11
-614.21	356.35
-611.81	333.82
-609.42	411.64
-607.02	436.22
-604.63	462.84
-602.23	458.74
-599.84	405.50
-597.45	403.45
-595.05	526.33
-592.66	532.47
-590.27	579.58
-587.88	374.78
-585.50	387.07
-583.11	446.46
-580.72	397.31
-578.34	538.62
-575.95	425.98
-573.57	481.27
-571.19	460.79
-568.80	462.84
-566.42	387.07
-564.04	409.59
-561.66	411.64
-559.29	376.83
-556.91	329.72
-554.53	358.39
-552.16	522.23
-549.78	503.80
-547.41	303.10
-545.03	409.59
-542.66	468.98
-540.29	462.84
-537.92	421.88
-535.55	378.87
-533.18	395.26
-530.81	448.51
-528.45	272.38
-526.08	430.07
-523.72	376.83
-521.35	337.91
-518.99	520.18
-516.63	434.17
-514.27	432.12
-511.90	374.78
-509.54	385.02
-507.19	462.84
-504.83	249.85
-502.47	446.46
-500.11	511.99
-497.76	323.58
-495.40	395.26
-493.05	616.44
-490.70	399.35
-488.35	423.93
-486.00	401.40
-483.65	405.50
-481.30	483.32
-478.95	511.99
-476.60	534.52
-474.25	475.13
-471.91	505.85
-469.56	456.70
-467.22	397.31
-464.88	536.57
-462.53	413.69
-460.19	481.27
-457.85	401.40
-455.51	606.20
-453.17	421.88
-450.84	434.17
-448.50	573.43
-446.16	511.99
-443.83	425.98
-441.49	415.74
-439.16	374.78
-436.83	511.99
-434.50	419.83
-432.16	466.94
-429.83	475.13
-427.50	540.66
-425.18	337.91
-422.85	593.91
-420.52	348.15
-418.20	376.83
-415.87	323.58
-413.55	350.20
-411.22	544.76
-408.90	479.22
-406.58	339.96
-404.26	358.39
-401.94	264.19
-399.62	442.36
-397.30	274.43
-394.99	192.51
-392.67	342.01
-390.35	327.68
-388.04	391.16
-385.73	460.79
-383.41	393.21
-381.10	415.74
-378.79	399.35
-376.48	405.50
-374.17	378.87
-371.86	366.59
-369.55	315.39
-367.25	272.38
-364.94	477.18
-362.64	389.11
-360.33	399.35
-358.03	489.46
-355.73	409.59
-353.42	389.11
-351.12	489.46
-348.82	440.31
-346.52	280.57
-344.23	397.31
-341.93	468.98
-339.63	473.08
-337.34	268.28
-335.04	538.62
-332.75	432.12
-330.45	458.75
-328.16	511.99
-325.87	284.67
-323.58	540.66
-321.29	501.75
-319.00	405.50
-316.71	460.79
-314.42	438.27
-312.14	425.98
-309.85	278.52
-307.57	401.40
-305.28	245.76
-303.00	321.53
-300.72	505.85
-298.44	376.83
-296.16	520.18
-293.88	327.67
-291.60	258.04
-289.32	489.46
-287.04	327.67
-284.77	440.31
-282.49	446.46
-280.22	432.12
-277.94	266.24
-275.67	366.59
-273.40	475.13
-271.13	542.71
-268.85	272.38
-266.59	409.59
-264.32	391.16
-262.05	290.81
-259.78	516.09
-257.51	356.35
-255.25	382.97
-252.98	331.77
-250.72	387.07
-248.46	514.04
-246.20	266.24
-243.93	184.32
-241.67	493.56
-239.41	393.21
-237.16	569.34
-234.90	485.37
-232.64	374.78
-230.38	395.26
-228.13	286.72
-225.87	256.00
-223.62	417.79
-221.37	399.35
-219.11	419.83
-216.86	380.92
-214.61	393.21
-212.36	356.35
-210.11	374.78
-207.87	370.68
-205.62	462.84
-203.37	296.96
-201.13	350.20
-198.88	415.74
-196.64	256.00
-194.39	407.55
-192.15	421.88
-189.91	466.94
-187.67	462.84
-185.43	413.69
-183.19	274.43
-180.95	274.43
-178.72	516.09
-176.48	532.47
-174.24	425.98
-172.01	333.82
-169.77	503.80
-167.54	448.51
-165.31	368.63
-163.08	327.68
-160.85	366.59
-158.62	468.98
-156.39	419.83
-154.16	411.64
-151.93	278.52
-149.70	337.91
-147.48	366.59
-145.25	260.09
-143.03	311.29
-140.81	342.01
-138.58	331.77
-136.36	419.83
-134.14	389.11
-131.92	446.46
-129.70	305.15
-127.48	511.99
-125.26	342.01
-123.05	387.07
-120.83	346.11
-118.62	374.78
-116.40	362.49
-114.19	356.35
-111.97	133.12
-109.76	438.27
-107.55	260.09
-105.34	292.86
-103.13	362.49
-100.92	403.45
-98.71	458.75
-96.51	382.97
-94.30	423.93
-92.09	378.87
-89.89	489.46
-87.69	309.24
-85.48	557.05
-83.28	315.39
-81.08	299.00
-78.88	495.61
-76.68	452.60
-74.48	348.15
-72.28	540.66
-70.08	342.01
-67.88	321.53
-65.69	432.12
-63.49	399.35
-61.30	346.11
-59.11	395.26
-56.91	280.57
-54.72	493.56
-52.53	432.12
-50.34	399.35
-48.15	466.94
-45.96	356.35
-43.77	372.73
-41.59	493.56
-39.40	421.88
-37.21	516.09
-35.03	389.11
-32.84	432.12
-30.66	532.47
-28.48	468.98
-26.30	411.64
-24.12	593.91
-21.94	415.74
-19.76	528.38
-17.58	804.85
-15.40	1251.31
-13.22	1712.10
-11.05	2586.58
-8.87	3110.86
-6.70	3502.03
-4.52	4081.60
-2.35	3942.34
-0.18	4122.56
1.99	4071.36
4.16	4161.47
6.33	3565.51
8.50	2824.15
10.67	2394.08
12.84	2043.87
15.00	1767.40
17.17	1484.78
19.33	1232.88
21.50	1122.29
23.66	958.45
25.83	698.36
27.99	497.66
30.15	497.66
32.31	462.84
34.47	473.08
36.63	481.27
38.79	395.26
40.94	333.82
43.10	364.54
45.25	432.12
47.41	483.32
49.56	522.23
51.72	378.87
53.87	430.07
56.02	462.84
58.17	446.46
60.32	335.87
62.47	389.11
64.62	448.51
66.77	425.98
68.92	409.59
71.06	477.18
73.21	444.41
75.35	475.13
77.50	460.79
79.64	448.51
81.78	307.20
83.92	307.20
86.06	491.51
88.20	333.82
90.34	413.69
92.48	370.68
94.62	356.35
96.76	473.08
98.89	358.39
101.03	417.79
103.16	428.03
105.30	452.60
107.43	358.39
109.56	389.11
111.69	491.51
113.82	555.00
115.95	552.95
118.08	436.22
120.21	344.06
122.34	1042.42
124.47	432.12
126.59	497.66
128.72	438.27
130.84	319.48
132.97	430.07
135.09	389.11
137.21	493.56
139.33	397.31
141.45	409.59
143.57	532.47
145.69	331.77
147.81	526.33
149.93	485.37
152.05	602.10
154.16	575.48
156.28	546.81
158.39	591.86
160.51	598.01
162.62	659.45
164.73	430.07
166.85	669.69
168.96	636.92
171.07	622.58
173.18	540.66
175.28	882.67
177.39	684.02
179.50	815.09
181.61	831.48
183.71	903.15
185.82	993.26
187.92	1081.33
190.02	1382.38
192.13	1409.00
194.23	1814.50
196.33	2220.00
198.43	2662.36
200.53	3504.07
202.63	4392.89
204.72	5439.41
206.82	6555.55
208.92	8302.47
211.01	9295.73
213.11	11011.93
215.20	11274.07
217.30	11933.51
219.39	11419.47
221.48	11525.97
223.57	10694.49
225.66	9906.02
227.75	8783.74
229.84	7798.66
231.93	6987.67
234.02	5789.61
236.10	5107.63
238.19	4540.35
240.28	3815.37
242.36	3186.64
244.44	2791.38
246.53	2471.90
248.61	2273.25
250.69	2023.39
252.77	1804.26
254.85	1667.05
256.93	1527.78
259.01	1566.70
261.09	1329.13
263.16	1249.26
265.24	1345.52
267.32	1341.42
269.39	1376.23
271.46	1306.60
273.54	1339.37
275.61	1361.90
277.68	1308.65
279.75	1372.14
281.82	1619.94
283.89	1697.77
285.96	1791.97
288.03	1910.75
290.10	2285.53
292.16	2619.35
294.23	3254.22
296.29	3964.87
298.36	4945.84
300.42	6193.06
302.49	7569.29
304.55	9240.44
306.61	10901.34
308.67	12126.02
310.73	12812.09
312.79	13428.53
314.85	13389.62
316.90	13393.72
318.96	12279.62
321.02	11435.86
323.07	9920.36
325.13	8836.99
327.18	7378.83
329.24	6344.61
331.29	5318.57
333.34	4392.89
335.39	3661.77
337.44	3430.35
339.49	2545.63
341.54	2144.22
343.59	1902.56
345.64	1482.73
347.68	1431.53
349.73	1165.29
351.77	1220.59
353.82	1032.18
355.86	927.73
357.90	837.62
359.95	837.62
361.99	833.52
364.03	714.74
366.07	657.40
368.11	692.21
370.15	724.98
372.19	575.48
374.22	684.02
376.26	481.27
378.29	610.29
380.33	561.14
382.36	565.24
384.40	581.62
386.43	475.13
388.46	694.26
390.49	460.79
392.52	536.57
394.55	514.04
396.58	577.53
398.61	583.67
400.64	481.27
402.67	503.80
404.69	587.77
406.72	630.77
408.74	630.77
410.77	612.34
412.79	581.62
414.81	612.34
416.84	571.38
418.86	577.53
420.88	739.32
422.90	505.85
424.92	559.10
426.94	587.77
428.95	493.56
430.97	577.53
432.99	604.15
435.00	696.31
437.02	724.98
439.03	870.39
441.04	714.74
443.06	743.41
445.07	870.39
447.08	1013.74
449.09	1056.75
451.10	1243.12
453.11	1181.68
455.12	1458.15
457.13	1224.69
459.13	1462.25
461.14	1456.11
463.14	1466.35
465.15	1101.81
467.15	1236.97
469.16	1185.77
471.16	983.02
473.16	1210.35
475.16	937.97
477.16	761.84
479.16	858.10
481.16	823.28
483.16	849.91
485.16	749.56
487.15	702.45
489.15	681.97
491.15	573.43
493.14	493.56
495.14	698.36
497.13	497.66
499.12	561.14
501.11	483.32
503.11	563.19
505.10	540.66
507.09	526.33
509.07	649.21
511.06	550.90
513.05	413.69
515.04	526.33
517.02	540.66
519.01	403.45
521.00	489.46
522.98	569.34
524.96	507.90
526.95	614.39
528.93	471.03
530.91	489.46
532.89	503.80
534.87	546.81
536.85	401.40
538.83	503.80
540.81	446.46
542.78	436.22
544.76	595.96
546.74	360.44
548.71	403.45
550.69	514.04
552.66	540.66
554.63	534.52
556.60	499.70
558.58	489.46
560.55	534.52
562.52	499.70
564.49	565.24
566.46	641.01
568.42	507.90
570.39	536.57
572.36	505.85
574.32	487.42
576.29	362.49
578.25	454.65
580.22	466.94
582.18	436.22
584.14	397.31
586.11	405.50
588.07	491.51
590.03	546.81
591.99	532.47
593.95	444.41
595.90	628.73
597.86	559.10
599.82	628.73
601.78	442.36
603.73	579.58
605.69	499.70
607.64	438.27
609.59	479.22
611.55	448.51
613.50	403.45
615.45	573.43
617.40	561.14
619.35	516.09
621.30	536.57
623.25	573.43
625.20	520.18
627.15	620.53
629.09	446.46
631.04	530.42
632.98	604.15
634.93	671.73
636.87	534.52
638.82	569.34
640.76	524.28
642.70	653.30
644.64	632.82
646.58	473.08
648.52	419.83
650.46	471.03
652.40	516.09
654.34	458.74
656.27	598.01
658.21	450.55
660.15	522.23
662.08	561.14
664.02	428.03
665.95	593.91
667.88	456.70
669.82	579.58
671.75	575.48
673.68	493.56
675.61	522.23
677.54	612.34
679.47	468.98
681.40	669.69
683.32	616.44
685.25	636.92
687.18	559.10
689.10	598.01
691.03	403.45
692.95	456.70
694.87	593.91
696.80	618.49
698.72	577.53
700.64	675.83
702.56	608.25
704.48	520.18
706.40	608.25
708.32	794.61
710.24	694.26
712.16	667.64
714.07	698.36
715.99	690.17
717.90	675.83
719.82	774.13
721.73	722.93
723.65	819.19
725.56	829.43
727.47	811.00
729.38	950.26
731.29	1069.04
733.20	989.17
735.11	1175.53
737.02	1193.97
738.93	1396.71
740.84	1660.90
742.74	1890.28
744.65	2076.64
746.55	2293.73
748.46	2596.82
750.36	2740.18
752.27	3039.19
754.17	3235.79
756.07	3516.36
757.97	3510.22
759.87	3708.87
761.77	3659.72
763.67	3760.07
765.57	3973.06
767.47	3878.85
769.37	3778.50
771.26	3780.55
773.16	3663.82
775.06	3772.36
776.95	3749.83
778.84	4091.84
780.74	3876.80
782.63	3815.37
784.52	3803.08
786.41	3909.57
788.30	3958.72
790.19	3954.63
792.08	4048.83
793.97	3815.37
795.86	3712.97
797.75	3459.02
799.63	3282.89
801.52	3231.69
803.41	2852.82
805.29	2705.37
807.18	2308.06
809.06	2197.47
810.94	2027.49
812.82	1865.70
814.70	1599.46
816.59	1531.88
818.47	1370.09
820.35	1382.38
822.22	1433.58
824.10	1132.53
825.98	1128.43
827.86	802.80
829.73	923.63
831.61	880.63
833.48	870.39
835.36	765.94
837.23	745.46
839.10	753.65
840.98	708.60
842.85	641.01
844.72	552.95
846.59	663.54
848.46	559.10
850.33	647.16
852.20	505.85
854.06	602.10
855.93	632.82
857.80	628.73
859.66	661.49
861.53	466.94
863.39	544.76
865.26	436.22
867.12	591.86
868.98	573.43
870.84	487.42
872.71	520.18
874.57	483.32
876.43	460.79
878.29	569.34
880.14	460.79
882.00	495.61
883.86	555.00
885.72	657.40
887.57	544.76
889.43	712.69
891.28	436.22
893.14	477.18
894.99	612.34
896.84	638.97
898.69	563.19
900.55	632.82
902.40	497.66
904.25	423.93
906.10	536.57
907.95	425.98
909.79	573.43
911.64	462.84
913.49	522.23
915.34	454.65
917.18	514.04
919.03	524.28
920.87	583.67
922.71	530.42
924.56	565.24
926.40	436.22
928.24	493.56
930.08	641.01
931.92	329.72
933.76	661.49
935.60	598.01
937.44	651.25
939.28	501.75
941.12	559.10
942.95	673.78
944.79	471.03
946.62	477.18
948.46	530.42
950.29	581.62
952.13	671.73
953.96	710.65
955.79	571.38
957.62	487.42
959.46	419.83
961.29	454.65
963.12	630.77
964.94	397.31
966.77	452.60
968.60	561.14
970.43	532.47
972.25	608.25
974.08	487.42
975.91	573.43
977.73	624.63
979.55	546.81
981.38	458.74
983.20	440.31
985.02	516.09
986.84	485.37
988.66	647.16
990.49	442.36
992.30	524.28
994.12	587.77
995.94	608.25
997.76	569.34
999.58	569.34
1001.39	516.09
1003.21	618.49
1005.02	495.61
1006.84	841.72
1008.65	507.90
1010.47	636.92
1012.28	557.05
1014.09	585.72
1015.90	417.79
1017.71	536.57
1019.52	587.77
1021.33	684.02
1023.14	632.82
1024.95	565.24
1026.76	608.25
1028.56	620.53
1030.37	616.44
1032.18	497.66
1033.98	450.55
1035.79	520.18
1037.59	671.73
1039.39	434.17
1041.20	579.58
1043.00	518.14
1044.80	448.51
1046.60	555.00
1048.40	614.39
1050.20	462.84
1052.00	485.37
1053.80	438.27
1055.59	544.76
1057.39	520.18
1059.19	407.55
1060.98	704.50
1062.78	626.68
1064.57	499.70
1066.37	425.98
1068.16	626.68
1069.95	550.90
1071.75	542.71
1073.54	475.13
1075.33	620.53
1077.12	421.88
1078.91	575.48
1080.70	405.50
1082.48	552.95
1084.27	598.01
1086.06	577.53
1087.85	571.38
1089.63	522.23
1091.42	595.96
1093.20	477.18
1094.99	491.51
1096.77	407.55
1098.55	698.36
1100.33	522.23
1102.12	577.53
1103.90	555.00
1105.68	552.95
1107.46	565.24
1109.24	667.64
1111.01	585.72
1112.79	487.42
1114.57	481.27
1116.35	489.46
1118.12	610.29
1119.90	460.79
1121.67	337.91
1123.45	530.42
1125.22	546.81
1126.99	522.23
1128.77	450.55
1130.54	569.34
1132.31	667.64
1134.08	624.63
1135.85	514.04
1137.62	481.27
1139.39	565.24
1141.15	583.67
1142.92	530.42
1144.69	669.69
1146.46	456.70
1148.22	614.39
1149.99	598.01
1151.75	587.77
1153.51	544.76
1155.28	479.22
1157.04	514.04
1158.80	493.56
1160.56	602.10
1162.32	567.29
1164.08	532.47
1165.84	436.22
1167.60	516.09
1169.36	604.15
1171.12	376.83
1172.88	477.18
1174.63	604.15
1176.39	446.46
1178.14	411.64
1179.90	649.21
1181.65	491.51
1183.41	385.02
1185.16	337.91
1186.91	497.66
1188.66	290.81
1190.41	565.24
1192.16	526.33
1193.91	507.90
1195.66	485.37
1197.41	493.56
1199.16	583.67
1200.91	477.18
1202.66	511.99
1204.40	399.35
1206.15	591.86
1207.89	667.64
1209.64	575.48
1211.38	555.00
1213.12	511.99
1214.87	686.07
1216.61	645.11
1218.35	612.34
1220.09	509.94
1221.83	471.03
1223.57	520.18
1225.31	497.66
1227.05	573.43
1228.79	460.79
1230.52	509.94
1232.26	544.76
1234.00	493.56
1235.73	518.14
1237.47	630.77
1239.20	487.42
1240.94	464.89
1242.67	614.39
1244.40	546.81
1246.13	520.18
1247.86	530.42
1249.60	636.92
1251.33	528.38
1253.06	546.81
1254.78	475.13
1256.51	522.23
1258.24	700.41
1259.97	550.90
1261.69	419.83
1263.42	600.05
1265.15	487.42
1266.87	524.28
1268.59	509.94
1270.32	483.32
1272.04	479.22
1273.76	495.61
1275.49	475.13
1277.21	464.89
1278.93	626.68
1280.65	415.74
1282.37	415.74
1284.09	495.61
1285.81	542.71
1287.52	649.21
1289.24	436.22
1290.96	507.90
1292.67	532.47
1294.39	485.37
1296.10	450.55
1297.82	524.28
1299.53	555.00
1301.24	497.66
1302.96	514.04
1304.67	540.66
1306.38	495.61
1308.09	503.80
1309.80	511.99
1311.51	487.42
1313.22	614.39
1314.93	548.86
1316.64	430.07
1318.34	374.78
1320.05	663.54
1321.75	571.38
1323.46	555.00
1325.17	546.81
1326.87	501.75
1328.57	538.62
1330.28	405.50
1331.98	548.86
1333.68	573.43
1335.38	491.51
1337.08	538.62
1338.78	663.54
1340.48	409.59
1342.18	727.03
1343.88	491.51
1345.58	428.03
1347.28	520.18
1348.97	540.66
1350.67	407.55
1352.36	401.40
1354.06	536.57
1355.75	401.40
1357.45	409.59
1359.14	536.57
1360.83	440.31
1362.53	450.55
1364.22	550.90
1365.91	432.12
1367.60	471.03
1369.29	485.37
1370.98	614.39
1372.67	557.05
1374.35	555.00
1376.04	602.10
1377.73	604.15
1379.41	460.79
1381.10	505.85
1382.79	536.57
1384.47	532.47
1386.15	614.39
1387.84	485.37
1389.52	471.03
1391.20	436.22
1392.88	462.84
1394.57	565.24
1396.25	430.07
1397.93	610.29
1399.61	458.74
1401.28	559.10
1402.96	483.32
1404.64	567.29
1406.32	524.28
1407.99	538.62
1409.67	530.42
1411.35	518.14
1413.02	587.77
1414.70	579.58
1416.37	563.19
1418.04	516.09
1419.71	526.33
1421.39	557.05
1423.06	538.62
1424.73	524.28
1426.40	466.94
1428.07	511.99
1429.74	602.10
1431.41	550.90
1433.08	344.06
1434.74	487.42
1436.41	471.03
1438.08	602.10
1439.74	391.16
1441.41	557.05
1443.07	567.29
1444.74	479.22
1446.40	569.34
1448.06	378.87
1449.72	557.05
1451.39	534.52
1453.05	571.38
1454.71	626.68
1456.37	538.62
1458.03	458.74
1459.69	514.04
1461.35	411.64
1463.00	548.86
1464.66	532.47
1466.32	577.53
1467.97	544.76
1469.63	479.22
1471.28	622.58
1472.94	598.01
1474.59	595.96
1476.25	520.18
1477.90	536.57
1479.55	546.81
1481.20	444.41
1482.85	503.80
1484.50	917.49
1486.15	593.91
1487.80	495.61
1489.45	483.32
1491.10	591.86
1492.75	493.56
1494.40	536.57
1496.04	483.32
1497.69	616.44
1499.33	413.69
1500.98	536.57
1502.62	598.01
1504.27	477.18
1505.91	647.16
1507.55	524.28
1509.19	522.23
1510.84	407.55
1512.48	591.86
1514.12	497.66
1515.76	536.57
1517.40	497.66
1519.04	546.81
1520.67	559.10
1522.31	667.64
1523.95	450.55
1525.59	649.21
1527.22	593.91
1528.86	618.49
1530.49	620.53
1532.13	704.50
1533.76	604.15
1535.39	698.36
1537.03	583.67
1538.66	552.95
1540.29	593.91
1541.92	618.49
1543.55	675.83
1545.18	540.66
1546.81	735.22
1548.44	690.17
1550.07	475.13
1551.70	665.59
1553.32	684.02
1554.95	585.72
1556.58	667.64
1558.20	585.72
1559.83	559.10
1561.45	557.05
1563.07	581.62
1564.70	653.30
1566.32	770.04
1567.94	606.20
1569.56	575.48
1571.19	702.45
1572.81	591.86
1574.43	555.00
1576.05	602.10
1577.66	720.88
1579.28	610.29
1580.90	561.14
1582.52	526.33
1584.14	524.28
1585.75	438.27
1587.37	591.86
1588.98	546.81
1590.60	575.48
1592.21	507.90
1593.82	507.90
1595.44	532.47
1597.05	555.00
1598.66	595.96
1600.27	604.15
1601.88	610.29
1603.49	286.72
1605.10	425.98
1606.71	413.69
1608.32	507.90
1609.93	616.44
1611.54	454.65
1613.14	446.46
1614.75	573.43
1616.36	483.32
1617.96	647.16
1619.57	514.04
1621.17	544.76
1622.77	524.28
1624.38	401.40
1625.98	382.97
1627.58	532.47
1629.18	473.08
1630.78	350.20
1632.38	505.85
1633.98	532.47
1635.58	430.07
1637.18	464.89
1638.78	636.92
1640.38	491.51
1641.98	487.42
1643.57	491.51
1645.17	456.70
1646.76	389.11
1648.36	526.33
1649.95	528.38
1651.55	378.87
1653.14	464.89
1654.73	473.08
1656.33	571.38
1657.92	514.04
1659.51	491.51
1661.10	518.14
1662.69	493.56
1664.28	581.62
1665.87	618.49
1667.46	555.00
1669.05	583.67
1670.63	434.17
1672.22	550.90
1673.81	397.31
1675.39	550.90
1676.98	446.46
1678.56	618.49
1680.15	444.41
1681.73	387.07
1683.31	534.52
1684.90	645.11
1686.48	565.24
1688.06	514.04
1689.64	630.77
1691.22	434.17
1692.80	557.05
1694.38	497.66
1695.96	436.22
1697.54	593.91
1699.12	593.91
1700.69	380.92
1702.27	493.56
1703.85	698.36
1705.42	516.09
1707.00	540.66
1708.57	483.32
1710.15	491.51
1711.72	337.91
1713.29	434.17
1714.87	417.79
1716.44	548.86
1718.01	575.48
1719.58	399.35
1721.15	391.16
1722.72	600.05
1724.29	448.51
1725.86	413.69
1727.43	448.51
1729.00	485.37
1730.56	511.99
1732.13	497.66
1733.70	546.81
1735.26	468.98
1736.83	479.22
1738.39	622.58
1739.96	622.58
1741.52	561.14
1743.08	485.37
1744.65	493.56
1746.21	565.24
1747.77	395.26
1749.33	471.03
1750.89	460.79
1752.45	536.57
1754.01	473.08
1755.57	628.73
1757.13	505.85
1758.69	471.03
1760.24	505.85
1761.80	577.53
1763.36	536.57
1764.91	542.71
1766.47	409.59
1768.02	462.84
1769.58	518.14
1771.13	462.84
1772.68	579.58
1774.24	409.59
1775.79	550.90
1777.34	520.18
1778.89	413.69
1780.44	487.42
1781.99	491.51
1783.54	511.99
1785.09	450.55
1786.64	528.38
1788.19	659.45
1789.73	522.23
1791.28	446.46
1792.83	555.00
1794.37	434.17
1795.92	493.56
1797.46	534.52
1799.01	458.74
1800.55	473.08
1802.09	477.18
1803.64	516.09
1805.18	493.56
1806.72	434.17
1808.26	434.17
1809.80	610.29
1811.34	423.93
1812.88	536.57
1814.42	602.10
1815.96	438.27
1817.50	520.18
1819.04	567.29
1820.57	569.34
1822.11	573.43
1823.65	557.05
1825.18	405.50
1826.72	495.61
1828.25	481.27
1829.78	401.40
1831.32	505.85
1832.85	475.13
1834.38	575.48
1835.92	604.15
1837.45	378.87
1838.98	591.86
1840.51	376.83
1842.04	546.81
1843.57	425.98
1845.10	522.23
1846.62	423.93
1848.15	440.31
1849.68	583.67
1851.21	534.52
1852.73	346.11
1854.26	559.10
1855.78	477.18
1857.31	489.46
1858.83	559.10
1860.36	538.62
1861.88	477.18
1863.40	575.48
1864.92	456.70
1866.45	458.74
1867.97	466.94
1869.49	489.46
1871.01	477.18
1872.53	589.82
1874.05	415.74
1875.57	542.71
1877.08	548.86
1878.60	559.10
1880.12	534.52
1881.64	380.92
1883.15	491.51
1884.67	520.18
1886.18	497.66
1887.70	376.83
1889.21	350.20
1890.72	561.14
1892.24	505.85
1893.75	421.88
1895.26	475.13
1896.77	434.17
1898.28	423.93
1899.79	440.31
1901.30	559.10
1902.81	620.53
1904.32	442.36
1905.83	503.80
1907.34	378.87
1908.85	434.17
1910.35	448.51
1911.86	571.38
1913.37	475.13
1914.87	475.13
1916.38	407.55
1917.88	616.44
1919.39	483.32
1920.89	456.70
1922.39	403.45
1923.89	499.70
1925.40	536.57
1926.90	374.78
1928.40	589.81
1929.90	518.14
1931.40	481.27
1932.90	536.57
1934.40	491.51
1935.90	438.27
1937.39	540.66
1938.89	501.75
1940.39	557.05
1941.89	448.51
1943.38	550.90
1944.88	460.79
1946.37	440.31
1947.87	505.85
1949.36	376.83
1950.85	425.98
1952.35	401.40
1953.84	557.05
1955.33	407.55
1956.82	526.33
1958.31	454.65
1959.80	589.82
1961.29	540.66
1962.78	528.38
1964.27	366.59
1965.76	606.20
1967.25	462.84
1968.74	575.48
1970.22	479.22
1971.71	417.79
1973.20	524.28
1974.68	477.18
1976.17	489.46
1977.65	499.70
1979.14	366.59
1980.62	471.03
1982.10	600.05
1983.58	464.89
1985.07	491.51
1986.55	589.82
1988.03	475.13
1989.51	428.03
1990.99	425.98
1992.47	446.46
1993.95	462.84
1995.43	450.55
1996.91	444.41
1998.38	432.12
1999.86	516.09
2001.34	421.88
2002.81	374.78
2004.29	391.16
2005.76	471.03
2007.24	391.16
2008.71	385.02
2010.19	624.63
2011.66	290.81
2013.13	323.58
2014.60	483.32
2016.08	397.31
2017.55	319.48
2019.02	540.66
2020.49	528.38
2021.96	514.04
2023.43	565.24
2024.90	602.10
2026.36	509.94
2027.83	391.16
2029.30	509.94
2030.77	448.51
2032.23	434.17
2033.70	468.98
2035.16	440.31
2036.63	354.30
2038.09	548.86
2039.56	557.05
2041.02	507.90
2042.48	448.51
2043.95	536.57
2045.41	487.42
2046.87	450.55
2048.33	550.90
2049.79	575.48
2051.25	425.98
2052.71	430.07
2054.17	421.88
2055.63	552.95
2057.09	413.69
2058.54	479.22
2060.00	331.77
2061.46	423.93
2062.91	475.13
2064.37	411.64
2065.82	460.79
2067.28	559.10
2068.73	403.45
2070.19	487.42
2071.64	540.66
2073.09	522.23
2074.54	462.84
2076.00	464.89
2077.45	380.92
2078.90	387.07
2080.35	385.02
2081.80	450.55
2083.25	389.11
2084.70	548.86
2086.14	475.13
2087.59	557.05
2089.04	380.92
2090.49	419.83
2091.93	354.30
2093.38	524.28
2094.83	409.59
2096.27	419.83
2097.71	501.75
2099.16	385.02
2100.60	460.79
2102.05	393.21
2103.49	368.63
2104.93	395.26
2106.37	532.47
2107.81	428.03
2109.25	458.74
2110.69	423.93
2112.13	497.66
2113.57	411.64
2115.01	514.04
2116.45	415.74
2117.89	475.13
2119.33	442.36
2120.76	288.76
2122.20	385.02
2123.63	542.71
2125.07	518.14
2126.51	559.10
2127.94	489.46
2129.37	458.74
2130.81	393.21
2132.24	415.74
2133.67	511.99
2135.11	354.30
2136.54	507.90
2137.97	311.29
2139.40	432.12
2140.83	602.10
2142.26	436.22
2143.69	417.79
2145.12	499.70
2146.55	395.26
2147.97	378.87
2149.40	407.55
2150.83	417.79
2152.25	434.17
2153.68	425.98
2155.11	434.17
2156.53	299.00
2157.96	452.60
2159.38	477.18
2160.80	346.11
2162.23	454.65
2163.65	477.18
2165.07	436.22
2166.49	456.70
2167.91	548.86
2169.33	362.49
2170.75	342.01
2172.17	423.93
2173.59	385.02
2175.01	450.55
2176.43	454.65
2177.85	518.14
2179.27	405.50
2180.68	413.69
2182.10	399.35
2183.52	352.25
2184.93	434.17
2186.35	425.98
2187.76	327.68
2189.18	438.27
2190.59	477.18
2192.00	442.36
2193.42	436.22
2194.83	380.92
2196.24	362.49
2197.65	436.22
2199.06	458.74
2200.47	481.27
2201.88	368.63
2203.29	292.86
2204.70	464.89
2206.11	569.34
2207.52	432.12
2208.93	311.29
2210.33	182.27
2211.74	276.48
2213.15	434.17
2214.55	307.20
2215.96	503.80
2217.36	280.57
2218.77	376.83
2220.17	315.39
2221.57	290.81
2222.98	411.64
2224.38	374.78
2225.78	393.21
2227.18	278.52
2228.58	432.12
2229.99	342.01
2231.39	378.87
2232.79	337.91
2234.18	403.45
2235.58	352.25
2236.98	493.56
2238.38	339.96
2239.78	360.44
2241.17	473.08
2242.57	440.31
2243.97	415.74
2245.36	391.16
2246.76	438.27
2248.15	487.42
2249.55	323.58
2250.94	503.80
2252.33	317.44
2253.73	389.11
2255.12	366.59
2256.51	415.74
2257.90	346.11
2259.29	352.25
2260.68	362.49
2262.07	221.18
2263.46	387.07
2264.85	335.87
2266.24	428.03
2267.63	425.98
2269.02	442.36
2270.40	393.21
2271.79	415.74
2273.18	374.78
2274.56	364.54
2275.95	385.02
2277.33	358.39
2278.72	321.53
2280.10	399.35
2281.49	389.11
2282.87	491.51
2284.25	382.97
2285.63	311.29
2287.02	360.44
2288.40	358.39
2289.78	395.26
2291.16	438.27
2292.54	280.57
2293.92	442.36
2295.30	358.39
2296.68	421.88
2298.05	317.44
2299.43	350.20
2300.81	385.02
2302.19	294.91
2303.56	288.76
2304.94	323.58
2306.31	454.65
2307.69	425.98
2309.06	301.05
2310.44	413.69
2311.81	444.41
2313.19	395.26
2314.56	374.78
2315.93	452.60
2317.30	333.82
2318.67	382.97
2320.04	440.31
2321.41	311.29
2322.78	331.77
2324.15	393.21
2325.52	331.77
2326.89	319.48
2328.26	446.46
2329.63	305.15
2331.00	446.46
2332.36	288.76
2333.73	425.98
2335.09	403.45
2336.46	382.97
2337.83	352.25
2339.19	419.83
2340.55	434.17
2341.92	364.54
2343.28	299.00
2344.64	294.91
2346.01	382.97
2347.37	483.32
2348.73	442.36
2350.09	409.59
2351.45	518.14
2352.81	360.44
2354.17	198.65
2355.53	174.08
2356.89	354.30
2358.25	360.44
2359.61	409.59
2360.96	-45.06
2362.32	342.01
2363.68	366.59
2365.03	559.10
2366.39	374.78
2367.74	409.59
2369.10	460.79
2370.45	333.82
2371.81	380.92
2373.16	266.24
2374.51	481.27
2375.86	423.93
2377.22	319.48
2378.57	468.98
2379.92	344.06
2381.27	348.15
2382.62	405.50
2383.97	411.64
2385.32	430.07
2386.67	315.39
2388.02	370.68
2389.37	212.99
2390.71	325.63
2392.06	376.83
2393.41	358.39
2394.75	290.81
2396.10	309.24
2397.44	442.36
2398.79	243.71
2400.13	299.00
2401.48	266.24
2402.82	366.59
2404.17	385.02
2405.51	235.52
2406.85	368.63
2408.19	327.67
2409.53	405.50
2410.87	268.28
2412.22	423.93
2413.56	473.08
2414.89	290.81
2416.23	337.91
2417.57	358.39
2418.91	440.31
2420.25	419.83
2421.59	288.76
2422.92	339.96
2424.26	385.02
2425.60	196.61
2426.93	501.75
2428.27	243.71
2429.60	481.27
2430.94	339.96
2432.27	204.80
2433.60	251.90
2434.94	268.28
2436.27	456.70
2437.60	272.38
2438.93	333.82
2440.27	212.99
2441.60	258.04
2442.93	415.74
2444.26	425.98
2445.59	382.97
2446.92	458.75
2448.24	491.51
2449.57	440.31
2450.90	313.34
2452.23	208.89
2453.55	337.91
2454.88	356.35
2456.21	286.72
2457.53	397.31
2458.86	348.15
2460.18	190.46
2461.51	292.86
2462.83	256.00
2464.15	393.21
2465.48	348.15
2466.80	389.11
2468.12	417.79
2469.44	311.29
2470.76	296.96
2472.09	458.74
2473.41	305.15
2474.73	299.00
2476.05	155.65
2477.36	282.62
2478.68	249.85
2480.00	360.44
2481.32	196.61
2482.64	296.96
2483.95	307.20
2485.27	253.95
2486.59	360.44
2487.90	206.84
2489.22	235.52
2490.53	286.72
2491.85	378.87
2493.16	368.63
2494.47	317.44
2495.79	327.67
2497.10	364.54
2498.41	245.76
2499.72	215.04
2501.03	301.05
2502.35	364.54
2503.66	337.91
2504.97	276.48
2506.28	358.39
2507.59	219.13
2508.89	319.48
2510.20	245.76
2511.51	260.09
2512.82	411.64
2514.12	282.62
2515.43	260.09
2516.74	278.52
2518.04	321.53
2519.35	401.40
2520.65	319.48
2521.96	331.77
2523.26	438.27
2524.57	270.33
2525.87	274.43
2527.17	397.31
2528.47	321.53
2529.78	323.58
2531.08	362.49
2532.38	317.44
2533.68	319.48
2534.98	251.90
2536.28	182.27
2537.58	307.20
2538.88	354.30
2540.18	296.96
2541.47	385.02
2542.77	247.80
2544.07	223.23
2545.37	466.94
2546.66	425.98
2547.96	260.09
2549.25	-12.29
2550.55	311.29
2551.84	346.11
2553.14	215.04
2554.43	331.77
2555.72	184.32
2557.02	276.48
2558.31	352.25
2559.60	239.61
2560.89	106.49
2562.18	286.72
2563.48	159.74
2564.77	315.39
2566.06	208.89
2567.35	290.81
2568.63	217.08
2569.92	182.27
2571.21	339.96
2572.50	215.04
2573.79	407.55
2575.07	196.61
2576.36	280.57
2577.65	325.63
2578.93	309.24
2580.22	296.96
2581.50	143.36
2582.79	206.84
2584.07	243.71
2585.36	329.72
2586.64	311.29
2587.92	266.24
2589.20	278.52
2590.49	137.21
2591.77	294.91
2593.05	268.28
2594.33	321.53
2595.61	231.42
2596.89	335.87
2598.17	344.06
2599.45	452.60
2600.73	348.15
2602.00	241.66
2603.28	352.25
2604.56	266.24
2605.84	317.44
2607.11	319.48
2608.39	266.24
2609.67	284.67
2610.94	135.17
2612.22	352.25
2613.49	284.67
2614.76	296.96
2616.04	389.11
2617.31	397.31
2618.58	425.98
2619.86	303.10
2621.13	450.55
2622.40	206.84
2623.67	286.72
2624.94	294.91
2626.21	350.20
2627.48	274.43
2628.75	364.54
2630.02	358.39
2631.29	364.54
2632.56	260.09
2633.82	385.02
2635.09	460.79
2636.36	348.15
2637.63	309.24
2638.89	294.91
2640.16	354.30
2641.42	401.40
2642.69	282.62
2643.95	497.66
2645.22	260.09
2646.48	389.11
2647.74	258.04
2649.01	303.10
2650.27	303.10
2651.53	262.14
2652.79	305.15
2654.05	339.96
2655.31	337.91
2656.57	403.45
2657.83	292.86
2659.09	241.66
2660.35	247.80
2661.61	192.51
2662.87	104.45
2664.13	311.29
2665.38	247.80
2666.64	323.58
2667.90	192.51
2669.15	282.62
2670.41	409.59
2671.67	278.52
2672.92	378.87
2674.17	262.14
2675.43	339.96
2676.68	389.11
2677.94	131.07
2679.19	251.90
2680.44	372.73
2681.69	200.70
2682.95	325.63
2684.20	274.43
2685.45	325.63
2686.70	380.92
2687.95	243.71
2689.20	337.91
2690.45	286.72
2691.70	364.54
2692.94	382.97
2694.19	344.06
2695.44	350.20
2696.69	346.11
2697.93	264.19
2699.18	378.87
2700.43	299.00
2701.67	360.44
2702.92	233.47
2704.16	401.40
2705.41	204.80
2706.65	327.68
2707.89	356.35
2709.14	313.34
2710.38	167.93
2711.62	299.00
2712.86	221.18
2714.11	272.38
2715.35	288.76
2716.59	208.89
2717.83	337.91
2719.07	260.09
2720.31	303.10
2721.55	299.00
2722.78	268.28
2724.02	301.05
2725.26	333.82
2726.50	239.61
2727.73	407.55
2728.97	294.91
2730.21	311.29
2731.44	339.96
2732.68	387.07
2733.91	280.57
2735.15	243.71
2736.38	344.06
2737.62	397.31
2738.85	327.68
2740.08	186.37
2741.32	370.68
2742.55	335.87
2743.78	321.53
2745.01	311.29
2746.24	184.32
2747.47	266.24
2748.70	268.28
2749.93	311.29
2751.16	378.87
2752.39	249.85
2753.62	366.59
2754.85	311.29
2756.08	210.94
2757.30	436.22
2758.53	391.16
2759.76	256.00
2760.98	292.86
2762.21	270.33
2763.43	233.47
2764.66	202.75
2765.88	282.62
2767.11	251.90
2768.33	182.27
2769.55	299.00
2770.78	67.58
2772.00	237.56
2773.22	301.05
2774.44	237.56
2775.67	425.98
2776.89	120.83
2778.11	307.20
2779.33	137.21
2780.55	311.29
2781.77	268.28
2782.99	315.39
2784.20	264.19
2785.42	329.72
2786.64	264.19
2787.86	339.96
2789.07	102.40
2790.29	352.25
2791.51	290.81
2792.72	274.43
2793.94	378.87
2795.15	174.08
2796.37	286.72
2797.58	366.59
2798.80	358.39
2800.01	321.53
2801.22	315.39
2802.44	350.20
2803.65	174.08
2804.86	331.77
2806.07	227.32
2807.28	239.61
2808.49	296.96
2809.70	288.76
2810.91	276.48
2812.12	389.11
2813.33	434.17
2814.54	274.43
2815.75	280.57
2816.96	337.91
2818.16	311.29
2819.37	372.73
2820.58	311.29
2821.78	251.90
2822.99	387.07
2824.20	266.24
2825.40	378.87
2826.61	294.91
2827.81	331.77
2829.01	464.89
2830.22	262.14
2831.42	301.05
2832.62	215.04
2833.83	219.13
2835.03	344.06
2836.23	346.11
2837.43	315.39
2838.63	319.48
2839.83	348.15
2841.03	385.02
2842.23	331.77
2843.43	370.68
2844.63	376.83
2845.83	327.68
2847.03	167.93
2848.22	282.62
2849.42	346.11
2850.62	305.15
2851.81	221.18
2853.01	327.68
2854.21	339.96
2855.40	227.32
2856.60	178.17
2857.79	272.38
2858.99	354.30
2860.18	245.76
2861.37	325.63
2862.57	333.82
2863.76	217.08
2864.95	348.15
2866.14	200.70
2867.33	288.76
2868.52	190.46
2869.72	264.19
2870.91	342.01
2872.10	251.90
2873.28	235.52
2874.47	247.80
2875.66	358.39
2876.85	296.96
2878.04	108.54
2879.23	301.05
2880.41	370.68
2881.60	339.96
2882.79	325.63
2883.97	380.92
2885.16	116.73
2886.34	239.61
2887.53	428.03
2888.71	182.27
2889.90	159.74
2891.08	305.15
2892.26	342.01
2893.45	296.96
2894.63	260.09
2895.81	350.20
2896.99	272.38
2898.17	215.04
2899.36	200.70
2900.54	319.48
2901.72	477.18
2902.90	143.36
2904.08	323.58
2905.26	333.82
2906.43	256.00
2907.61	260.09
2908.79	303.10
2909.97	292.86
2911.14	231.42
2912.32	286.72
2913.50	350.20
2914.67	219.13
2915.85	380.92
2917.02	305.15
2918.20	245.76
2919.37	299.00
2920.55	376.83
2921.72	305.15
2922.90	331.77
2924.07	325.63
2925.24	290.81
2926.41	319.48
2927.58	317.44
2928.76	223.23
2929.93	256.00
2931.10	247.80
2932.27	284.67
2933.44	313.34
2934.61	325.63
2935.78	292.86
2936.95	233.47
2938.11	346.11
2939.28	274.43
2940.45	290.81
2941.62	425.98
2942.78	256.00
2943.95	94.21
2945.12	385.02
2946.28	387.07
2947.45	174.08
2948.61	249.85
2949.78	325.63
2950.94	301.05
2952.10	231.42
2953.27	182.27
2954.43	333.82
2955.59	227.32
2956.76	221.18
2957.92	229.37
2959.08	342.01
2960.24	280.57
2961.40	299.00
2962.56	256.00
2963.72	184.32
2964.88	339.96
2966.04	303.10
2967.20	296.96
2968.36	419.83
2969.52	147.45
2970.67	221.18
2971.83	272.38
2972.99	413.69
2974.14	299.00
2975.30	167.93
2976.46	337.91
2977.61	348.15
2978.77	258.04
2979.92	319.48
2981.08	382.97
2982.23	186.37
2983.38	346.11
2984.54	258.04
2985.69	389.11
2986.84	405.50
2987.99	366.59
2989.15	270.33
2990.30	233.47
2991.45	307.20
2992.60	253.95
2993.75	313.34
2994.90	258.04
2996.05	276.48
2997.20	366.59
2998.35	194.56
2999.49	266.24
3000.64	393.21
3001.79	251.90
3002.94	337.91
3004.08	403.45
3005.23	251.90
3006.38	131.07
3007.52	163.84
3008.67	344.06
3009.81	184.32
3010.96	215.04
3012.10	268.28
3013.25	311.29
3014.39	262.14
3015.53	288.76
3016.67	159.74
3017.82	311.29
3018.96	241.66
3020.10	217.08
3021.24	370.68
3022.38	247.80
3023.52	274.43
3024.66	231.42
3025.80	331.77
3026.94	354.30
3028.08	325.63
3029.22	249.85
3030.36	346.11
3031.50	249.85
3032.63	245.76
3033.77	311.29
3034.91	401.40
3036.04	360.44
3037.18	282.62
3038.32	430.07
3039.45	423.93
3040.59	217.08
3041.72	133.12
3042.86	276.48
3043.99	258.04
3045.12	212.99
3046.26	157.69
3047.39	204.80
3048.52	301.05
3049.65	251.90
3050.78	292.86
3051.92	276.48
3053.05	260.09
3054.18	276.48
3055.31	337.91
3056.44	425.98
3057.57	141.31
3058.70	323.58
3059.82	198.65
3060.95	227.32
3062.08	268.28
3063.21	286.72
3064.34	276.48
3065.46	159.74
3066.59	133.12
3067.71	292.86
3068.84	204.80
3069.97	137.21
3071.09	104.45
3072.22	223.23
3073.34	276.48
3074.46	194.56
3075.59	186.37
3076.71	366.59
3077.83	249.85
3078.96	372.73
3080.08	253.95
3081.20	231.42
3082.32	286.72
3083.44	256.00
3084.56	376.83
3085.68	405.50
3086.80	305.15
3087.92	239.61
3089.04	75.77
3090.16	370.68
3091.28	294.91
3092.40	264.19
3093.51	415.74
3094.63	321.53
3095.75	368.63
3096.87	180.22
3097.98	299.00
3099.10	282.62
3100.21	141.31
3101.33	309.24
3102.44	446.46
3103.56	432.12
3104.67	315.39
3105.79	219.13
3106.90	325.63
3108.01	266.24
3109.12	276.48
3110.24	198.65
3111.35	212.99
3112.46	149.50
3113.57	77.82
3114.68	223.23
3115.79	288.76
3116.90	339.96
3118.01	307.20
3119.12	219.13
3120.23	266.24
3121.34	227.32
3122.45	325.63
3123.56	210.94
3124.66	176.13
3125.77	264.19
3126.88	278.52
3127.98	247.80
3129.09	155.65
3130.20	256.00
3131.30	362.49
3132.41	260.09
3133.51	233.47
3134.61	159.74
3135.72	237.56
3136.82	368.63
3137.93	284.67
3139.03	196.61
3140.13	415.74
3141.23	208.89
3142.33	243.71
3143.44	260.09
3144.54	233.47
3145.64	239.61
3146.74	165.89
3147.84	221.18
3148.94	237.56
3150.04	172.03
3151.14	143.36
3152.23	266.24
3153.33	120.83
3154.43	344.06
3155.53	223.23
3156.63	321.53
3157.72	301.05
3158.82	155.65
3159.91	241.66
3161.01	294.91
3162.11	382.97
3163.20	139.26
3164.30	243.71
3165.39	260.09
3166.48	163.84
3167.58	180.22
3168.67	245.76
3169.76	215.04
3170.86	303.10
3171.95	192.51
3173.04	196.60
3174.13	354.30
3175.22	309.24
3176.31	368.63
3177.40	233.47
3178.49	258.04
3179.58	88.06
3180.67	241.66
3181.76	303.10
3182.85	311.29
3183.94	174.08
3185.03	147.45
3186.11	346.11
3187.20	374.78
3188.29	176.13
3189.37	294.91
3190.46	202.75
3191.55	233.47
3192.63	256.00
3193.72	511.99
3194.80	315.39
3195.89	215.04
3196.97	141.31
3198.05	315.39
3199.14	286.72
3200.22	192.51
3201.30	153.60
3202.38	348.15
3203.47	270.33
3204.55	243.71
3205.63	364.54
3206.71	231.42
3207.79	233.47
3208.87	323.58
3209.95	253.95
3211.03	296.96
3212.11	358.39
3213.19	118.78
3214.27	282.62
3215.34	133.12
3216.42	188.41
3217.50	110.59
3218.58	309.24
3219.65	141.31
3220.73	266.24
3221.80	385.02
3222.88	282.62
3223.96	212.99
3225.03	178.17
3226.10	221.18
3227.18	262.14
3228.25	325.63
3229.33	217.08
3230.40	288.76
3231.47	241.66
3232.54	288.76
3233.62	188.41
3234.69	233.47
3235.76	274.43
3236.83	145.41
3237.90	258.04
3238.97	258.04
3240.04	231.42
3241.11	149.50
3242.18	260.09
3243.25	346.11
3244.32	272.38
3245.39	444.41
3246.45	225.28
3247.52	227.32
3248.59	366.59
3249.66	247.80
3250.72	161.79
3251.79	260.09
3252.85	176.13
3253.92	319.48
3254.98	137.21
3256.05	204.80
3257.11	215.04
3258.18	133.12
3259.24	282.62
3260.30	178.17
3261.37	225.28
3262.43	227.32
3263.49	221.18
3264.55	305.15
3265.62	372.73
3266.68	278.52
3267.74	339.96
3268.80	266.24
3269.86	260.09
3270.92	202.75
3271.98	227.32
3273.04	335.87
3274.10	157.69
3275.16	217.08
3276.21	262.14
3277.27	270.33
3278.33	94.21
3279.39	194.56
3280.44	149.50
3281.50	358.39
3282.56	225.28
3283.61	249.85
3284.67	237.56
3285.72	198.65
3286.78	362.49
3287.83	65.54
3288.88	239.61
3289.94	333.82
3290.99	323.58
3292.04	139.26
3293.10	198.65
3294.15	219.13
3295.20	260.09
3296.25	411.64
3297.30	389.11
3298.36	129.02
3299.41	249.85
3300.46	219.13
3301.51	374.78
3302.56	337.91
3303.61	358.39
3304.65	303.10
3305.70	327.67
3306.75	231.42
3307.80	309.24
3308.85	118.78
3309.89	266.24
3310.94	215.04
3311.99	241.66
3313.03	196.61
3314.08	278.52
3315.12	251.90
3316.17	122.88
3317.21	243.71
3318.26	305.15
3319.30	356.35
3320.35	172.03
3321.39	321.53
3322.43	245.76
3323.48	428.03
3324.52	55.30
3325.56	352.25
3326.60	389.11
3327.64	317.44
3328.68	245.76
3329.73	237.56
3330.77	178.17
3331.81	253.95
3332.85	311.29
3333.88	192.51
3334.92	110.59
3335.96	294.91
3337.00	159.74
3338.04	286.72
3339.08	215.04
3340.11	346.11
3341.15	387.07
3342.19	256.00
3343.22	266.24
3344.26	186.37
3345.30	196.61
3346.33	253.95
3347.37	98.30
3348.40	286.72
3349.43	262.14
3350.47	321.53
3351.50	268.28
3352.54	352.25
3353.57	292.86
3354.60	165.89
3355.63	129.02
3356.67	169.98
3357.70	313.34
3358.73	292.86
3359.76	200.70
3360.79	342.01
3361.82	321.53
3362.85	129.02
3363.88	180.22
3364.91	217.08
3365.94	167.93
3366.97	241.66
3367.99	237.56
3369.02	282.62
3370.05	217.08
3371.08	311.29
3372.10	266.24
3373.13	219.13
3374.16	305.15
3375.18	335.87
3376.21	202.75
3377.23	145.41
3378.26	83.97
3379.28	284.67
3380.31	217.08
3381.33	258.04
3382.35	315.39
3383.38	202.75
3384.40	282.62
3385.42	100.35
3386.45	278.52
3387.47	311.29
3388.49	167.93
3389.51	327.68
3390.53	196.61
3391.55	233.47
3392.57	292.86
3393.59	245.76
3394.61	337.91
3395.63	178.17
3396.65	153.60
3397.67	157.69
3398.69	331.77
3399.70	237.56
3400.72	290.81
3401.74	192.51
3402.76	299.00
3403.77	278.52
3404.79	280.57
3405.80	147.45
3406.82	317.44
3407.83	231.42
3408.85	249.85
3409.86	239.61
3410.88	141.31
3411.89	172.03
3412.91	348.15
3413.92	198.65
3414.93	229.37
3415.94	114.69
3416.96	172.03
3417.97	165.89
3418.98	137.21
3419.99	280.57
3421.00	198.65
3422.01	215.04
3423.02	264.19
3424.03	137.21
3425.04	208.89
3426.05	141.31
3427.06	204.80
3428.07	307.20
3429.08	231.42
3430.09	245.76
3431.09	290.81
3432.10	280.57
3433.11	188.41
3434.12	256.00
3435.12	149.50
3436.13	188.41
3437.13	296.96
3438.14	299.00
3439.14	190.46
3440.15	346.11
3441.15	354.30
3442.16	131.07
3443.16	233.47
3444.16	190.46
3445.17	247.80
3446.17	245.76
3447.17	208.89
3448.17	192.51
3449.18	190.46
3450.18	198.65
3451.18	262.14
3452.18	258.04
3453.18	274.43
3454.18	159.74
3455.18	108.54
3456.18	-53.25
3457.18	126.97
3458.18	329.72
3459.17	235.52
3460.17	167.93
3461.17	221.18
3462.17	159.74
3463.17	131.07
3464.16	231.42
3465.16	346.11
3466.15	301.05
3467.15	204.80
3468.15	245.76
3469.14	159.74
3470.14	139.26
3471.13	256.00
3472.13	215.04
3473.12	192.51
3474.11	251.90
3475.11	124.93
3476.10	231.42
3477.09	315.39
3478.08	342.01
3479.08	98.30
3480.07	81.92
3481.06	198.65
3482.05	274.43
3483.04	317.44
3484.03	231.42
3485.02	221.18
3486.01	129.02
3487.00	350.20
3487.99	288.76
3488.98	180.22
3489.97	155.65
3490.95	124.93
3491.94	223.23
3492.93	184.32
3493.92	237.56
3494.90	200.70
3495.89	172.03
3496.88	219.13
3497.86	110.59
3498.85	147.45
3499.83	200.70
3500.82	59.39
3501.80	278.52
3502.79	313.34
3503.77	219.13
3504.75	159.74
3505.74	135.17
3506.72	264.19
3507.70	108.54
3508.68	200.70
3509.67	210.94
3510.65	145.41
3511.63	225.28
3512.61	223.23
3513.59	274.43
3514.57	184.32
3515.55	309.24
3516.53	262.14
3517.51	-4.10
3518.49	135.17
3519.47	114.69
3520.45	253.95
3521.42	188.41
3522.40	194.56
3523.38	204.80
3524.36	419.83
3525.33	161.79
3526.31	157.69
3527.29	221.18
3528.26	282.62
3529.24	92.16
3530.21	362.49
3531.19	98.30
3532.16	202.75
3533.14	210.94
3534.11	88.06
3535.08	286.72
3536.06	194.56
3537.03	129.02
3538.00	155.65
3538.98	59.39
3539.95	227.32
3540.92	149.50
3541.89	192.51
3542.86	124.93
3543.83	208.89
3544.80	124.93
3545.77	174.08
3546.74	212.99
3547.71	274.43
3548.68	174.08
3549.65	202.75
3550.62	174.08
3551.59	243.71
3552.56	186.37
3553.52	280.57
3554.49	217.08
3555.46	198.65
3556.42	253.95
3557.39	77.82
3558.36	249.85
3559.32	118.78
3560.29	471.03
3561.25	225.28
3562.22	233.47
3563.18	10.24
3564.15	69.63
3565.11	202.75
3566.07	290.81
3567.04	81.92
3568.00	253.95
3568.96	190.46
3569.92	188.41
3570.89	153.60
3571.85	241.66
3572.81	212.99
3573.77	131.07
3574.73	-32.77
3575.69	57.34
3576.65	106.49
3577.61	221.18
3578.57	43.01
3579.53	174.08
3580.49	215.04
3581.45	88.06
3582.40	208.89
3583.36	217.08
3584.32	241.66
3585.28	69.63
3586.23	65.54
3587.19	129.02
3588.15	198.65
3589.10	288.76
3590.06	235.52
3591.01	204.80
3591.97	43.01
3592.92	202.75
3593.88	96.25
3594.83	86.01
3595.78	245.76
3596.74	225.28
3597.69	118.78
3598.64	161.79
3599.60	79.87
3600.55	96.25
3601.50	188.41
3602.45	196.61
3603.40	221.18
3604.35	202.75
3605.31	86.01
3606.26	77.82
3607.21	38.91
3608.16	245.76
3609.10	299.00
3610.05	116.73
3611.00	98.30
3611.95	149.50
3612.90	147.45
3613.85	215.04
3614.79	141.31
3615.74	317.44
3616.69	161.79
3617.63	217.08
3618.58	71.68
3619.53	247.80
3620.47	83.97
3621.42	239.61
3622.36	237.56
3623.31	161.79
3624.25	145.41
3625.20	167.93
3626.14	190.46
3627.08	223.23
3628.03	186.37
3628.97	161.79
3629.91	256.00
3630.85	155.65
3631.80	225.28
3632.74	126.97
3633.68	73.73
3634.62	102.40
3635.56	169.98
3636.50	98.30
3637.44	133.12
3638.38	-22.53
3639.32	165.89
3640.26	182.27
3641.20	239.61
3642.14	184.32
3643.08	161.79
3644.01	161.79
3644.95	112.64
3645.89	106.49
3646.83	133.12
3647.76	243.71
3648.70	126.97
3649.63	210.94
3650.57	30.72
3651.51	215.04
3652.44	141.31
3653.38	221.18
3654.31	106.49
3655.24	268.28
3656.18	112.64
3657.11	94.21
3658.05	102.40
3658.98	110.59
3659.91	192.51
3660.84	159.74
3661.78	212.99
3662.71	143.36
3663.64	172.03
3664.57	79.87
3665.50	131.07
3666.43	227.32
3667.36	206.84
3668.29	55.30
3669.22	247.80
3670.15	59.39
3671.08	249.85
3672.01	198.65
3672.94	299.00
3673.86	186.37
3674.79	190.46
3675.72	196.60
3676.65	94.21
3677.57	129.02
3678.50	165.89
3679.43	241.66
3680.35	221.18
3681.28	223.23
3682.20	194.56
3683.13	165.89
3684.05	219.13
3684.98	182.27
3685.90	90.11
3686.83	143.36
3687.75	75.77
3688.67	137.21
3689.60	237.56
3690.52	-98.30
3691.44	204.80
3692.36	120.83
3693.28	120.83
3694.21	79.87
3695.13	184.32
3696.05	69.63
3696.97	141.31
3697.89	120.83
3698.81	155.65
3699.73	331.77
3700.65	235.52
3701.57	161.79
3702.48	258.04
3703.40	120.83
3704.32	94.21
3705.24	237.56
3706.16	151.55
3707.07	247.80
3707.99	47.10
3708.91	167.93
3709.82	243.71
3710.74	98.30
3711.66	249.85
3712.57	247.80
3713.49	229.37
3714.40	124.93
3715.31	126.97
3716.23	59.39
3717.14	75.77
3718.06	251.90
3718.97	141.31
3719.88	225.28
3720.80	145.41
3721.71	1568.74
3722.62	299.00
3723.53	180.22
3724.44	110.59
3725.35	161.79
3726.26	219.13
3727.18	102.40
3728.09	116.73
3729.00	104.45
3729.91	118.78
3730.81	137.21
3731.72	122.88
3732.63	57.34
3733.54	217.08
3734.45	90.11
3735.36	145.41
3736.26	139.26
3737.17	296.96
3738.08	63.49
3738.99	182.27
3739.89	192.51
3740.80	108.54
3741.70	34.82
3742.61	159.74
3743.51	149.50
3744.42	184.32
3745.32	137.21
3746.23	110.59
3747.13	81.92
3748.04	20.48
3748.94	126.97
3749.84	186.37
3750.74	112.64
3751.65	114.69
3752.55	137.21
3753.45	186.37
3754.35	174.08
3755.25	153.60
3756.16	100.35
3757.06	208.89
3757.96	67.58
3758.86	184.32
3759.76	192.51
3760.66	176.13
3761.55	55.30
3762.45	188.41
3763.35	110.59
3764.25	227.32
3765.15	79.87
3766.05	65.54
3766.94	165.89
3767.84	12.29
3768.74	174.08
3769.63	200.70
3770.53	210.94
3771.43	202.75
3772.32	198.65
3773.22	112.64
3774.11	108.54
3775.01	161.79
3775.90	223.23
3776.80	165.89
3777.69	81.92
3778.58	88.06
3779.48	137.21
3780.37	219.13
3781.26	96.25
3782.16	237.56
3783.05	245.76
3783.94	147.45
3784.83	143.36
3785.72	145.41
3786.61	129.02
3787.50	90.11
3788.39	145.41
3789.28	28.67
3790.17	182.27
3791.06	174.08
3791.95	186.37
3792.84	301.05
3793.73	153.60
3794.62	38.91
3795.51	92.16
3796.39	182.27
3797.28	202.75
3798.17	202.75
3799.06	30.72
3799.94	200.70
3800.83	67.58
3801.71	223.23
3802.60	112.64
3803.48	215.04
3804.37	63.49
3805.25	264.19
3806.14	73.73
3807.02	86.01
3807.91	108.54
3808.79	180.22
3809.67	88.06
3810.56	239.61
3811.44	149.50
3812.32	77.82
3813.20	65.53
3814.09	53.25
3814.97	169.98
3815.85	71.68
3816.73	83.97
3817.61	311.29
3818.49	157.69
3819.37	94.21
3820.25	241.66
3821.13	165.89
3822.01	174.08
3822.89	122.88
3823.77	241.66
3824.65	178.17
3825.52	88.06
3826.40	233.47
3827.28	200.70
3828.16	143.36
3829.03	178.17
3829.91	360.44
3830.79	92.16
3831.66	217.08
3832.54	141.31
3833.41	235.52
3834.29	141.31
3835.16	129.02
3836.04	-2.05
3836.91	22.53
3837.79	90.11
3838.66	0.00
3839.53	-4.10
3840.41	112.64
3841.28	104.45
3842.15	237.56
3843.02	169.98
3843.90	38.91
3844.77	264.19
3845.64	112.64
3846.51	217.08
3847.38	272.38
3848.25	49.15
3849.12	139.26
3849.99	206.84
3850.86	126.97
3851.73	116.73
3852.60	30.72
3853.47	153.60
3854.34	92.16
3855.21	202.75
3856.07	131.07
3856.94	208.89
3857.81	104.45
3858.68	24.58
3859.54	10.24
3860.41	24.58
3861.28	26.62
3862.14	65.54
3863.01	169.98
3863.87	120.83
3864.74	-45.06
3865.60	159.74
3866.47	280.57
3867.33	86.01
3868.19	192.51
3869.06	196.61
3869.92	94.21
3870.78	81.92
3871.65	106.49
3872.51	79.87
3873.37	28.67
3874.23	202.75
3875.10	157.69
3875.96	145.41
3876.82	174.08
3877.68	18.43
3878.54	81.92
3879.40	202.75
3880.26	90.11
3881.12	143.36
3881.98	133.12
3882.84	258.04
3883.70	219.13
3884.55	172.03
3885.41	94.21
3886.27	104.45
3887.13	135.17
3887.99	182.27
3888.84	169.98
3889.70	2.05
3890.56	92.16
3891.41	61.44
3892.27	49.15
3893.12	106.49
3893.98	241.66
3894.83	51.20
3895.69	262.14
3896.54	159.74
3897.40	262.14
3898.25	98.30
3899.11	110.59
3899.96	69.63
3900.81	47.10
3901.66	141.31
3902.52	225.28
3903.37	14.34
3904.22	81.92
3905.07	131.07
3905.92	98.30
3906.78	83.97
3907.63	151.55
