-2184.52	-67.58
-2181.51	-67.58
-2178.50	-67.58
-2175.49	-26.62
-2172.49	-26.62
-2169.48	-14.34
-2166.48	-22.53
-2163.48	10.24
-2160.47	90.11
-2157.47	38.91
-2154.47	65.53
-2151.48	-14.34
-2148.48	157.69
-2145.49	40.96
-2142.49	28.67
-2139.50	-24.58
-2136.51	-32.77
-2133.52	63.49
-2130.53	468.98
-2127.54	630.77
-2124.55	786.42
-2121.57	837.62
-2118.58	827.38
-2115.60	868.34
-2112.62	815.09
-2109.64	747.51
-2106.66	776.18
-2103.68	751.60
-2100.70	765.94
-2097.73	860.15
-2094.75	733.17
-2091.78	659.45
-2088.81	864.24
-2085.83	716.79
-2082.86	831.48
-2079.90	620.53
-2076.93	724.98
-2073.96	774.13
-2071.00	778.23
-2068.03	790.52
-2065.07	800.76
-2062.11	940.02
-2059.15	802.80
-2056.19	731.12
-2053.23	856.05
-2050.27	663.54
-2047.32	925.68
-2044.36	772.08
-2041.41	722.93
-2038.46	772.08
-2035.51	649.21
-2032.56	755.70
-2029.61	751.60
-2026.66	704.50
-2023.72	724.98
-2020.77	815.09
-2017.83	927.73
-2014.88	647.16
-2011.94	733.17
-2009.00	675.83
-2006.06	716.79
-2003.13	688.12
-2000.19	712.69
-1997.25	772.08
-1994.32	659.45
-1991.39	798.71
-1988.45	792.56
-1985.52	774.13
-1982.59	845.81
-1979.67	743.41
-1976.74	796.66
-1973.81	913.39
-1970.89	884.72
-1967.96	905.20
-1965.04	724.98
-1962.12	858.10
-1959.20	757.75
-1956.28	878.58
-1953.36	774.13
-1950.45	778.23
-1947.53	632.82
-1944.62	739.32
-1941.70	630.77
-1938.79	655.35
-1935.88	690.17
-1932.97	743.41
-1930.06	942.07
-1927.15	710.65
-1924.25	710.65
-1921.34	692.21
-1918.44	786.42
-1915.54	761.84
-1912.63	657.40
-1909.73	706.55
-1906.83	684.02
-1903.94	958.45
-1901.04	651.25
-1898.14	749.56
-1895.25	696.31
-1892.36	944.11
-1889.46	903.15
-1886.57	708.60
-1883.68	581.62
-1880.79	753.65
-1877.91	724.98
-1875.02	632.82
-1872.13	792.56
-1869.25	858.10
-1866.37	727.03
-1863.48	841.72
-1860.60	743.41
-1857.72	761.84
-1854.84	796.66
-1851.97	665.59
-1849.09	720.88
-1846.22	796.66
-1843.34	800.76
-1840.47	708.60
-1837.60	831.48
-1834.73	733.17
-1831.86	638.97
-1828.99	751.60
-1826.12	788.47
-1823.26	630.77
-1820.39	854.00
-1817.53	833.52
-1814.67	872.43
-1811.80	755.70
-1808.94	686.07
-1806.08	798.71
-1803.23	716.79
-1800.37	673.78
-1797.51	770.04
-1794.66	655.35
-1791.81	665.59
-1788.95	630.77
-1786.10	694.26
-1783.25	784.37
-1780.40	573.43
-1777.56	714.74
-1774.71	819.19
-1771.86	665.59
-1769.02	706.55
-1766.18	743.41
-1763.33	716.79
-1760.49	673.78
-1757.65	747.51
-1754.81	690.17
-1751.98	626.68
-1749.14	659.45
-1746.30	759.80
-1743.47	745.46
-1740.64	999.41
-1737.81	800.76
-1734.97	835.57
-1732.14	862.19
-1729.32	739.32
-1726.49	804.85
-1723.66	729.08
-1720.84	886.77
-1718.01	784.37
-1715.19	985.07
-1712.37	788.47
-1709.55	673.78
-1706.73	669.69
-1703.91	862.19
-1701.09	749.56
-1698.27	935.92
-1695.46	894.96
-1692.65	860.15
-1689.83	737.27
-1687.02	727.03
-1684.21	673.78
-1681.40	827.38
-1678.59	937.97
-1675.78	612.34
-1672.98	737.27
-1670.17	761.84
-1667.37	919.54
-1664.56	786.42
-1661.76	790.52
-1658.96	790.52
-1656.16	747.51
-1653.36	872.43
-1650.57	833.52
-1647.77	710.65
-1644.97	704.50
-1642.18	595.96
-1639.39	741.36
-1636.60	700.41
-1633.80	675.83
-1631.01	790.52
-1628.23	763.89
-1625.44	653.30
-1622.65	712.69
-1619.87	751.60
-1617.08	841.72
-1614.30	833.52
-1611.52	755.70
-1608.74	720.89
-1605.96	706.55
-1603.18	784.37
-1600.40	786.42
-1597.62	845.81
-1594.85	833.52
-1592.07	786.42
-1589.30	638.97
-1586.53	780.28
-1583.76	759.80
-1580.99	655.35
-1578.22	700.41
-1575.45	800.76
-1572.68	679.93
-1569.92	751.60
-1567.15	602.10
-1564.39	753.65
-1561.63	866.29
-1558.86	894.96
-1556.10	708.60
-1553.34	749.56
-1550.59	606.20
-1547.83	831.48
-1545.07	942.07
-1542.32	796.66
-1539.56	753.65
-1536.81	751.60
-1534.06	651.25
-1531.31	786.42
-1528.56	909.30
-1525.81	677.88
-1523.06	835.57
-1520.32	841.72
-1517.57	647.16
-1514.83	792.56
-1512.09	862.19
-1509.34	909.30
-1506.60	608.25
-1503.86	886.77
-1501.12	600.05
-1498.39	845.81
-1495.65	595.96
-1492.91	792.56
-1490.18	622.58
-1487.45	686.07
-1484.71	696.31
-1481.98	583.67
-1479.25	638.97
-1476.52	790.52
-1473.80	698.36
-1471.07	868.34
-1468.34	772.08
-1465.62	712.69
-1462.89	749.56
-1460.17	874.48
-1457.45	585.72
-1454.73	684.02
-1452.01	831.48
-1449.29	782.32
-1446.57	698.36
-1443.86	751.60
-1441.14	692.21
-1438.43	737.27
-1435.71	681.97
-1433.00	638.97
-1430.29	659.45
-1427.58	700.41
-1424.87	632.82
-1422.16	698.36
-1419.46	665.59
-1416.75	577.53
-1414.05	641.01
-1411.34	833.52
-1408.64	751.60
-1405.94	872.43
-1403.24	755.70
-1400.54	632.82
-1397.84	759.80
-1395.14	804.85
-1392.45	759.80
-1389.75	763.89
-1387.06	806.90
-1384.36	741.36
-1381.67	655.35
-1378.98	802.80
-1376.29	847.86
-1373.60	872.43
-1370.91	876.53
-1368.23	911.35
-1365.54	854.00
-1362.86	741.36
-1360.17	907.25
-1357.49	825.33
-1354.81	802.80
-1352.13	759.80
-1349.45	829.43
-1346.77	888.82
-1344.09	989.17
-1341.42	763.89
-1338.74	888.82
-1336.07	823.28
-1333.39	731.12
-1330.72	704.50
-1328.05	692.21
-1325.38	800.76
-1322.71	780.28
-1320.04	796.66
-1317.37	589.82
-1314.71	716.79
-1312.04	747.51
-1309.38	851.95
-1306.72	645.11
-1304.05	790.52
-1301.39	608.25
-1298.73	864.24
-1296.08	712.69
-1293.42	628.73
-1290.76	659.45
-1288.10	761.84
-1285.45	733.17
-1282.80	763.89
-1280.14	845.81
-1277.49	890.87
-1274.84	788.47
-1272.19	802.80
-1269.54	718.84
-1266.90	729.08
-1264.25	663.54
-1261.60	858.10
-1258.96	821.24
-1256.32	774.13
-1253.67	704.50
-1251.03	624.63
-1248.39	655.35
-1245.75	645.11
-1243.11	854.00
-1240.48	851.95
-1237.84	681.97
-1235.20	761.84
-1232.57	716.79
-1229.94	636.92
-1227.31	634.87
-1224.67	720.88
-1222.04	739.32
-1219.41	561.14
-1216.79	827.38
-1214.16	788.47
-1211.53	661.49
-1208.91	716.79
-1206.28	763.89
-1203.66	774.13
-1201.04	845.81
-1198.42	641.01
-1195.80	628.73
-1193.18	767.99
-1190.56	782.32
-1187.94	905.20
-1185.33	903.15
-1182.71	767.99
-1180.10	835.57
-1177.49	536.57
-1174.87	727.03
-1172.26	796.66
-1169.65	743.41
-1167.04	767.99
-1164.44	720.89
-1161.83	737.27
-1159.22	647.16
-1156.62	688.12
-1154.01	802.80
-1151.41	686.07
-1148.81	694.26
-1146.21	681.97
-1143.61	665.59
-1141.01	686.07
-1138.41	841.72
-1135.81	817.14
-1133.22	677.88
-1130.62	767.99
-1128.03	710.65
-1125.44	843.76
-1122.84	645.11
-1120.25	774.13
-1117.66	800.76
-1115.07	630.77
-1112.49	731.12
-1109.90	712.69
-1107.31	696.31
-1104.73	622.58
-1102.14	851.96
-1099.56	632.82
-1096.98	737.27
-1094.40	690.17
-1091.82	649.21
-1089.24	856.05
-1086.66	784.37
-1084.08	829.43
-1081.51	794.61
-1078.93	712.69
-1076.36	714.74
-1073.79	815.09
-1071.21	686.07
-1068.64	706.55
-1066.07	806.90
-1063.50	743.41
-1060.93	708.60
-1058.37	757.75
-1055.80	802.80
-1053.24	854.00
-1050.67	776.18
-1048.11	823.28
-1045.55	765.94
-1042.99	847.86
-1040.42	653.30
-1037.87	729.08
-1035.31	747.51
-1032.75	632.82
-1030.19	825.33
-1027.64	665.59
-1025.08	813.04
-1022.53	831.48
-1019.98	747.51
-1017.43	823.28
-1014.88	702.45
-1012.33	651.25
-1009.78	784.37
-1007.23	581.62
-1004.68	772.08
-1002.14	765.94
-999.59	677.88
-997.05	747.51
-994.51	630.77
-991.96	681.97
-989.42	774.13
-986.88	665.59
-984.34	704.50
-981.81	798.71
-979.27	708.60
-976.73	659.45
-974.20	571.38
-971.66	765.94
-969.13	790.52
-966.60	741.36
-964.07	684.02
-961.54	653.30
-959.01	786.42
-956.48	755.70
-953.95	772.08
-951.43	716.79
-948.90	714.74
-946.38	776.18
-943.85	743.41
-941.33	772.08
-938.81	878.58
-936.29	876.53
-933.77	823.28
-931.25	913.39
-928.73	514.04
-926.22	700.41
-923.70	677.88
-921.19	735.22
-918.67	765.94
-916.16	915.44
-913.65	569.34
-911.14	798.71
-908.63	770.04
-906.12	841.72
-903.61	888.82
-901.10	696.31
-898.59	681.97
-896.09	702.45
-893.59	706.55
-891.08	823.28
-888.58	767.99
-886.08	651.25
-883.58	724.98
-881.08	817.14
-878.58	866.29
-876.08	774.13
-873.58	761.84
-871.09	856.05
-868.59	788.47
-866.10	913.39
-863.61	653.30
-861.12	583.67
-858.62	747.51
-856.13	727.03
-853.64	815.09
-851.16	733.17
-848.67	663.54
-846.18	796.66
-843.70	657.40
-841.21	849.91
-838.73	712.69
-836.25	815.09
-833.77	704.50
-831.28	718.84
-828.81	720.89
-826.33	829.43
-823.85	868.34
-821.37	866.29
-818.90	815.09
-816.42	794.61
-813.95	593.91
-811.47	751.60
-809.00	448.51
-806.53	913.39
-804.06	731.12
-801.59	477.18
-799.12	952.31
-796.65	800.76
-794.19	825.33
-791.72	761.84
-789.26	747.51
-786.79	804.85
-784.33	808.95
-781.87	937.97
-779.41	761.84
-776.95	778.23
-774.49	778.23
-772.03	872.43
-769.57	708.60
-767.12	899.06
-764.66	821.24
-762.21	733.17
-759.75	833.52
-757.30	753.65
-754.85	876.53
-752.40	884.72
-749.95	747.51
-747.50	909.30
-745.05	841.72
-742.60	905.20
-740.16	864.24
-737.71	909.30
-735.27	755.70
-732.82	978.93
-730.38	880.63
-727.94	1026.03
-725.50	909.30
-723.06	903.15
-720.62	851.95
-718.18	991.22
-715.74	962.55
-713.31	1062.90
-710.87	1091.57
-708.44	921.59
-706.01	874.48
-703.57	1118.19
-701.14	1103.86
-698.71	935.92
-696.28	980.98
-693.85	872.43
-691.42	882.67
-689.00	860.15
-686.57	942.07
-684.15	921.59
-681.72	798.71
-679.30	796.66
-676.88	909.30
-674.45	882.67
-672.03	794.61
-669.61	901.11
-667.20	749.56
-664.78	935.92
-662.36	968.69
-659.94	1028.08
-657.53	931.83
-655.12	802.80
-652.70	800.76
-650.29	829.43
-647.88	839.67
-645.47	854.00
-643.06	862.19
-640.65	624.63
-638.24	913.39
-635.83	997.36
-633.43	940.02
-631.02	780.28
-628.62	1013.74
-626.22	757.75
-623.81	876.53
-621.41	851.95
-619.01	1001.46
-616.61	888.82
-614.21	862.19
-611.81	849.91
-609.42	1017.84
-607.02	907.25
-604.63	876.53
-602.23	964.59
-599.84	919.54
-597.45	927.73
-595.05	962.55
-592.66	1005.55
-590.27	1001.46
-587.88	827.38
-585.50	985.07
-583.11	817.14
-580.72	868.34
-578.34	997.36
-575.95	925.68
-573.57	1046.51
-571.19	825.33
-568.80	870.39
-566.42	913.39
-564.04	897.01
-561.66	921.59
-559.29	888.82
-556.91	856.05
-554.53	1081.33
-552.16	1148.91
-549.78	1046.51
-547.41	923.63
-545.03	1181.68
-542.66	1011.70
-540.29	870.39
-537.92	999.41
-535.55	950.26
-533.18	907.25
-530.81	835.57
-528.45	1224.69
-526.08	1011.70
-523.72	854.00
-521.35	946.16
-518.99	866.29
-516.63	874.48
-514.27	911.35
-511.90	919.54
-509.54	1044.46
-507.19	909.30
-504.83	913.39
-502.47	1036.27
-500.11	1122.29
-497.76	1191.92
-495.40	899.06
-493.05	966.64
-490.70	946.16
-488.35	1013.74
-486.00	1110.00
-483.65	1081.33
-481.30	974.83
-478.95	1120.24
-476.60	1060.85
-474.25	1085.42
-471.91	1040.37
-469.56	915.44
-467.22	819.19
-464.88	1095.66
-462.53	874.48
-460.19	972.79
-457.85	950.26
-455.51	946.16
-453.17	1085.42
-450.84	1003.50
-448.50	1056.75
-446.16	1048.56
-443.83	925.68
-441.49	854.00
-439.16	1064.94
-436.83	862.19
-434.50	960.50
-432.16	1030.13
-429.83	1189.87
-427.50	829.43
-425.18	1017.84
-422.85	913.39
-420.52	827.38
-418.20	929.78
-415.87	751.60
-413.55	856.05
-411.22	798.71
-408.90	782.32
-406.58	720.88
-404.26	585.72
-401.94	698.36
-399.62	759.80
-397.30	626.68
-394.99	739.32
-392.67	731.12
-390.35	755.70
-388.04	516.09
-385.73	649.21
-383.41	583.67
-381.10	434.17
-378.79	509.94
-376.48	589.82
-374.17	720.89
-371.86	555.00
-369.55	614.39
-367.25	653.30
-364.94	749.56
-362.64	743.41
-360.33	567.29
-358.03	649.21
-355.73	741.36
-353.42	673.78
-351.12	477.18
-348.82	806.90
-346.52	731.12
-344.23	731.12
-341.93	700.41
-339.63	634.87
-337.34	649.21
-335.04	825.33
-332.75	788.47
-330.45	759.80
-328.16	663.54
-325.87	632.82
-323.58	493.56
-321.29	804.85
-319.00	677.88
-316.71	741.36
-314.42	667.64
-312.14	655.35
-309.85	579.58
-307.57	636.92
-305.28	759.80
-303.00	755.70
-300.72	655.35
-298.44	636.92
-296.16	681.97
-293.88	546.81
-291.60	667.64
-289.32	538.62
-287.04	901.11
-284.77	655.35
-282.49	667.64
-280.22	681.97
-277.94	890.87
-275.67	698.36
-273.40	729.08
-271.13	571.38
-268.85	602.10
-266.59	763.89
-264.32	542.71
-262.05	661.49
-259.78	745.46
-257.51	632.82
-255.25	759.80
-252.98	563.19
-250.72	737.27
-248.46	667.64
-246.20	677.88
-243.93	747.51
-241.67	770.04
-239.41	632.82
-237.16	708.60
-234.90	591.86
-232.64	653.30
-230.38	624.63
-228.13	528.38
-225.87	620.53
-223.62	587.77
-221.37	710.65
-219.11	739.32
-216.86	571.38
-214.61	511.99
-212.36	716.79
-210.11	641.01
-207.87	669.69
-205.62	829.43
-203.37	735.22
-201.13	628.73
-198.88	788.47
-196.64	587.77
-194.39	575.48
-192.15	753.65
-189.91	626.68
-187.67	712.69
-185.43	684.02
-183.19	618.49
-180.95	686.07
-178.72	622.58
-176.48	618.49
-174.24	733.17
-172.01	731.12
-169.77	530.42
-167.54	620.53
-165.31	581.62
-163.08	577.53
-160.85	591.86
-158.62	628.73
-156.39	659.45
-154.16	649.21
-151.93	608.25
-149.70	745.46
-147.48	530.42
-145.25	575.48
-143.03	634.87
-140.81	667.64
-138.58	684.02
-136.36	614.39
-134.14	684.02
-131.92	673.78
-129.70	561.14
-127.48	659.45
-125.26	626.68
-123.05	684.02
-120.83	696.31
-118.62	727.03
-116.40	569.34
-114.19	593.91
-111.97	612.34
-109.76	632.82
-107.55	708.60
-105.34	624.63
-103.13	608.25
-100.92	714.74
-98.71	688.12
-96.51	759.80
-94.30	708.60
-92.09	712.69
-89.89	555.00
-87.69	786.42
-85.48	653.30
-83.28	595.96
-81.08	677.88
-78.88	700.41
-76.68	651.25
-74.48	626.68
-72.28	618.49
-70.08	608.25
-67.88	579.58
-65.69	735.22
-63.49	614.39
-61.30	620.53
-59.11	645.11
-56.91	665.59
-54.72	622.58
-52.53	702.45
-50.34	587.77
-48.15	686.07
-45.96	591.86
-43.77	694.26
-41.59	585.72
-39.40	573.43
-37.21	595.96
-35.03	677.88
-32.84	718.84
-30.66	679.93
-28.48	638.97
-26.30	663.54
-24.12	686.07
-21.94	796.66
-19.76	876.53
-17.58	1507.31
-15.40	2054.11
-13.22	3184.59
-11.05	4222.91
-8.87	5285.81
-6.70	6121.38
-4.52	6500.25
-2.35	6565.79
-0.18	7079.83
1.99	7102.36
4.16	6371.23
6.33	5474.22
8.50	5021.62
10.67	3899.33
12.84	3631.05
15.00	3317.71
17.17	2777.05
19.33	2160.61
21.50	2000.87
23.66	1626.09
25.83	1345.52
27.99	1189.87
30.15	925.68
32.31	903.15
34.47	729.08
36.63	634.87
38.79	651.25
40.94	667.64
43.10	536.57
45.25	679.93
47.41	720.89
49.56	698.36
51.72	694.26
53.87	681.97
56.02	794.61
58.17	718.84
60.32	808.95
62.47	626.68
64.62	647.16
66.77	608.25
68.92	694.26
71.06	745.46
73.21	663.54
75.35	616.44
77.50	686.07
79.64	835.57
81.78	587.77
83.92	567.29
86.06	559.10
88.20	784.37
90.34	729.08
92.48	688.12
94.62	811.00
96.76	575.48
98.89	651.25
101.03	606.20
103.16	688.12
105.30	724.98
107.43	737.27
109.56	798.71
111.69	903.15
113.82	776.18
115.95	866.29
118.08	835.57
120.21	911.35
122.34	874.48
124.47	882.67
126.59	993.26
128.72	980.98
130.84	1073.14
132.97	1112.05
135.09	995.31
137.21	1116.14
139.33	952.31
141.45	1173.49
143.57	1222.64
145.69	1337.32
147.81	1376.24
149.93	1345.52
152.05	1683.43
154.16	1796.07
156.28	1642.47
158.39	1785.83
160.51	1769.44
162.62	1890.28
164.73	1785.83
166.85	1951.71
168.96	1972.19
171.07	1677.29
173.18	1890.28
175.28	1873.89
177.39	1855.46
179.50	2043.87
181.61	2078.69
183.71	2129.89
185.82	1982.43
187.92	2174.94
190.02	2254.81
192.13	2156.51
194.23	2119.65
196.33	2269.15
198.43	2351.07
200.53	2211.81
202.63	2324.44
204.72	2295.77
206.82	2060.26
208.92	2412.51
211.01	2281.44
213.11	2367.45
215.20	2281.44
217.30	2478.04
219.39	2396.12
221.48	2545.63
223.57	2289.63
225.66	2379.74
227.75	2406.36
229.84	2527.19
231.93	2471.90
234.02	2385.88
236.10	2410.46
238.19	2553.82
240.28	2529.24
242.36	2494.43
244.44	2648.02
246.53	2809.81
248.61	2678.74
250.69	2863.06
252.77	2850.77
254.85	3059.67
256.93	3260.37
259.01	3174.35
261.09	3538.89
263.16	3305.42
265.24	3837.89
267.32	4407.23
269.39	4575.16
271.46	5523.37
273.54	6082.47
275.61	6926.23
277.68	7417.74
279.75	7753.61
281.82	8017.80
283.89	8675.20
285.96	8537.98
288.03	8226.69
290.10	8060.80
292.16	7382.93
294.23	7045.01
296.29	6500.25
298.36	6295.46
300.42	5590.95
302.49	5150.64
304.55	4526.01
306.61	4292.54
308.67	4138.94
310.73	3686.34
312.79	3483.59
314.85	3217.36
316.90	3200.98
318.96	3045.33
321.02	2975.70
323.07	2897.88
325.13	2867.16
327.18	2865.11
329.24	2744.28
331.29	2715.61
333.34	2799.57
335.39	2514.91
337.44	2756.57
339.49	2514.91
341.54	2516.95
343.59	2609.11
345.64	2488.28
347.68	2496.47
349.73	2547.67
351.77	2521.05
353.82	2533.34
355.86	2584.54
357.90	2357.21
359.95	2697.17
361.99	2475.99
364.03	2482.14
366.07	2523.10
368.11	2406.36
370.15	2359.26
372.19	2469.85
374.22	2557.91
376.26	2408.41
378.29	2555.87
380.33	2480.09
382.36	2398.17
384.40	2455.51
386.43	2688.98
388.46	2562.01
390.49	2555.86
392.52	2533.34
394.55	2623.45
396.58	2609.11
398.61	2619.35
400.64	2445.27
402.67	2553.82
404.69	2420.70
406.72	2619.35
408.74	2551.77
410.77	2629.59
412.79	2686.94
414.81	2494.43
416.84	2504.67
418.86	2553.82
420.88	2412.51
422.90	2688.98
424.92	2551.77
426.94	2408.41
428.95	2693.08
430.97	2664.41
432.99	2555.87
435.00	2465.75
437.02	2527.19
439.03	2578.39
441.04	2629.59
443.06	2617.30
445.07	2670.55
447.08	2605.02
449.09	2519.00
451.10	2639.83
453.11	2447.32
455.12	2756.57
457.13	2584.54
459.13	2736.09
461.14	2754.52
463.14	2674.65
465.15	2582.49
467.15	2594.78
469.16	2588.63
471.16	2629.59
473.16	2588.63
475.16	2799.57
477.16	2455.51
479.16	2648.02
481.16	2629.59
483.16	2643.93
485.16	2688.98
487.15	2627.54
489.15	2562.01
491.15	2543.58
493.14	2658.26
495.14	2652.12
497.13	2506.71
499.12	2705.37
501.11	2516.95
503.11	2713.56
505.10	2594.78
507.09	2486.23
509.07	2678.74
511.06	2547.67
513.05	2500.57
515.04	2566.10
517.02	2738.13
519.01	2707.41
521.00	2701.27
522.98	2752.47
524.96	2617.30
526.95	2672.60
528.93	2551.77
530.91	2596.82
532.89	2684.89
534.87	2891.73
536.85	2631.64
538.83	2664.41
540.81	2701.27
542.78	2758.61
544.76	2897.88
546.74	2947.03
548.71	2885.59
550.69	2723.80
552.66	2760.66
554.63	2639.83
556.60	2650.07
558.58	2754.52
560.55	2750.42
562.52	2750.42
564.49	2605.02
566.46	2756.57
568.42	2801.62
570.39	2688.98
572.36	2676.70
574.32	2758.61
576.29	2559.96
578.25	2848.72
580.22	2756.57
582.18	2645.98
584.14	2938.84
586.11	2781.14
588.07	2729.94
590.03	2832.34
591.99	2793.43
593.95	2734.04
595.90	2891.73
597.86	2861.01
599.82	2916.31
601.78	2832.34
603.73	2803.67
605.69	2803.67
607.64	2803.67
609.59	2844.63
611.55	2574.30
613.50	2807.77
615.45	2766.81
617.40	2926.55
619.35	2867.16
621.30	2938.84
623.25	3092.43
625.20	3035.09
627.15	3010.51
629.09	2815.96
631.04	3076.05
632.98	2994.13
634.93	2762.71
636.87	3063.76
638.82	3026.90
640.76	3043.28
642.70	3088.34
644.64	3108.82
646.58	2949.08
648.52	3037.14
650.46	2844.63
652.40	2963.41
654.34	2936.79
656.27	3016.66
658.21	3051.47
660.15	2975.70
662.08	3117.01
664.02	3299.28
665.95	3153.87
667.88	3186.64
669.82	3258.32
671.75	3469.26
673.68	3426.25
675.61	3456.97
677.54	3295.18
679.47	3321.81
681.40	3491.79
683.32	3678.15
685.25	3903.43
687.18	3905.48
689.10	4081.60
691.03	4249.54
692.95	4353.98
694.87	4581.31
696.80	5007.28
698.72	5263.28
700.64	5455.79
702.56	5629.87
704.48	5726.12
706.40	5699.50
708.32	5674.92
710.24	5396.40
712.16	5537.71
714.07	5222.32
715.99	5117.87
717.90	4855.73
719.82	5109.68
721.73	4829.11
723.65	4831.16
725.56	4745.14
727.47	4980.66
729.38	5218.22
731.29	5308.33
733.20	5382.06
735.11	5580.71
737.02	5679.02
738.93	5633.96
740.84	5808.04
742.74	5910.44
744.65	5781.42
746.55	5777.32
748.46	5433.26
750.36	5275.57
752.27	5394.35
754.17	5203.89
756.07	4835.25
757.97	4616.12
759.87	4423.61
761.77	4310.97
763.67	4159.42
765.57	4044.74
767.47	3921.86
769.37	3938.24
771.26	3747.78
773.16	3788.74
775.06	3618.76
776.95	3481.55
778.84	3674.06
780.74	3381.20
782.63	3243.98
784.52	3375.05
786.41	3555.27
788.30	3499.98
790.19	3334.09
792.08	3373.00
793.97	3364.81
795.86	3178.45
797.75	3174.35
799.63	3319.76
801.52	3354.57
803.41	3123.15
805.29	3235.79
807.18	3055.57
809.06	3321.81
810.94	3289.04
812.82	3231.69
814.70	3147.73
816.59	3293.13
818.47	3205.07
820.35	3014.61
822.22	3180.50
824.10	3264.46
825.98	3360.72
827.86	3227.60
829.73	3129.30
831.61	3045.33
833.48	3192.78
835.36	3248.08
837.23	3219.41
839.10	3049.43
840.98	3106.77
842.85	3166.16
844.72	3143.63
846.59	3155.92
848.46	3346.38
850.33	3248.08
852.20	3092.43
854.06	3200.98
855.93	3106.77
857.80	3250.13
859.66	3381.20
861.53	3184.59
863.39	3198.93
865.26	3239.89
867.12	3125.20
868.98	2963.41
870.84	3039.19
872.71	3266.51
874.57	3211.22
876.43	3104.72
878.29	3293.13
880.14	3266.51
882.00	3223.50
883.86	3162.06
885.72	3385.29
887.57	3254.22
889.43	3237.84
891.28	3463.12
893.14	3184.59
894.99	3379.15
896.84	3358.67
898.69	3313.61
900.55	3305.42
902.40	3147.73
904.25	3430.35
906.10	3219.41
907.95	3399.63
909.79	3377.10
911.64	3430.35
913.49	3344.33
915.34	3270.61
917.18	3180.50
919.03	3239.89
920.87	3145.68
922.71	3348.43
924.56	3239.89
926.40	3235.79
928.24	3315.66
930.08	3176.40
931.92	3061.71
933.76	3192.78
935.60	3370.96
937.44	3293.13
939.28	3315.66
941.12	3282.89
942.95	3471.31
944.79	3274.70
946.62	3248.08
948.46	3260.37
950.29	3229.65
952.13	3213.26
953.96	3276.75
955.79	3323.85
957.62	3348.43
959.46	3272.65
961.29	3098.58
963.12	2992.08
964.94	3344.33
966.77	3502.03
968.60	3311.57
970.43	3264.46
972.25	3389.39
974.08	3223.50
975.91	3274.70
977.73	3258.32
979.55	3356.62
981.38	3395.53
983.20	3258.32
985.02	3209.17
986.84	3190.74
988.66	3147.73
990.49	3438.54
992.30	3370.96
994.12	3239.89
995.94	3264.46
997.76	3157.97
999.58	3239.89
1001.39	3225.55
1003.21	3368.91
1005.02	3076.05
1006.84	3274.70
1008.65	3274.70
1010.47	3401.68
1012.28	3164.11
1014.09	3301.33
1015.90	3430.35
1017.71	3286.99
1019.52	3336.14
1021.33	3420.11
1023.14	3370.96
1024.95	3151.82
1026.76	3237.84
1028.56	3354.57
1030.37	3477.45
1032.18	3223.50
1033.98	3495.88
1035.79	3147.73
1037.59	3239.89
1039.39	3227.60
1041.20	3383.24
1043.00	3162.06
1044.80	3330.00
1046.60	3241.93
1048.40	3352.52
1050.20	3264.46
1052.00	3342.28
1053.80	3301.33
1055.59	3082.19
1057.39	3166.16
1059.19	3225.55
1060.98	3342.28
1062.78	3194.83
1064.57	3160.02
1066.37	3067.86
1068.16	3153.87
1069.95	3463.12
1071.75	3411.92
1073.54	3239.89
1075.33	3342.28
1077.12	3356.62
1078.91	3196.88
1080.70	3436.49
1082.48	3182.54
1084.27	3356.62
1086.06	3387.34
1087.85	3313.61
1089.63	3348.43
1091.42	3293.13
1093.20	3516.36
1094.99	3276.75
1096.77	3436.49
1098.55	3487.69
1100.33	3327.95
1102.12	3385.29
1103.90	3577.80
1105.68	3332.05
1107.46	3835.85
1109.24	3284.94
1111.01	3309.52
1112.79	3346.38
1114.57	3516.36
1116.35	3379.15
1118.12	3282.89
1119.90	3522.51
1121.67	3332.05
1123.45	3704.78
1125.22	3180.50
1126.99	3571.66
1128.77	3450.83
1130.54	3610.57
1132.31	3483.59
1134.08	3452.88
1135.85	3655.62
1137.62	3502.03
1139.39	3432.40
1141.15	3659.72
1142.92	3702.73
1144.69	3633.10
1146.46	3866.56
1148.22	3831.75
1149.99	4110.27
1151.75	4034.50
1153.51	3983.30
1155.28	3999.68
1157.04	4089.79
1158.80	4231.10
1160.56	3919.81
1162.32	3862.47
1164.08	3887.04
1165.84	3954.63
1167.60	3768.26
1169.36	3801.03
1171.12	3635.14
1172.88	3606.47
1174.63	3459.02
1176.39	3647.43
1178.14	3407.82
1179.90	3592.14
1181.65	3428.30
1183.41	3649.48
1185.16	3356.62
1186.91	3325.90
1188.66	3567.56
1190.41	3407.82
1192.16	3420.11
1193.91	3278.80
1195.66	3364.81
1197.41	3481.55
1199.16	3346.38
1200.91	3311.57
1202.66	3448.78
1204.40	3401.68
1206.15	3448.78
1207.89	3385.29
1209.64	3258.32
1211.38	3381.20
1213.12	3352.52
1214.87	3243.98
1216.61	3377.10
1218.35	3440.59
1220.09	3362.76
1221.83	3313.61
1223.57	3416.01
1225.31	3424.20
1227.05	3352.52
1228.79	3430.35
1230.52	3272.65
1232.26	3438.54
1234.00	3467.21
1235.73	3282.89
1237.47	3182.54
1239.20	3334.09
1240.94	3350.48
1242.67	3422.16
1244.40	3422.16
1246.13	3395.53
1247.86	3575.75
1249.60	3401.68
1251.33	3512.27
1253.06	3342.28
1254.78	3284.94
1256.51	3612.62
1258.24	3532.75
1259.97	3698.63
1261.69	3616.71
1263.42	3526.60
1265.15	3512.27
1266.87	3471.31
1268.59	3276.75
1270.32	3379.15
1272.04	3350.48
1273.76	3399.63
1275.49	3188.69
1277.21	3409.87
1278.93	3370.96
1280.65	3413.96
1282.37	3321.81
1284.09	3346.38
1285.81	3315.66
1287.52	3436.49
1289.24	3395.53
1290.96	3325.90
1292.67	3514.31
1294.39	3260.37
1296.10	3293.13
1297.82	3465.16
1299.53	3440.59
1301.24	3436.49
1302.96	3549.13
1304.67	3399.63
1306.38	3559.37
1308.09	3434.44
1309.80	3071.95
1311.51	3549.13
1313.22	3538.89
1314.93	3373.00
1316.64	3551.18
1318.34	3442.64
1320.05	3440.59
1321.75	3416.01
1323.46	3217.36
1325.17	3436.49
1326.87	3317.71
1328.57	3454.92
1330.28	3362.76
1331.98	3485.64
1333.68	3301.33
1335.38	3473.35
1337.08	3391.44
1338.78	3524.55
1340.48	3426.25
1342.18	3649.48
1343.88	3524.55
1345.58	3483.59
1347.28	3366.86
1348.97	3485.64
1350.67	3342.28
1352.36	3362.76
1354.06	3540.94
1355.75	3588.04
1357.45	3432.40
1359.14	3381.20
1360.83	3594.19
1362.53	3483.59
1364.22	3440.59
1365.91	3452.88
1367.60	3440.59
1369.29	3645.38
1370.98	3506.12
1372.67	3510.22
1374.35	3545.03
1376.04	3653.58
1377.73	3385.29
1379.41	3753.93
1381.10	3708.87
1382.79	3745.73
1384.47	3690.44
1386.15	3651.53
1387.84	3549.13
1389.52	3667.91
1391.20	3696.58
1392.88	3702.73
1394.57	3700.68
1396.25	3559.37
1397.93	3721.16
1399.61	3788.74
1401.28	3731.40
1402.96	3848.13
1404.64	3882.95
1406.32	4042.69
1407.99	4075.46
1409.67	4224.96
1411.35	4118.47
1413.02	4368.32
1414.70	4483.00
1416.37	4454.33
1418.04	4747.19
1419.71	4902.84
1421.39	4927.41
1423.06	4876.21
1424.73	4865.97
1426.40	5019.57
1428.07	4896.69
1429.74	4837.30
1431.41	4708.28
1433.08	4751.29
1434.74	4331.45
1436.41	4274.11
1438.08	4020.16
1439.74	4249.54
1441.41	4022.21
1443.07	3993.54
1444.74	3805.13
1446.40	4028.35
1448.06	3938.24
1449.72	3694.54
1451.39	3815.37
1453.05	3968.96
1454.71	4028.35
1456.37	3827.65
1458.03	4106.18
1459.69	3608.52
1461.35	4003.78
1463.00	3817.41
1464.66	3522.51
1466.32	3629.00
1467.97	3487.69
1469.63	3741.64
1471.28	3803.08
1472.94	3626.95
1474.59	3749.83
1476.25	3594.19
1477.90	3907.52
1479.55	3712.97
1481.20	3657.67
1482.85	3989.44
1484.50	3579.85
1486.15	3608.52
1487.80	3502.03
1489.45	3436.49
1491.10	3430.35
1492.75	3530.70
1494.40	3606.47
1496.04	3565.51
1497.69	3463.12
1499.33	3663.82
1500.98	3749.83
1502.62	3600.33
1504.27	3676.10
1505.91	3694.54
1507.55	3506.12
1509.19	3655.62
1510.84	3563.47
1512.48	3805.13
1514.12	3647.43
1515.76	3510.22
1517.40	3487.69
1519.04	3563.47
1520.67	3579.85
1522.31	3635.14
1523.95	3682.25
1525.59	3547.08
1527.22	3444.68
1528.86	3784.65
1530.49	3456.97
1532.13	3817.41
1533.76	3561.42
1535.39	3571.66
1537.03	3686.34
1538.66	3538.89
1540.29	3663.82
1541.92	3424.20
1543.55	3497.93
1545.18	3645.38
1546.81	3604.43
1548.44	3653.58
1550.07	3483.59
1551.70	3598.28
1553.32	3454.92
1554.95	3782.60
1556.58	3553.23
1558.20	3508.17
1559.83	3528.65
1561.45	3553.23
1563.07	3393.48
1564.70	3446.73
1566.32	3459.02
1567.94	3391.44
1569.56	3536.84
1571.19	3618.76
1572.81	3629.00
1574.43	3534.79
1576.05	3696.58
1577.66	3456.97
1579.28	3524.55
1580.90	3495.88
1582.52	3653.58
1584.14	3456.97
1585.75	3487.69
1587.37	3411.92
1588.98	3633.10
1590.60	3497.93
1592.21	3334.09
1593.82	3495.88
1595.44	3598.28
1597.05	3545.03
1598.66	3469.26
1600.27	3356.62
1601.88	3321.81
1603.49	3841.99
1605.10	3647.43
1606.71	3446.73
1608.32	3547.08
1609.93	3647.43
1611.54	3413.96
1613.14	3555.27
1614.75	3510.22
1616.36	3409.87
1617.96	3606.47
1619.57	3547.08
1621.17	3514.31
1622.77	3594.19
1624.38	3403.72
1625.98	3606.47
1627.58	3506.12
1629.18	3682.25
1630.78	3432.40
1632.38	3545.03
1633.98	3688.39
1635.58	3655.62
1637.18	3493.83
1638.78	3637.19
1640.38	3721.16
1641.98	3700.68
1643.57	3647.43
1645.17	3643.34
1646.76	3538.89
1648.36	3581.90
1649.95	3764.17
1651.55	3354.57
1653.14	3461.07
1654.73	3559.37
1656.33	3686.34
1657.92	3522.51
1659.51	3610.57
1661.10	3571.66
1662.69	3577.80
1664.28	3620.81
1665.87	3493.83
1667.46	3430.35
1669.05	3651.53
1670.63	3704.78
1672.22	3649.48
1673.81	3534.79
1675.39	3461.07
1676.98	3526.60
1678.56	3403.72
1680.15	3450.83
1681.73	3356.62
1683.31	3409.87
1684.90	3459.02
1686.48	3585.99
1688.06	3495.88
1689.64	3557.32
1691.22	3555.27
1692.80	3686.34
1694.38	3635.14
1695.96	3715.02
1697.54	3786.69
1699.12	3538.89
1700.69	3655.62
1702.27	3655.62
1703.85	3469.26
1705.42	3502.03
1707.00	3395.53
1708.57	3514.31
1710.15	3499.98
1711.72	3395.53
1713.29	3489.74
1714.87	3596.23
1716.44	3547.08
1718.01	3674.06
1719.58	3557.32
1721.15	3444.68
1722.72	3487.69
1724.29	3635.14
1725.86	3450.83
1727.43	3485.64
1729.00	3420.11
1730.56	3583.95
1732.13	3381.20
1733.70	3518.41
1735.26	3409.87
1736.83	3612.62
1738.39	3669.96
1739.96	3706.82
1741.52	3571.66
1743.08	3479.50
1744.65	3430.35
1746.21	3442.64
1747.77	3373.00
1749.33	3506.12
1750.89	3583.95
1752.45	3379.15
1754.01	3547.08
1755.57	3489.74
1757.13	3416.01
1758.69	3295.18
1760.24	3559.37
1761.80	3499.98
1763.36	3452.88
1764.91	3514.31
1766.47	3440.59
1768.02	3565.51
1769.58	3477.45
1771.13	3528.65
1772.68	3532.75
1774.24	3487.69
1775.79	3411.92
1777.34	3338.19
1778.89	3428.30
1780.44	3512.27
1781.99	3313.61
1783.54	3563.47
1785.09	3536.84
1786.64	3616.71
1788.19	3557.32
1789.73	3641.29
1791.28	3534.79
1792.83	3815.37
1794.37	3561.42
1795.92	3649.48
1797.46	3585.99
1799.01	3516.36
1800.55	3514.31
1802.09	3712.97
1803.64	3479.50
1805.18	3590.09
1806.72	3526.60
1808.26	3280.85
1809.80	3864.52
1811.34	3581.90
1812.88	3346.38
1814.42	3608.52
1815.96	3514.31
1817.50	3536.84
1819.04	3321.81
1820.57	3493.83
1822.11	3753.93
1823.65	3481.55
1825.18	3473.36
1826.72	3557.32
1828.25	3680.20
1829.78	3612.62
1831.32	3524.55
1832.85	3573.71
1834.38	3452.88
1835.92	3590.09
1837.45	3553.23
1838.98	3522.51
1840.51	3688.39
1842.04	3784.65
1843.57	3502.03
1845.10	3588.04
1846.62	3897.28
1848.15	3602.38
1849.68	3583.95
1851.21	3635.14
1852.73	3608.52
1854.26	3536.84
1855.78	3567.56
1857.31	3616.71
1858.83	3657.67
1860.36	3524.55
1861.88	3504.07
1863.40	3518.41
1864.92	3610.57
1866.45	3618.76
1867.97	3477.45
1869.49	3432.40
1871.01	3706.82
1872.53	3737.54
1874.05	3680.20
1875.57	3563.47
1877.08	3600.33
1878.60	3450.83
1880.12	3684.30
1881.64	3542.99
1883.15	3487.69
1884.67	3493.83
1886.18	3610.57
1887.70	3561.42
1889.21	3672.01
1890.72	3698.63
1892.24	3504.07
1893.75	3559.37
1895.26	3710.92
1896.77	3465.16
1898.28	3381.20
1899.79	3708.87
1901.30	3727.30
1902.81	3653.58
1904.32	3825.61
1905.83	3702.73
1907.34	3708.87
1908.85	3629.00
1910.35	3588.04
1911.86	3626.95
1913.37	3555.27
1914.87	3768.26
1916.38	3549.13
1917.88	3602.38
1919.39	3504.07
1920.89	3532.75
1922.39	3569.61
1923.89	3645.38
1925.40	3641.29
1926.90	3745.73
1928.40	3665.86
1929.90	3672.01
1931.40	3563.47
1932.90	3866.56
1934.40	3717.06
1935.90	3653.58
1937.39	3493.83
1938.89	3700.68
1940.39	3497.93
1941.89	3559.37
1943.38	3655.62
1944.88	3690.44
1946.37	3760.07
1947.87	3811.27
1949.36	3489.74
1950.85	3745.73
1952.35	3588.04
1953.84	3557.32
1955.33	3577.80
1956.82	3585.99
1958.31	3592.14
1959.80	3583.95
1961.29	3651.53
1962.78	3547.08
1964.27	3565.51
1965.76	3690.44
1967.25	3411.92
1968.74	3674.06
1970.22	3647.43
1971.71	3469.26
1973.20	3475.40
1974.68	3680.20
1976.17	3596.23
1977.65	3669.96
1979.14	3563.47
1980.62	3538.89
1982.10	3614.66
1983.58	3489.74
1985.07	3565.51
1986.55	3585.99
1988.03	3704.78
1989.51	3708.87
1990.99	3592.14
1992.47	3694.54
1993.95	3569.61
1995.43	3493.83
1996.91	3585.99
1998.38	3643.34
1999.86	3590.09
2001.34	3555.27
2002.81	3485.64
2004.29	3680.20
2005.76	3629.00
2007.24	3598.28
2008.71	3608.52
2010.19	3522.51
2011.66	3776.45
2013.13	3604.42
2014.60	3389.39
2016.08	3430.35
2017.55	3512.27
2019.02	3485.64
2020.49	3606.47
2021.96	3358.67
2023.43	3583.95
2024.90	3461.07
2026.36	3540.94
2027.83	3612.62
2029.30	3499.98
2030.77	3469.26
2032.23	3344.33
2033.70	3399.63
2035.16	3540.94
2036.63	3606.47
2038.09	3399.63
2039.56	3614.66
2041.02	3540.94
2042.48	3487.69
2043.95	3448.78
2045.41	3540.94
2046.87	3485.64
2048.33	3481.55
2049.79	3514.31
2051.25	3428.30
2052.71	3256.27
2054.17	3504.07
2055.63	3534.79
2057.09	3397.58
2058.54	3360.72
2060.00	3373.00
2061.46	3561.42
2062.91	3583.95
2064.37	3602.38
2065.82	3450.83
2067.28	3631.05
2068.73	3596.23
2070.19	3536.84
2071.64	3559.37
2073.09	3590.09
2074.54	3387.34
2076.00	3448.78
2077.45	3579.85
2078.90	3381.20
2080.35	3444.68
2081.80	3309.52
2083.25	3491.79
2084.70	3469.26
2086.14	3499.98
2087.59	3289.04
2089.04	3233.74
2090.49	3481.55
2091.93	3637.19
2093.38	3307.47
2094.83	3483.59
2096.27	3366.86
2097.71	3229.65
2099.16	3399.63
2100.60	3452.88
2102.05	3448.78
2103.49	3561.42
2104.93	3514.31
2106.37	3319.76
2107.81	3405.77
2109.25	3432.40
2110.69	3438.54
2112.13	3360.72
2113.57	3465.16
2115.01	3434.44
2116.45	3495.88
2117.89	3489.74
2119.33	3416.01
2120.76	3569.61
2122.20	3553.23
2123.63	3645.38
2125.07	3491.79
2126.51	3442.64
2127.94	3485.64
2129.37	3551.18
2130.81	3403.72
2132.24	3551.18
2133.67	3504.07
2135.11	3522.51
2136.54	3450.83
2137.97	3358.67
2139.40	3301.33
2140.83	3387.34
2142.26	3461.07
2143.69	3368.91
2145.12	3471.31
2146.55	3387.34
2147.97	3407.82
2149.40	3391.44
2150.83	3475.40
2152.25	3493.83
2153.68	3180.50
2155.11	3442.64
2156.53	3235.79
2157.96	3327.95
2159.38	3354.57
2160.80	3239.89
2162.23	3399.63
2163.65	3311.57
2165.07	3338.19
2166.49	3479.50
2167.91	3387.34
2169.33	3497.93
2170.75	3346.38
2172.17	3485.64
2173.59	3231.69
2175.01	3293.13
2176.43	3399.63
2177.85	3389.39
2179.27	3401.68
2180.68	3403.72
2182.10	3532.75
2183.52	3278.80
2184.93	3366.86
2186.35	3659.72
2187.76	3506.12
2189.18	3522.51
2190.59	3473.35
2192.00	3456.97
2193.42	3387.34
2194.83	3377.10
2196.24	3487.69
2197.65	3377.10
2199.06	2990.03
2200.47	3430.35
2201.88	3471.31
2203.29	3448.78
2204.70	3344.33
2206.11	3295.18
2207.52	3463.12
2208.93	3278.80
2210.33	3319.76
2211.74	3545.03
2213.15	3340.24
2214.55	3286.99
2215.96	3213.26
2217.36	3444.68
2218.77	3295.18
2220.17	3309.52
2221.57	3389.39
2222.98	3334.09
2224.38	3399.63
2225.78	3186.64
2227.18	3297.23
2228.58	3342.28
2229.99	3278.80
2231.39	3391.44
2232.79	3354.57
2234.18	3485.64
2235.58	3411.92
2236.98	3198.93
2238.38	3280.85
2239.78	3348.43
2241.17	3280.85
2242.57	3336.14
2243.97	3200.98
2245.36	3243.98
2246.76	3295.18
2248.15	3303.37
2249.55	3237.84
2250.94	3297.23
2252.33	3311.57
2253.73	3309.52
2255.12	3358.67
2256.51	3368.91
2257.90	3112.91
2259.29	3499.98
2260.68	3327.95
2262.07	3207.12
2263.46	3512.27
2264.85	3338.19
2266.24	3098.58
2267.63	3342.29
2269.02	3207.12
2270.40	3317.71
2271.79	3354.57
2273.18	3180.50
2274.56	3207.12
2275.95	3231.69
2277.33	3438.54
2278.72	3203.02
2280.10	3282.89
2281.49	3243.98
2282.87	3358.67
2284.25	3385.29
2285.63	3334.09
2287.02	3547.08
2288.40	3194.83
2289.78	3293.13
2291.16	3180.50
2292.54	3256.27
2293.92	3426.25
2295.30	3413.96
2296.68	3223.50
2298.05	3428.30
2299.43	3516.36
2300.81	3348.43
2302.19	3319.76
2303.56	3315.66
2304.94	3434.44
2306.31	3262.41
2307.69	3364.81
2309.06	3291.09
2310.44	3428.30
2311.81	3276.75
2313.19	3381.20
2314.56	3299.28
2315.93	3444.68
2317.30	3334.09
2318.67	3323.85
2320.04	3338.19
2321.41	3205.07
2322.78	3233.74
2324.15	3164.11
2325.52	3284.94
2326.89	3176.40
2328.26	3198.93
2329.63	3149.78
2331.00	3217.36
2332.36	3153.87
2333.73	3106.77
2335.09	3250.13
2336.46	3213.26
2337.83	3309.52
2339.19	3102.67
2340.55	3176.40
2341.92	3215.31
2343.28	3061.71
2344.64	3221.45
2346.01	3182.54
2347.37	3217.36
2348.73	3112.91
2350.09	3348.43
2351.45	3088.34
2352.81	3180.50
2354.17	3534.79
2355.53	3071.95
2356.89	3147.73
2358.25	3188.69
2359.61	3284.94
2360.96	3200.98
2362.32	3149.78
2363.68	3030.99
2365.03	3264.46
2366.39	3268.56
2367.74	3125.20
2369.10	3198.93
2370.45	3237.84
2371.81	3348.43
2373.16	3299.28
2374.51	3035.09
2375.86	3239.89
2377.22	3319.76
2378.57	3219.41
2379.92	3223.50
2381.27	3233.74
2382.62	3194.83
2383.97	3082.19
2385.32	3229.65
2386.67	3243.98
2388.02	3139.54
2389.37	3125.20
2390.71	3221.45
2392.06	3094.48
2393.41	3059.67
2394.75	3117.01
2396.10	3280.85
2397.44	3192.78
2398.79	3266.51
2400.13	3184.59
2401.48	3002.32
2402.82	3172.30
2404.17	2965.46
2405.51	3112.91
2406.85	3157.97
2408.19	3080.15
2409.53	3184.59
2410.87	3180.50
2412.22	3241.93
2413.56	3145.68
2414.89	3030.99
2416.23	3205.07
2417.57	3274.70
2418.91	3125.20
2420.25	2998.23
2421.59	3088.34
2422.92	2971.60
2424.26	3016.66
2425.60	3174.35
2426.93	3217.36
2428.27	3088.34
2429.60	3129.30
2430.94	3203.02
2432.27	3106.77
2433.60	3074.00
2434.94	2932.69
2436.27	3215.31
2437.60	3182.54
2438.93	3184.59
2440.27	3217.36
2441.60	3272.65
2442.93	2996.18
2444.26	3168.21
2445.59	2867.16
2446.92	2981.84
2448.24	3008.47
2449.57	3053.52
2450.90	3057.62
2452.23	2828.24
2453.55	3002.32
2454.88	3170.26
2456.21	2973.65
2457.53	2973.65
2458.86	3184.59
2460.18	2992.08
2461.51	3108.82
2462.83	3063.76
2464.15	3155.92
2465.48	3045.33
2466.80	3084.24
2468.12	3149.78
2469.44	3129.30
2470.76	3033.04
2472.09	2842.58
2473.41	3024.85
2474.73	3051.47
2476.05	2901.97
2477.36	3059.67
2478.68	3092.43
2480.00	3022.80
2481.32	2987.99
2482.64	3059.67
2483.95	2987.99
2485.27	3069.91
2486.59	2846.68
2487.90	2934.74
2489.22	2967.51
2490.53	3125.20
2491.85	2930.64
2493.16	2893.78
2494.47	2994.13
2495.79	2951.12
2497.10	2981.84
2498.41	2852.82
2499.72	3131.34
2501.03	2936.79
2502.35	3061.71
2503.66	2985.94
2504.97	3157.97
2506.28	3074.00
2507.59	3067.86
2508.89	3182.54
2510.20	3049.43
2511.51	3018.71
2512.82	2930.64
2514.12	2934.74
2515.43	2996.18
2516.74	2826.20
2518.04	2906.07
2519.35	3205.07
2520.65	2854.87
2521.96	2875.35
2523.26	2924.50
2524.57	2895.83
2525.87	3112.91
2527.17	3164.11
2528.47	3043.28
2529.78	2916.31
2531.08	3004.37
2532.38	2928.60
2533.68	2998.23
2534.98	2846.68
2536.28	2965.46
2537.58	2942.93
2538.88	2852.82
2540.18	2670.55
2541.47	2873.30
2542.77	2852.82
2544.07	3082.19
2545.37	3006.42
2546.66	2858.96
2547.96	2998.23
2549.25	2918.36
2550.55	2883.54
2551.84	2688.98
2553.14	2734.04
2554.43	2826.20
2555.72	2932.69
2557.02	2873.30
2558.31	2754.52
2559.60	2830.29
2560.89	3004.37
2562.18	2967.51
2563.48	2942.93
2564.77	2815.96
2566.06	2897.88
2567.35	2967.51
2568.63	2957.27
2569.92	2996.18
2571.21	2727.89
2572.50	2850.77
2573.79	3004.37
2575.07	2813.91
2576.36	2873.30
2577.65	3024.85
2578.93	2848.72
2580.22	3151.82
2581.50	2846.68
2582.79	3018.71
2584.07	2932.69
2585.36	2762.71
2586.64	2949.08
2587.92	2983.89
2589.20	2895.83
2590.49	2775.00
2591.77	2643.93
2593.05	3000.27
2594.33	2830.29
2595.61	3004.37
2596.89	2842.58
2598.17	3020.75
2599.45	3213.26
2600.73	2731.99
2602.00	2797.53
2603.28	3004.37
2604.56	2824.15
2605.84	2899.92
2607.11	2795.48
2608.39	2930.64
2609.67	2897.88
2610.94	2822.10
2612.22	2828.24
2613.49	2863.06
2614.76	2887.64
2616.04	2832.34
2617.31	2775.00
2618.58	2678.74
2619.86	2836.44
2621.13	2684.89
2622.40	2836.44
2623.67	2861.01
2624.94	2920.40
2626.21	2836.44
2627.48	2815.96
2628.75	2611.16
2630.02	2600.92
2631.29	2809.81
2632.56	2686.94
2633.82	2666.46
2635.09	2748.37
2636.36	2930.64
2637.63	2875.35
2638.89	2766.81
2640.16	2703.32
2641.42	3084.24
2642.69	2830.29
2643.95	2820.05
2645.22	2648.02
2646.48	2688.98
2647.74	2740.18
2649.01	2633.69
2650.27	2748.37
2651.53	2723.80
2652.79	2592.73
2654.05	2695.13
2655.31	2639.83
2656.57	2725.85
2657.83	2592.73
2659.09	2787.29
2660.35	2756.57
2661.61	2846.68
2662.87	2887.64
2664.13	2664.41
2665.38	2904.02
2666.64	2754.52
2667.90	2658.26
2669.15	2705.37
2670.41	2738.13
2671.67	2740.18
2672.92	2928.60
2674.17	2740.18
2675.43	2635.74
2676.68	2721.75
2677.94	2562.01
2679.19	2856.92
2680.44	2822.10
2681.69	2656.22
2682.95	2824.15
2684.20	2686.94
2685.45	3108.82
2686.70	2877.40
2687.95	2748.37
2689.20	3051.47
2690.45	2746.33
2691.70	2840.53
2692.94	2707.41
2694.19	2760.66
2695.44	2779.09
2696.69	2613.21
2697.93	2848.72
2699.18	2682.84
2700.43	2830.29
2701.67	2877.40
2702.92	2795.48
2704.16	2850.77
2705.41	2664.41
2706.65	2777.05
2707.89	2768.85
2709.14	2744.28
2710.38	2744.28
2711.62	2895.83
2712.86	2697.17
2714.11	2590.68
2715.35	2867.16
2716.59	2705.37
2717.83	2740.18
2719.07	2664.41
2720.31	2693.08
2721.55	2625.50
2722.78	2793.43
2724.02	2748.37
2725.26	2576.34
2726.50	2598.87
2727.73	2992.08
2728.97	2895.83
2730.21	2535.39
2731.44	2762.71
2732.68	2858.96
2733.91	2691.03
2735.15	2572.25
2736.38	2664.41
2737.62	2570.20
2738.85	2703.32
2740.08	2770.90
2741.32	2826.20
2742.55	2523.10
2743.78	2766.81
2745.01	2815.96
2746.24	2930.64
2747.47	2701.27
2748.70	2865.11
2749.93	2691.03
2751.16	2856.92
2752.39	2684.89
2753.62	2705.37
2754.85	2688.98
2756.08	2793.43
2757.30	2652.12
2758.53	2688.98
2759.76	2535.39
2760.98	2781.14
2762.21	2715.61
2763.43	2779.09
2764.66	2873.30
2765.88	2725.85
2767.11	2643.93
2768.33	2750.42
2769.55	2713.56
2770.78	2852.82
2772.00	2482.14
2773.22	2523.10
2774.44	2541.53
2775.67	2758.61
2776.89	2639.83
2778.11	2508.76
2779.33	2570.20
2780.55	2602.97
2781.77	2752.47
2782.99	2756.57
2784.20	2725.85
2785.42	2822.10
2786.64	2510.81
2787.86	2721.75
2789.07	2736.09
2790.29	2693.08
2791.51	2633.69
2792.72	2578.39
2793.94	2844.63
2795.15	2731.99
2796.37	2744.28
2797.58	2746.33
2798.80	2625.50
2800.01	2799.57
2801.22	2623.45
2802.44	2795.48
2803.65	2666.46
2804.86	2654.17
2806.07	2676.70
2807.28	2527.19
2808.49	2541.53
2809.70	2584.54
2810.91	2605.02
2812.12	2715.61
2813.33	2551.77
2814.54	2717.65
2815.75	2629.59
2816.96	2678.74
2818.16	2678.74
2819.37	2641.88
2820.58	2623.45
2821.78	2688.98
2822.99	2570.20
2824.20	2488.28
2825.40	2658.26
2826.61	2588.63
2827.81	2645.98
2829.01	2635.74
2830.22	2588.63
2831.42	2738.13
2832.62	2439.13
2833.83	2693.08
2835.03	2594.78
2836.23	2521.05
2837.43	2543.58
2838.63	2533.34
2839.83	2731.99
2841.03	2658.26
2842.23	2619.35
2843.43	2664.41
2844.63	2494.43
2845.83	2762.71
2847.03	2527.19
2848.22	2598.87
2849.42	2521.05
2850.62	2684.89
2851.81	2693.08
2853.01	2428.89
2854.21	2594.78
2855.40	2586.58
2856.60	2486.23
2857.79	2584.54
2858.99	2418.65
2860.18	2410.46
2861.37	2578.39
2862.57	2676.70
2863.76	2529.24
2864.95	2537.43
2866.14	2713.56
2867.33	2381.79
2868.52	2566.10
2869.72	2527.19
2870.91	2494.43
2872.10	2676.70
2873.28	2484.19
2874.47	2641.88
2875.66	2650.07
2876.85	2615.26
2878.04	2703.32
2879.23	2611.16
2880.41	2447.32
2881.60	2537.43
2882.79	2578.39
2883.97	2490.33
2885.16	2619.35
2886.34	2588.63
2887.53	2525.15
2888.71	2707.41
2889.90	2699.22
2891.08	2723.80
2892.26	2697.17
2893.45	2545.63
2894.63	2600.92
2895.81	2498.52
2896.99	2557.91
2898.17	2584.54
2899.36	2504.67
2900.54	2531.29
2901.72	2406.36
2902.90	2408.41
2904.08	2607.06
2905.26	2248.67
2906.43	2437.08
2907.61	2633.69
2908.79	2541.53
2909.97	2543.58
2911.14	2541.53
2912.32	2519.00
2913.50	2459.61
2914.67	2437.08
2915.85	2650.07
2917.02	2559.96
2918.20	2367.45
2919.37	2600.92
2920.55	2506.71
2921.72	2496.47
2922.90	2570.20
2924.07	2492.38
2925.24	2584.54
2926.41	2469.85
2927.58	2725.85
2928.76	2287.58
2929.93	2557.91
2931.10	2461.66
2932.27	2596.82
2933.44	2668.50
2934.61	2480.09
2935.78	2377.69
2936.95	2269.15
2938.11	2664.41
2939.28	2691.03
2940.45	2379.74
2941.62	2500.57
2942.78	2478.04
2943.95	2412.51
2945.12	2639.83
2946.28	2541.53
2947.45	2430.94
2948.61	2617.30
2949.78	2455.51
2950.94	2697.17
2952.10	2607.06
2953.27	2758.61
2954.43	2697.17
2955.59	2576.34
2956.76	2596.82
2957.92	2435.03
2959.08	2676.70
2960.24	2641.88
2961.40	2486.23
2962.56	2674.65
2963.72	2809.81
2964.88	2721.75
2966.04	2752.47
2967.20	2465.75
2968.36	2668.50
2969.52	2709.46
2970.67	2609.11
2971.83	2734.04
2972.99	2701.27
2974.14	2764.76
2975.30	2975.70
2976.46	2799.57
2977.61	2916.31
2978.77	3006.42
2979.92	3088.34
2981.08	3129.30
2982.23	3227.60
2983.38	3205.07
2984.54	3350.48
2985.69	3446.73
2986.84	3588.04
2987.99	3403.72
2989.15	3467.21
2990.30	3368.91
2991.45	3301.33
2992.60	3438.54
2993.75	3381.20
2994.90	3438.54
2996.05	3243.98
2997.20	3260.37
2998.35	3188.69
2999.49	3074.00
3000.64	3049.43
3001.79	3035.09
3002.94	2951.12
3004.08	3043.28
3005.23	2906.07
3006.38	2875.35
3007.52	2955.22
3008.67	2867.16
3009.81	2834.39
3010.96	2633.69
3012.10	2877.40
3013.25	2678.74
3014.39	2775.00
3015.53	2652.12
3016.67	2682.84
3017.82	2822.10
3018.96	2940.88
3020.10	2867.16
3021.24	2887.64
3022.38	2936.79
3023.52	2836.44
3024.66	2838.48
3025.80	2793.43
3026.94	2772.95
3028.08	2701.27
3029.22	2605.02
3030.36	2832.34
3031.50	3006.42
3032.63	2895.83
3033.77	2746.33
3034.91	2977.75
3036.04	3002.32
3037.18	2987.99
3038.32	2961.36
3039.45	2881.49
3040.59	3041.23
3041.72	3205.07
3042.86	3100.62
3043.99	3360.72
3045.12	3291.09
3046.26	3475.40
3047.39	3227.60
3048.52	3209.17
3049.65	3315.66
3050.78	3477.45
3051.92	3567.56
3053.05	3637.19
3054.18	3536.84
3055.31	3495.88
3056.44	3579.85
3057.57	3516.36
3058.70	3475.40
3059.82	3209.17
3060.95	3366.86
3062.08	3317.71
3063.21	3352.52
3064.34	3323.85
3065.46	3319.76
3066.59	3268.56
3067.71	3325.90
3068.84	3268.56
3069.97	3090.38
3071.09	3033.04
3072.22	2899.92
3073.34	2811.86
3074.46	3012.56
3075.59	2836.44
3076.71	2918.36
3077.83	2779.09
3078.96	2772.95
3080.08	2820.05
3081.20	2791.38
3082.32	2715.61
3083.44	2787.29
3084.56	2785.24
3085.68	2598.87
3086.80	2791.38
3087.92	2697.17
3089.04	2693.08
3090.16	2615.26
3091.28	2813.91
3092.40	2652.12
3093.51	2777.05
3094.63	2600.92
3095.75	2531.29
3096.87	2719.70
3097.98	2717.65
3099.10	2512.86
3100.21	2652.12
3101.33	2531.29
3102.44	2402.27
3103.56	2516.95
3104.67	2465.75
3105.79	2457.56
3106.90	2541.53
3108.01	2562.01
3109.12	2490.33
3110.24	2422.75
3111.35	2559.96
3112.46	2471.90
3113.57	2457.56
3114.68	2334.68
3115.79	2359.26
3116.90	2584.54
3118.01	2508.76
3119.12	2326.49
3120.23	2426.84
3121.34	2484.19
3122.45	2453.47
3123.56	2543.58
3124.66	2224.09
3125.77	2361.31
3126.88	2439.13
3127.98	2242.53
3129.09	2562.01
3130.20	2541.53
3131.30	2392.03
3132.41	2379.74
3133.51	2365.40
3134.61	2363.36
3135.72	2549.72
3136.82	2342.88
3137.93	2422.75
3139.03	2275.29
3140.13	2465.75
3141.23	2373.60
3142.33	2361.31
3143.44	2295.77
3144.54	2260.96
3145.64	2230.24
3146.74	2367.45
3147.84	2215.90
3148.94	2176.99
3150.04	2203.61
3151.14	2320.35
3152.23	2521.05
3153.33	2240.48
3154.43	2142.18
3155.53	2156.51
3156.63	2445.27
3157.72	2402.27
3158.82	2256.86
3159.91	2437.08
3161.01	2447.32
3162.11	2338.78
3163.20	2101.22
3164.30	2297.82
3165.39	2361.31
3166.48	2344.92
3167.58	2287.58
3168.67	2289.63
3169.76	2265.05
3170.86	2217.95
3171.95	2279.39
3173.04	2297.82
3174.13	2256.86
3175.22	2127.84
3176.31	2285.53
3177.40	2156.51
3178.49	2371.55
3179.58	2215.90
3180.67	2410.46
3181.76	2054.11
3182.85	2240.48
3183.94	2148.32
3185.03	2279.39
3186.11	2299.87
3187.20	2246.62
3188.29	2209.76
3189.37	2228.19
3190.46	2342.88
3191.55	2263.01
3192.63	2289.63
3193.72	2084.83
3194.80	2148.32
3195.89	2103.26
3196.97	2058.21
3198.05	2093.02
3199.14	2060.26
3200.22	1951.71
3201.30	2088.93
3202.38	2129.89
3203.47	2269.15
3204.55	2121.70
3205.63	1789.92
3206.71	2314.20
3207.79	2019.30
3208.87	2256.86
3209.95	2183.13
3211.03	2148.32
3212.11	2119.65
3213.19	2283.49
3214.27	2222.05
3215.34	2082.78
3216.42	2084.83
3217.50	2002.91
3218.58	2140.13
3219.65	2029.54
3220.73	2019.30
3221.80	2154.46
3222.88	2140.13
3223.96	2146.27
3225.03	2035.68
3226.10	2146.27
3227.18	2070.50
3228.25	2097.12
3229.33	2254.81
3230.40	1964.00
3231.47	2129.89
3232.54	2076.64
3233.62	2088.93
3234.69	2062.30
3235.76	2017.25
3236.83	2174.94
3237.90	2283.49
3238.97	2193.37
3240.04	2088.93
3241.11	2111.46
3242.18	2062.30
3243.25	2015.20
3244.32	2062.30
3245.39	2226.14
3246.45	1992.67
3247.52	2035.68
3248.59	2138.08
3249.66	2103.26
3250.72	2209.76
3251.79	2031.58
3252.85	2119.65
3253.92	2072.54
3254.98	2002.91
3256.05	1988.58
3257.11	1976.29
3258.18	1906.66
3259.24	2019.30
3260.30	1933.28
3261.37	2060.26
3262.43	2123.74
3263.49	2027.49
3264.55	2197.47
3265.62	2179.04
3266.68	2004.96
3267.74	2086.88
3268.80	1959.91
3269.86	2039.78
3270.92	1984.48
3271.98	1994.72
3273.04	2025.44
3274.10	1994.72
3275.16	1994.72
3276.21	1982.43
3277.27	1863.65
3278.33	2052.06
3279.39	2013.15
3280.44	1966.05
3281.50	1875.94
3282.56	1841.12
3283.61	2174.94
3284.67	2009.06
3285.72	2013.15
3286.78	2082.78
3287.83	2084.83
3288.88	1871.84
3289.94	1953.76
3290.99	2041.82
3292.04	2019.30
3293.10	1886.18
3294.15	1941.47
3295.20	2037.73
3296.25	2050.02
3297.30	1853.41
3298.36	1898.47
3299.41	2064.35
3300.46	1972.19
3301.51	2041.82
3302.56	2082.78
3303.61	1974.24
3304.65	2009.06
3305.70	2070.50
3306.75	2007.01
3307.80	1923.04
3308.85	1751.01
3309.89	2035.68
3310.94	1902.56
3311.99	2080.74
3313.03	1998.82
3314.08	1875.94
3315.12	1886.18
3316.17	2084.83
3317.21	1908.71
3318.26	1951.71
3319.30	1945.57
3320.35	1914.85
3321.39	1918.95
3322.43	1978.34
3323.48	1839.08
3324.52	2039.78
3325.56	1789.92
3326.60	1734.63
3327.64	1925.09
3328.68	2015.20
3329.73	1931.23
3330.77	1968.10
3331.81	1773.54
3332.85	1933.28
3333.88	1904.61
3334.92	2019.30
3335.96	2011.11
3337.00	1920.99
3338.04	2029.54
3339.08	2017.25
3340.11	1869.80
3341.15	1994.72
3342.19	2033.63
3343.22	1994.72
3344.26	1884.13
3345.30	1976.29
3346.33	1875.94
3347.37	1902.56
3348.40	1875.94
3349.43	1961.95
3350.47	2011.11
3351.50	1941.47
3352.54	1984.48
3353.57	1900.52
3354.60	1943.52
3355.63	1949.67
3356.67	2017.25
3357.70	1992.67
3358.73	1730.53
3359.76	1886.18
3360.79	2093.02
3361.82	2000.87
3362.85	2007.01
3363.88	2004.96
3364.91	1841.12
3365.94	2013.15
3366.97	1974.24
3367.99	1875.94
3369.02	1974.24
3370.05	2105.31
3371.08	1705.96
3372.10	1896.42
3373.13	1902.56
3374.16	1964.00
3375.18	1955.81
3376.21	1910.75
3377.23	1871.84
3378.26	1968.10
3379.28	1861.60
3380.31	1904.61
3381.33	1923.04
3382.35	1812.45
3383.38	1787.88
3384.40	1849.32
3385.42	1857.51
3386.45	2009.06
3387.47	1906.66
3388.49	1923.04
3389.51	1931.23
3390.53	1970.15
3391.55	1914.85
3392.57	1843.17
3393.59	2062.30
3394.61	1861.60
3395.63	2015.20
3396.65	1968.10
3397.67	1869.80
3398.69	1832.93
3399.70	1990.63
3400.72	2097.12
3401.74	1869.80
3402.76	1871.84
3403.77	1810.40
3404.79	1898.47
3405.80	1857.51
3406.82	1808.36
3407.83	2047.97
3408.85	2000.87
3409.86	1959.91
3410.88	1775.59
3411.89	1918.95
3412.91	1988.58
3413.92	1904.61
3414.93	1724.39
3415.94	1912.80
3416.96	1892.32
3417.97	2000.87
3418.98	1923.04
3419.99	1863.65
3421.00	1771.49
3422.01	1970.15
3423.02	1812.45
3424.03	1794.02
3425.04	1810.40
3426.05	1914.85
3427.06	2013.15
3428.07	1787.88
3429.08	1966.05
3430.09	1937.38
3431.09	1826.79
3432.10	1898.47
3433.11	1994.72
3434.12	2017.25
3435.12	1755.11
3436.13	1908.71
3437.13	1931.23
3438.14	1818.60
3439.14	1828.84
3440.15	1892.32
3441.15	1912.80
3442.16	2023.39
3443.16	1769.45
3444.16	1828.84
3445.17	1783.78
3446.17	1751.01
3447.17	1849.32
3448.17	1849.32
3449.18	1988.58
3450.18	1857.51
3451.18	1877.99
3452.18	1689.57
3453.18	1877.99
3454.18	1783.78
3455.18	1865.70
3456.18	1785.83
3457.18	1877.99
3458.18	1959.91
3459.17	1726.44
3460.17	1796.07
3461.17	1863.65
3462.17	1884.13
3463.17	1908.71
3464.16	1820.64
3465.16	2013.15
3466.15	1638.38
3467.15	1855.46
3468.15	1867.75
3469.14	1988.58
3470.14	1933.28
3471.13	1902.56
3472.13	1701.86
3473.12	1851.36
3474.11	1650.66
3475.11	1687.53
3476.10	1851.36
3477.09	1742.82
3478.08	1699.81
3479.08	1769.44
3480.07	1804.26
3481.06	1779.68
3482.05	1722.34
3483.04	1748.97
3484.03	1970.15
3485.02	1693.67
3486.01	1761.25
3487.00	1849.32
3487.99	1890.28
3488.98	1769.44
3489.97	1900.52
3490.95	1798.12
3491.94	1734.63
3492.93	1648.61
3493.92	1751.01
3494.90	1769.44
3495.89	1806.31
3496.88	1630.18
3497.86	1759.21
3498.85	1621.99
3499.83	1716.20
3500.82	1705.96
3501.80	1679.33
3502.79	1814.50
3503.77	1710.05
3504.75	1806.31
3505.74	1583.08
3506.72	1669.09
3507.70	1923.04
3508.68	1687.53
3509.67	1697.77
3510.65	1677.29
3511.63	1839.08
3512.61	1662.95
3513.59	1673.19
3514.57	1701.86
3515.55	1814.50
3516.53	1691.62
3517.51	1605.61
3518.49	1843.17
3519.47	1673.19
3520.45	1619.94
3521.42	1691.62
3522.40	1628.14
3523.38	1601.51
3524.36	1705.96
3525.33	1572.84
3526.31	1662.95
3527.29	1660.90
3528.26	1841.12
3529.24	1839.08
3530.21	1712.10
3531.19	1687.53
3532.16	1816.55
3533.14	1576.94
3534.11	1673.19
3535.08	1644.52
3536.06	1791.97
3537.03	1607.66
3538.00	1701.86
3538.98	1701.86
3539.95	1677.29
3540.92	1583.08
3541.89	1669.09
3542.86	1546.22
3543.83	1597.42
3544.80	1515.50
3545.77	1519.59
3546.74	1638.37
3547.71	1617.90
3548.68	1538.02
3549.65	1634.28
3550.62	1699.81
3551.59	1812.45
3552.56	1783.78
3553.52	1583.08
3554.49	1505.26
3555.46	1839.08
3556.42	1538.02
3557.39	1648.61
3558.36	1634.28
3559.32	1525.74
3560.29	1755.11
3561.25	1607.66
3562.22	1679.33
3563.18	1634.28
3564.15	1599.46
3565.11	1591.27
3566.07	1718.25
3567.04	1738.73
3568.00	1531.88
3568.96	1466.35
3569.92	1533.93
3570.89	1556.46
3571.85	1564.65
3572.81	1574.89
3573.77	1681.38
3574.73	1652.71
3575.69	1548.26
3576.65	1615.85
3577.61	1673.19
3578.57	1640.42
3579.53	1466.35
3580.49	1634.28
3581.45	1662.95
3582.40	1695.72
3583.36	1533.93
3584.32	1671.14
3585.28	1509.35
3586.23	1607.66
3587.19	1712.10
3588.15	1617.90
3589.10	1384.43
3590.06	1587.18
3591.01	1531.88
3591.97	1734.63
3592.92	1665.00
3593.88	1488.87
3594.83	1712.10
3595.78	1695.72
3596.74	1476.59
3597.69	1490.92
3598.64	1652.71
3599.60	1591.27
3600.55	1447.91
3601.50	1591.27
3602.45	1439.72
3603.40	1538.02
3604.35	1503.21
3605.31	1578.98
3606.26	1396.71
3607.21	1613.80
3608.16	1621.99
3609.10	1533.93
3610.05	1509.35
3611.00	1783.78
3611.95	1466.35
3612.90	1529.83
3613.85	1548.26
3614.79	1601.51
3615.74	1507.30
3616.69	1439.72
3617.63	1468.39
3618.58	1589.22
3619.53	1560.55
3620.47	1570.79
3621.42	1712.10
3622.36	1486.83
3623.31	1431.53
3624.25	1386.47
3625.20	1574.89
3626.14	1449.96
3627.08	1478.63
3628.03	1564.65
3628.97	1511.40
3629.91	1591.27
3630.85	1492.97
3631.80	1398.76
3632.74	1681.38
3633.68	1509.35
3634.62	1478.63
3635.56	1449.96
3636.50	1480.68
3637.44	1490.92
3638.38	1257.45
3639.32	1486.83
3640.26	1476.59
3641.20	1454.06
3642.14	1650.66
3643.08	1454.06
3644.01	1517.54
3644.95	1439.72
3645.89	1548.26
3646.83	1343.47
3647.76	1535.98
3648.70	1464.30
3649.63	1443.82
3650.57	1560.55
3651.51	1703.91
3652.44	1456.11
3653.38	1357.80
3654.31	1400.81
3655.24	1476.59
3656.18	1478.63
3657.11	1482.73
3658.05	1474.54
3658.98	1552.36
3659.91	1439.72
3660.84	1568.74
3661.78	1574.89
3662.71	1503.21
3663.64	1378.28
3664.57	1679.33
3665.50	1320.94
3666.43	1601.51
3667.36	1441.77
3668.29	1343.47
3669.22	1482.73
3670.15	1331.18
3671.08	1531.88
3672.01	1294.32
3672.94	1458.15
3673.86	1300.46
3674.79	1599.46
3675.72	1552.36
3676.65	1501.16
3677.57	1548.26
3678.50	1542.12
3679.43	1613.80
3680.35	1400.81
3681.28	1501.16
3682.20	1404.91
3683.13	1505.26
3684.05	1433.58
3684.98	1415.15
3685.90	1376.24
3686.83	1429.48
3687.75	1454.06
3688.67	1427.43
3689.60	1439.72
3690.52	1452.01
3691.44	1380.33
3692.36	1464.30
3693.28	1384.43
3694.21	1505.26
3695.13	1503.21
3696.05	1558.50
3696.97	1525.74
3697.89	1449.96
3698.81	1527.78
3699.73	1466.35
3700.65	1409.00
3701.57	1628.14
3702.48	1386.47
3703.40	1484.78
3704.32	1556.46
3705.24	1490.92
3706.16	1435.63
3707.07	1644.52
3707.99	1347.56
3708.91	1509.35
3709.82	1351.66
3710.74	1429.48
3711.66	1417.19
3712.57	1425.39
3713.49	1548.26
3714.40	1349.61
3715.31	1427.43
3716.23	1349.61
3717.14	1505.26
3718.06	1443.82
3718.97	1433.58
3719.88	1486.83
3720.80	1421.29
3721.71	-4806.58
3722.62	1437.67
3723.53	1523.69
3724.44	1468.39
3725.35	1261.55
3726.26	1320.94
3727.18	1327.08
3728.09	1411.05
3729.00	1413.10
3729.91	1550.31
3730.81	1452.01
3731.72	1421.29
3732.63	1454.06
3733.54	1411.05
3734.45	1431.53
3735.36	1542.12
3736.26	1392.62
3737.17	1378.28
3738.08	1591.27
3738.99	1472.49
3739.89	1417.19
3740.80	1378.28
3741.70	1353.71
3742.61	1376.24
3743.51	1333.23
3744.42	1413.10
3745.32	1501.16
3746.23	1476.59
3747.13	1402.86
3748.04	1433.58
3748.94	1523.69
3749.84	1433.58
3750.74	1320.94
3751.65	1396.71
3752.55	1386.47
3753.45	1421.29
3754.35	1366.00
3755.25	1374.19
3756.16	1409.00
3757.06	1345.52
3757.96	1521.64
3758.86	1390.57
3759.76	1462.25
3760.66	1538.02
3761.55	1388.52
3762.45	1236.97
3763.35	1277.93
3764.25	1449.96
3765.15	1300.46
3766.05	1435.63
3766.94	1314.80
3767.84	1255.40
3768.74	1427.43
3769.63	1366.00
3770.53	1302.51
3771.43	1411.05
3772.32	1245.16
3773.22	1230.83
3774.11	1409.00
3775.01	1253.36
3775.90	1374.19
3776.80	1380.33
3777.69	1357.80
3778.58	1423.34
3779.48	1269.74
3780.37	1386.47
3781.26	1337.32
3782.16	1290.22
3783.05	1404.91
3783.94	1404.91
3784.83	1374.19
3785.72	1286.12
3786.61	1490.92
3787.50	1239.02
3788.39	1368.04
3789.28	1370.09
3790.17	1357.80
3791.06	1228.78
3791.95	1370.09
3792.84	1226.73
3793.73	1253.36
3794.62	1419.24
3795.51	1312.75
3796.39	1294.32
3797.28	1263.60
3798.17	1425.39
3799.06	1189.87
3799.94	1398.76
3800.83	1218.54
3801.71	1275.88
3802.60	1185.77
3803.48	1316.84
3804.37	1396.71
3805.25	1232.88
3806.14	1239.02
3807.02	1470.44
3807.91	1286.12
3808.79	1388.52
3809.67	1327.08
3810.56	1363.95
3811.44	1302.51
3812.32	1357.80
3813.20	1404.91
3814.09	1292.27
3814.97	1275.88
3815.85	1421.29
3816.73	1226.73
3817.61	1204.21
3818.49	1429.48
3819.37	1363.95
3820.25	1366.00
3821.13	1202.16
3822.01	1277.93
3822.89	1310.70
3823.77	1388.52
3824.65	1316.84
3825.52	1269.74
3826.40	1253.36
3827.28	1335.28
3828.16	1202.16
3829.03	1359.85
3829.91	1386.47
3830.79	1107.95
3831.66	1288.17
3832.54	1269.74
3833.41	1402.86
3834.29	1370.09
3835.16	1273.84
3836.04	1341.42
3836.91	1316.84
3837.79	1411.05
3838.66	1181.68
3839.53	1271.79
3840.41	1296.36
3841.28	1349.61
3842.15	1247.21
3843.02	1269.74
3843.90	1298.41
3844.77	1212.40
3845.64	1275.88
3846.51	1228.78
3847.38	1384.43
3848.25	1226.73
3849.12	1200.11
3849.99	1222.64
3850.86	1462.25
3851.73	1226.73
3852.60	1187.82
3853.47	1259.50
3854.34	1361.90
3855.21	1077.23
3856.07	1134.57
3856.94	1134.57
3857.81	1363.95
3858.68	1267.69
3859.54	1253.36
3860.41	1226.73
3861.28	1339.37
3862.14	1075.18
3863.01	1351.66
3863.87	1335.28
3864.74	1017.84
3865.60	1134.57
3866.47	1263.60
3867.33	1167.34
3868.19	1103.86
3869.06	1179.63
3869.92	1241.07
3870.78	1275.88
3871.65	1198.06
3872.51	1320.94
3873.37	1648.61
3874.23	1257.45
3875.10	1148.91
3875.96	1179.63
3876.82	1140.72
3877.68	1255.40
3878.54	1224.69
3879.40	1230.83
3880.26	1122.29
3881.12	1130.48
3881.98	1046.51
3882.84	1214.45
3883.70	1044.46
3884.55	1021.94
3885.41	1044.46
3886.27	1249.26
3887.13	1171.44
3887.99	1206.25
3888.84	1122.29
3889.70	1191.92
3890.56	1157.10
3891.41	1157.10
3892.27	1202.16
3893.12	1062.90
3893.98	1230.83
3894.83	1030.13
3895.69	1255.40
3896.54	1234.93
3897.40	1239.02
3898.25	1161.20
3899.11	970.74
3899.96	1316.84
3900.81	1216.49
3901.66	1120.24
3902.52	1167.34
3903.37	1085.42
3904.22	1155.05
3905.07	1157.10
3905.92	1140.72
3906.78	1110.00
3907.63	1015.79
