-2184.52	-16.38
-2181.51	-16.38
-2178.50	-16.38
-2175.49	-77.82
-2172.49	114.69
-2169.48	-22.53
-2166.48	36.86
-2163.48	40.96
-2160.47	143.36
-2157.47	159.74
-2154.47	34.82
-2151.48	-110.59
-2148.48	49.15
-2145.49	-14.34
-2142.49	81.92
-2139.50	-90.11
-2136.51	-69.63
-2133.52	-59.39
-2130.53	73.73
-2127.54	6.14
-2124.55	92.16
-2121.57	149.50
-2118.58	96.25
-2115.60	71.68
-2112.62	100.35
-2109.64	-45.06
-2106.66	69.63
-2103.68	36.86
-2100.70	126.97
-2097.73	141.31
-2094.75	122.88
-2091.78	32.77
-2088.81	79.87
-2085.83	26.62
-2082.86	86.01
-2079.90	20.48
-2076.93	-24.58
-2073.96	49.15
-2071.00	77.82
-2068.03	51.20
-2065.07	126.97
-2062.11	40.96
-2059.15	81.92
-2056.19	118.78
-2053.23	-4.10
-2050.27	73.73
-2047.32	137.21
-2044.36	104.45
-2041.41	98.30
-2038.46	157.69
-2035.51	-55.30
-2032.56	145.41
-2029.61	32.77
-2026.66	-83.97
-2023.72	-18.43
-2020.77	147.45
-2017.83	77.82
-2014.88	-51.20
-2011.94	53.25
-2009.00	184.32
-2006.06	-61.44
-2003.13	126.97
-2000.19	86.01
-1997.25	131.07
-1994.32	-28.67
-1991.39	79.87
-1988.45	114.69
-1985.52	79.87
-1982.59	6.14
-1979.67	75.77
-1976.74	129.02
-1973.81	137.21
-1970.89	135.17
-1967.96	124.93
-1965.04	-38.91
-1962.12	157.69
-1959.20	79.87
-1956.28	51.20
-1953.36	108.54
-1950.45	188.41
-1947.53	22.53
-1944.62	83.97
-1941.70	32.77
-1938.79	116.73
-1935.88	-16.38
-1932.97	204.80
-1930.06	86.01
-1927.15	-30.72
-1924.25	-40.96
-1921.34	-98.30
-1918.44	16.38
-1915.54	-34.82
-1912.63	145.41
-1909.73	-14.34
-1906.83	-55.30
-1903.94	198.65
-1901.04	-16.38
-1898.14	108.54
-1895.25	53.25
-1892.36	141.31
-1889.46	120.83
-1886.57	124.93
-1883.68	-6.14
-1880.79	196.61
-1877.91	126.97
-1875.02	10.24
-1872.13	36.86
-1869.25	114.69
-1866.37	102.40
-1863.48	69.63
-1860.60	114.69
-1857.72	45.06
-1854.84	57.34
-1851.97	133.12
-1849.09	-26.62
-1846.22	90.11
-1843.34	-32.77
-1840.47	124.93
-1837.60	53.25
-1834.73	114.69
-1831.86	190.46
-1828.99	116.73
-1826.12	155.65
-1823.26	-4.10
-1820.39	131.07
-1817.53	81.92
-1814.67	233.47
-1811.80	-14.34
-1808.94	-139.26
-1806.08	233.47
-1803.23	124.93
-1800.37	14.34
-1797.51	14.34
-1794.66	-6.14
-1791.81	-102.40
-1788.95	55.30
-1786.10	-4.10
-1783.25	40.96
-1780.40	-43.01
-1777.56	-24.58
-1774.71	86.01
-1771.86	75.77
-1769.02	104.45
-1766.18	110.59
-1763.33	143.36
-1760.49	36.86
-1757.65	159.74
-1754.81	30.72
-1751.98	71.68
-1749.14	26.62
-1746.30	22.53
-1743.47	2.05
-1740.64	180.22
-1737.81	81.92
-1734.97	98.30
-1732.14	139.26
-1729.32	65.54
-1726.49	53.25
-1723.66	-10.24
-1720.84	159.74
-1718.01	122.88
-1715.19	294.91
-1712.37	-38.91
-1709.55	20.48
-1706.73	69.63
-1703.91	153.60
-1701.09	178.17
-1698.27	122.88
-1695.46	-8.19
-1692.65	258.04
-1689.83	30.72
-1687.02	-47.10
-1684.21	98.30
-1681.40	112.64
-1678.59	139.26
-1675.78	34.82
-1672.98	-36.86
-1670.17	26.62
-1667.37	237.56
-1664.56	104.45
-1661.76	163.84
-1658.96	18.43
-1656.16	98.30
-1653.36	133.12
-1650.57	108.54
-1647.77	108.54
-1644.97	8.19
-1642.18	-34.82
-1639.39	-18.43
-1636.60	24.58
-1633.80	38.91
-1631.01	47.10
-1628.23	61.44
-1625.44	-63.49
-1622.65	24.58
-1619.87	81.92
-1617.08	98.30
-1614.30	69.63
-1611.52	110.59
-1608.74	-16.38
-1605.96	98.30
-1603.18	198.65
-1600.40	141.31
-1597.62	147.45
-1594.85	194.56
-1592.07	139.26
-1589.30	-59.39
-1586.53	57.34
-1583.76	4.10
-1580.99	65.54
-1578.22	10.24
-1575.45	45.06
-1572.68	126.97
-1569.92	-114.69
-1567.15	75.77
-1564.39	32.77
-1561.63	157.69
-1558.86	131.07
-1556.10	77.82
-1553.34	55.30
-1550.59	-219.13
-1547.83	126.97
-1545.07	202.75
-1542.32	212.99
-1539.56	110.59
-1536.81	83.97
-1534.06	-94.21
-1531.31	112.64
-1528.56	174.08
-1525.81	32.77
-1523.06	83.97
-1520.32	79.87
-1517.57	30.72
-1514.83	75.77
-1512.09	169.98
-1509.34	106.49
-1506.60	18.43
-1503.86	167.93
-1501.12	94.21
-1498.39	6.14
-1495.65	-43.01
-1492.91	151.55
-1490.18	51.20
-1487.45	43.01
-1484.71	-106.49
-1481.98	30.72
-1479.25	-40.96
-1476.52	129.02
-1473.80	-43.01
-1471.07	57.34
-1468.34	24.58
-1465.62	-65.53
-1462.89	75.77
-1460.17	16.38
-1457.45	-63.49
-1454.73	94.21
-1452.01	178.17
-1449.29	67.58
-1446.57	28.67
-1443.86	59.39
-1441.14	221.18
-1438.43	-18.43
-1435.71	36.86
-1433.00	153.60
-1430.29	2.05
-1427.58	-2.05
-1424.87	22.53
-1422.16	32.77
-1419.46	38.91
-1416.75	79.87
-1414.05	38.91
-1411.34	104.45
-1408.64	22.53
-1405.94	239.61
-1403.24	-71.68
-1400.54	-120.83
-1397.84	235.52
-1395.14	6.14
-1392.45	161.79
-1389.75	18.43
-1387.06	67.58
-1384.36	145.41
-1381.67	20.48
-1378.98	28.67
-1376.29	153.60
-1373.60	88.06
-1370.91	24.58
-1368.23	118.78
-1365.54	81.92
-1362.86	-6.14
-1360.17	180.22
-1357.49	-10.24
-1354.81	98.30
-1352.13	61.44
-1349.45	45.06
-1346.77	67.58
-1344.09	323.58
-1341.42	16.38
-1338.74	129.02
-1336.07	112.64
-1333.39	88.06
-1330.72	6.14
-1328.05	53.25
-1325.38	126.97
-1322.71	110.59
-1320.04	75.77
-1317.37	137.21
-1314.71	86.01
-1312.04	100.35
-1309.38	49.15
-1306.72	47.10
-1304.05	200.70
-1301.39	26.62
-1298.73	65.54
-1296.08	75.77
-1293.42	55.30
-1290.76	8.19
-1288.10	-92.16
-1285.45	-18.43
-1282.80	65.53
-1280.14	38.91
-1277.49	30.72
-1274.84	-2.05
-1272.19	63.49
-1269.54	77.82
-1266.90	176.13
-1264.25	106.49
-1261.60	137.21
-1258.96	53.25
-1256.32	65.53
-1253.67	55.30
-1251.03	165.89
-1248.39	49.15
-1245.75	34.82
-1243.11	24.58
-1240.48	249.85
-1237.84	34.82
-1235.20	-10.24
-1232.57	14.34
-1229.94	0.00
-1227.31	104.45
-1224.67	51.20
-1222.04	18.43
-1219.41	-16.38
-1216.79	165.89
-1214.16	106.49
-1211.53	-18.43
-1208.91	-40.96
-1206.28	86.01
-1203.66	149.50
-1201.04	190.46
-1198.42	98.30
-1195.80	-73.73
-1193.18	40.96
-1190.56	75.77
-1187.94	108.54
-1185.33	235.52
-1182.71	98.30
-1180.10	18.43
-1177.49	-106.49
-1174.87	79.87
-1172.26	172.03
-1169.65	77.82
-1167.04	106.49
-1164.44	184.32
-1161.83	-16.38
-1159.22	-2.05
-1156.62	47.10
-1154.01	61.44
-1151.41	79.87
-1148.81	-77.82
-1146.21	108.54
-1143.61	-51.20
-1141.01	16.38
-1138.41	26.62
-1135.81	88.06
-1133.22	34.82
-1130.62	118.78
-1128.03	120.83
-1125.44	55.30
-1122.84	106.49
-1120.25	28.67
-1117.66	110.59
-1115.07	8.19
-1112.49	71.68
-1109.90	-69.63
-1107.31	57.34
-1104.73	-49.15
-1102.14	147.45
-1099.56	-12.29
-1096.98	22.53
-1094.40	40.96
-1091.82	63.49
-1089.24	24.58
-1086.66	110.59
-1084.08	86.01
-1081.51	131.07
-1078.93	63.49
-1076.36	-24.58
-1073.79	215.04
-1071.21	49.15
-1068.64	-81.92
-1066.07	102.40
-1063.50	-22.53
-1060.93	104.45
-1058.37	43.01
-1055.80	81.92
-1053.24	90.11
-1050.67	75.77
-1048.11	36.86
-1045.55	38.91
-1042.99	34.82
-1040.42	-20.48
-1037.87	118.78
-1035.31	-20.48
-1032.75	-61.44
-1030.19	249.85
-1027.64	102.40
-1025.08	-32.77
-1022.53	94.21
-1019.98	-2.05
-1017.43	92.16
-1014.88	184.32
-1012.33	59.39
-1009.78	43.01
-1007.23	86.01
-1004.68	92.16
-1002.14	-67.58
-999.59	-10.24
-997.05	143.36
-994.51	53.25
-991.96	38.91
-989.42	104.45
-986.88	-40.96
-984.34	57.34
-981.81	172.03
-979.27	53.25
-976.73	-86.01
-974.20	-114.69
-971.66	116.73
-969.13	126.97
-966.60	92.16
-964.07	88.06
-961.54	-49.15
-959.01	147.45
-956.48	-4.10
-953.95	-4.10
-951.43	28.67
-948.90	14.34
-946.38	147.45
-943.85	10.24
-941.33	104.45
-938.81	-75.77
-936.29	61.44
-933.77	110.59
-931.25	157.69
-928.73	-55.30
-926.22	-51.20
-923.70	-69.63
-921.19	30.72
-918.67	176.13
-916.16	38.91
-913.65	51.20
-911.14	45.06
-908.63	180.22
-906.12	73.73
-903.61	180.22
-901.10	73.73
-898.59	4.10
-896.09	65.53
-893.59	118.78
-891.08	192.51
-888.58	4.10
-886.08	-51.20
-883.58	221.18
-881.08	139.26
-878.58	77.82
-876.08	86.01
-873.58	98.30
-871.09	159.74
-868.59	122.88
-866.10	83.97
-863.61	118.78
-861.12	10.24
-858.62	6.14
-856.13	8.19
-853.64	24.58
-851.16	169.98
-848.67	-81.92
-846.18	157.69
-843.70	-22.53
-841.21	120.83
-838.73	0.00
-836.25	133.12
-833.77	-14.34
-831.28	81.92
-828.81	135.17
-826.33	106.49
-823.85	172.03
-821.37	-16.38
-818.90	10.24
-816.42	-81.92
-813.95	-4.10
-811.47	40.96
-809.00	-212.99
-806.53	77.82
-804.06	139.26
-801.59	-272.38
-799.12	198.65
-796.65	20.48
-794.19	169.98
-791.72	69.63
-789.26	18.43
-786.79	172.03
-784.33	247.80
-781.87	186.37
-779.41	172.03
-776.95	114.69
-774.49	147.45
-772.03	122.88
-769.57	47.10
-767.12	184.32
-764.66	247.80
-762.21	176.13
-759.75	145.41
-757.30	153.60
-754.85	219.13
-752.40	380.92
-749.95	313.34
-747.50	231.42
-745.05	149.50
-742.60	147.45
-740.16	167.93
-737.71	194.56
-735.27	67.58
-732.82	210.94
-730.38	106.49
-727.94	202.75
-725.50	38.91
-723.06	10.24
-720.62	221.18
-718.18	145.41
-715.74	86.01
-713.31	49.15
-710.87	286.72
-708.44	202.75
-706.01	28.67
-703.57	305.15
-701.14	235.52
-698.71	141.31
-696.28	172.03
-693.85	108.54
-691.42	362.49
-689.00	466.94
-686.57	569.34
-684.15	677.88
-681.72	788.47
-679.30	1075.18
-676.88	1140.72
-674.45	1400.81
-672.03	1263.60
-669.61	1327.08
-667.20	1296.36
-664.78	1187.82
-662.36	1200.11
-659.94	1021.94
-657.53	860.15
-655.12	776.18
-652.70	727.03
-650.29	507.90
-647.88	354.30
-645.47	307.20
-643.06	354.30
-640.65	43.01
-638.24	157.69
-635.83	137.21
-633.43	184.32
-631.02	159.74
-628.62	200.70
-626.22	61.44
-623.81	208.89
-621.41	135.17
-619.01	235.52
-616.61	83.97
-614.21	94.21
-611.81	57.34
-609.42	174.08
-607.02	253.95
-604.63	124.93
-602.23	10.24
-599.84	-59.39
-597.45	94.21
-595.05	65.53
-592.66	73.73
-590.27	329.72
-587.88	51.20
-585.50	-55.30
-583.11	51.20
-580.72	118.78
-578.34	114.69
-575.95	4.10
-573.57	155.65
-571.19	90.11
-568.80	38.91
-566.42	114.69
-564.04	157.69
-561.66	165.89
-559.29	73.73
-556.91	34.82
-554.53	184.32
-552.16	239.61
-549.78	71.68
-547.41	22.53
-545.03	147.45
-542.66	161.79
-540.29	67.58
-537.92	110.59
-535.55	12.29
-533.18	-8.19
-530.81	20.48
-528.45	282.62
-526.08	169.98
-523.72	20.48
-521.35	100.35
-518.99	169.98
-516.63	61.44
-514.27	104.45
-511.90	12.29
-509.54	219.13
-507.19	223.23
-504.83	163.84
-502.47	208.89
-500.11	194.56
-497.76	315.39
-495.40	-14.34
-493.05	-6.14
-490.70	124.93
-488.35	-14.34
-486.00	169.98
-483.65	204.80
-481.30	196.61
-478.95	223.23
-476.60	94.21
-474.25	208.89
-471.91	67.58
-469.56	88.06
-467.22	157.69
-464.88	282.62
-462.53	47.10
-460.19	159.74
-457.85	188.41
-455.51	133.12
-453.17	98.30
-450.84	36.86
-448.50	116.73
-446.16	184.32
-443.83	83.97
-441.49	139.26
-439.16	200.70
-436.83	143.36
-434.50	55.30
-432.16	163.84
-429.83	212.99
-427.50	57.34
-425.18	75.77
-422.85	137.21
-420.52	131.07
-418.20	210.94
-415.87	40.96
-413.55	266.24
-411.22	116.73
-408.90	63.49
-406.58	114.69
-404.26	24.58
-401.94	145.41
-399.62	77.82
-397.30	53.25
-394.99	155.65
-392.67	188.41
-390.35	208.89
-388.04	36.86
-385.73	26.62
-383.41	79.87
-381.10	71.68
-378.79	30.72
-376.48	86.01
-374.17	141.31
-371.86	-40.96
-369.55	69.63
-367.25	155.65
-364.94	94.21
-362.64	192.51
-360.33	-61.44
-358.03	0.00
-355.73	176.13
-353.42	63.49
-351.12	-28.67
-348.82	149.50
-346.52	126.97
-344.23	34.82
-341.93	169.98
-339.63	147.45
-337.34	215.04
-335.04	22.53
-332.75	122.88
-330.45	147.45
-328.16	210.94
-325.87	38.91
-323.58	-20.48
-321.29	268.28
-319.00	69.63
-316.71	114.69
-314.42	88.06
-312.14	69.63
-309.85	-51.20
-307.57	-102.40
-305.28	79.87
-303.00	112.64
-300.72	-34.82
-298.44	94.21
-296.16	34.82
-293.88	34.82
-291.60	139.26
-289.32	-67.58
-287.04	77.82
-284.77	-61.44
-282.49	18.43
-280.22	-12.29
-277.94	73.73
-275.67	24.58
-273.40	186.37
-271.13	-16.38
-268.85	12.29
-266.59	49.15
-264.32	-30.72
-262.05	159.74
-259.78	0.00
-257.51	-8.19
-255.25	-14.34
-252.98	-53.25
-250.72	67.58
-248.46	20.48
-246.20	57.34
-243.93	141.31
-241.67	92.16
-239.41	-12.29
-237.16	167.93
-234.90	-51.20
-232.64	20.48
-230.38	51.20
-228.13	20.48
-225.87	40.96
-223.62	69.63
-221.37	108.54
-219.11	83.97
-216.86	86.01
-214.61	0.00
-212.36	190.46
-210.11	16.38
-207.87	43.01
-205.62	178.17
-203.37	86.01
-201.13	0.00
-198.88	108.54
-196.64	-20.48
-194.39	38.91
-192.15	20.48
-189.91	22.53
-187.67	73.73
-185.43	-75.77
-183.19	18.43
-180.95	157.69
-178.72	122.88
-176.48	12.29
-174.24	282.62
-172.01	169.98
-169.77	-120.83
-167.54	6.14
-165.31	86.01
-163.08	38.91
-160.85	32.77
-158.62	112.64
-156.39	47.10
-154.16	53.25
-151.93	47.10
-149.70	51.20
-147.48	-106.49
-145.25	65.53
-143.03	112.64
-140.81	217.08
-138.58	120.83
-136.36	57.34
-134.14	22.53
-131.92	118.78
-129.70	57.34
-127.48	122.88
-125.26	20.48
-123.05	184.32
-120.83	-65.53
-118.62	112.64
-116.40	20.48
-114.19	57.34
-111.97	221.18
-109.76	151.55
-107.55	196.60
-105.34	73.73
-103.13	38.91
-100.92	137.21
-98.71	98.30
-96.51	305.15
-94.30	176.13
-92.09	151.55
-89.89	129.02
-87.69	155.65
-85.48	32.77
-83.28	67.58
-81.08	163.84
-78.88	14.34
-76.68	118.78
-74.48	204.80
-72.28	67.58
-70.08	233.47
-67.88	145.41
-65.69	200.70
-63.49	204.80
-61.30	243.71
-59.11	212.99
-56.91	305.15
-54.72	223.23
-52.53	366.59
-50.34	262.14
-48.15	323.58
-45.96	225.28
-43.77	262.14
-41.59	200.70
-39.40	278.52
-37.21	350.20
-35.03	440.31
-32.84	430.07
-30.66	421.88
-28.48	464.89
-26.30	776.18
-24.12	1169.39
-21.94	2338.78
-19.76	4632.51
-17.58	8853.37
-15.40	14911.26
-13.22	25577.08
-11.05	36199.90
-8.87	47480.11
-6.70	56706.21
-4.52	61944.91
-2.35	60564.58
-0.18	62823.49
1.99	62501.96
4.16	58768.51
6.33	47938.85
8.50	42241.40
10.67	32849.42
12.84	27778.65
15.00	24100.50
17.17	20115.15
19.33	15963.92
21.50	12697.41
23.66	10162.02
25.83	7524.24
27.99	5416.88
30.15	3516.36
32.31	2408.41
34.47	1552.36
36.63	1011.70
38.79	817.14
40.94	495.61
43.10	417.79
45.25	415.74
47.41	362.49
49.56	274.43
51.72	270.33
53.87	174.08
56.02	366.59
58.17	155.65
60.32	219.13
62.47	239.61
64.62	30.72
66.77	122.88
68.92	239.61
71.06	235.52
73.21	81.92
75.35	92.16
77.50	190.46
79.64	212.99
81.78	18.43
83.92	38.91
86.06	86.01
88.20	284.67
90.34	145.41
92.48	149.50
94.62	190.46
96.76	145.41
98.89	200.70
101.03	133.12
103.16	116.73
105.30	139.26
107.43	309.24
109.56	165.89
111.69	243.71
113.82	208.89
115.95	307.20
118.08	268.28
120.21	342.01
122.34	303.10
124.47	321.53
126.59	325.63
128.72	290.81
130.84	339.96
132.97	385.02
135.09	387.07
137.21	454.65
139.33	270.33
141.45	307.20
143.57	505.85
145.69	522.23
147.81	440.31
149.93	493.56
152.05	524.28
154.16	679.93
156.28	524.28
158.39	622.58
160.51	669.69
162.62	665.59
164.73	657.40
166.85	737.27
168.96	575.48
171.07	577.53
173.18	733.17
175.28	661.49
177.39	612.34
179.50	845.81
181.61	704.50
183.71	772.08
185.82	733.17
187.92	905.20
190.02	952.31
192.13	815.09
194.23	811.00
196.33	884.72
198.43	958.45
200.53	745.46
202.63	929.78
204.72	884.72
206.82	921.59
208.92	1052.66
211.01	888.82
213.11	1079.28
215.20	1148.91
217.30	1232.88
219.39	1148.91
221.48	1470.44
223.57	1394.67
225.66	1429.48
227.75	1628.14
229.84	1638.37
231.93	1906.66
234.02	2244.57
236.10	2418.65
238.19	2887.64
240.28	3674.06
242.36	4759.48
244.44	6211.49
246.53	8142.72
248.61	10612.57
250.69	13776.69
252.77	16707.33
254.85	18783.97
256.93	20846.27
259.01	22093.49
261.09	22871.72
263.16	22249.13
265.24	21759.67
267.32	19244.76
269.39	17100.54
271.46	15269.66
273.54	12504.90
275.61	10837.85
277.68	8716.16
279.75	7589.77
281.82	5996.45
283.89	5347.25
285.96	4302.78
288.03	3532.75
290.10	3035.09
292.16	2701.27
294.23	2338.78
296.29	2205.66
298.36	2080.74
300.42	1832.93
302.49	1746.92
304.55	1716.20
306.61	1605.61
308.67	1441.77
310.73	1329.13
312.79	1521.64
314.85	1589.22
316.90	1279.98
318.96	1370.09
321.02	1282.03
323.07	1267.69
325.13	1318.89
327.18	1251.31
329.24	1259.50
331.29	1269.74
333.34	1507.31
335.39	1380.33
337.44	1683.43
339.49	1581.03
341.54	1914.85
343.59	2283.49
345.64	2963.41
347.68	4184.00
349.73	6438.81
351.77	9496.43
353.82	14239.53
355.86	20823.75
357.90	26830.44
359.95	31741.47
361.99	35198.44
364.03	37658.05
366.07	38923.69
368.11	38292.92
370.15	35376.61
372.19	30350.90
374.22	25271.93
376.26	21180.09
378.29	17727.22
380.33	13885.23
382.36	11530.06
384.40	8902.52
386.43	8841.08
388.46	5441.45
390.49	4120.51
392.52	3229.65
394.55	2420.70
396.58	2070.50
398.61	1673.19
400.64	1427.43
402.67	1376.24
404.69	1122.29
406.72	1298.41
408.74	1159.15
410.77	995.31
412.79	1015.79
414.81	884.72
416.84	931.83
418.86	765.94
420.88	978.93
422.90	980.98
424.92	837.62
426.94	806.90
428.95	823.28
430.97	743.41
432.99	821.24
435.00	753.65
437.02	618.49
439.03	776.18
441.04	876.53
443.06	712.69
445.07	675.83
447.08	765.94
449.09	641.01
451.10	706.55
453.11	577.53
455.12	679.93
457.13	563.19
459.13	587.77
461.14	737.27
463.14	692.21
465.15	577.53
467.15	634.87
469.16	579.58
471.16	614.39
473.16	581.62
475.16	673.78
477.16	524.28
479.16	587.77
481.16	673.78
483.16	602.10
485.16	641.01
487.15	548.86
489.15	620.53
491.15	514.04
493.14	499.70
495.14	696.31
497.13	608.25
499.12	679.93
501.11	423.93
503.11	657.40
505.10	624.63
507.09	475.13
509.07	579.58
511.06	434.17
513.05	536.57
515.04	675.83
517.02	651.25
519.01	645.11
521.00	600.05
522.98	534.52
524.96	577.53
526.95	495.61
528.93	364.54
530.91	432.12
532.89	569.34
534.87	681.97
536.85	425.98
538.83	585.72
540.81	604.15
542.78	563.19
544.76	626.68
546.74	491.51
548.71	638.97
550.69	407.55
552.66	530.42
554.63	460.79
556.60	626.68
558.58	475.13
560.55	516.09
562.52	499.70
564.49	286.72
566.46	544.76
568.42	458.74
570.39	464.89
572.36	419.83
574.32	460.79
576.29	419.83
578.25	522.23
580.22	309.24
582.18	456.70
584.14	555.00
586.11	591.86
588.07	405.50
590.03	493.56
591.99	346.11
593.95	348.15
595.90	452.60
597.86	456.70
599.82	495.61
601.78	468.98
603.73	632.82
605.69	440.31
607.64	456.70
609.59	563.19
611.55	466.94
613.50	616.44
615.45	532.47
617.40	669.69
619.35	698.36
621.30	751.60
623.25	745.46
625.20	763.89
627.15	749.56
629.09	733.17
631.04	733.17
632.98	917.49
634.93	909.30
636.87	970.74
638.82	913.39
640.76	1019.89
642.70	1179.63
644.64	1667.05
646.58	1771.49
648.52	2326.49
650.46	3280.85
652.40	5214.13
654.34	8056.71
656.27	13621.04
658.21	20856.51
660.15	28022.36
662.08	34495.99
664.02	37676.48
665.95	40091.04
667.88	41760.13
669.82	40387.99
671.75	38526.39
673.68	33926.65
675.61	29351.49
677.54	23080.61
679.47	18560.74
681.40	14991.13
683.32	12214.09
685.25	9838.44
687.18	7632.78
689.10	5636.01
691.03	4353.98
692.95	3200.98
694.87	2383.84
696.80	1894.37
698.72	1789.92
700.64	1566.70
702.56	1349.61
704.48	1222.64
706.40	1193.97
708.32	1116.14
710.24	1261.55
712.16	1216.49
714.07	1234.93
715.99	1322.99
717.90	1218.54
719.82	1361.90
721.73	1435.63
723.65	1380.33
725.56	1540.07
727.47	1636.33
729.38	1943.52
731.29	2004.96
733.20	2154.46
735.11	2504.67
737.02	2787.29
738.93	2795.48
740.84	3454.92
742.74	3985.35
744.65	4177.86
746.55	4886.45
748.46	5470.12
750.36	5560.24
752.27	6006.69
754.17	6121.38
756.07	6322.08
757.97	6213.54
759.87	6424.48
761.77	6707.10
763.67	6143.91
765.57	6090.66
767.47	6025.12
769.37	5765.03
771.26	5531.56
773.16	5232.56
775.06	5085.11
776.95	4622.27
778.84	4401.08
780.74	3706.82
782.63	3272.65
784.52	3311.57
786.41	2893.78
788.30	2594.78
790.19	2373.60
792.08	2029.54
793.97	1953.76
795.86	1566.70
797.75	1452.01
799.63	1282.03
801.52	1392.62
803.41	1026.03
805.29	1001.46
807.18	804.85
809.06	892.91
810.94	751.60
812.82	808.95
814.70	653.30
816.59	765.94
818.47	604.15
820.35	610.29
822.22	630.77
824.10	677.88
825.98	641.01
827.86	638.97
829.73	585.72
831.61	401.40
833.48	380.92
835.36	362.49
837.23	452.60
839.10	342.01
840.98	430.07
842.85	546.81
844.72	313.34
846.59	419.83
848.46	458.74
850.33	391.16
852.20	352.25
854.06	413.69
855.93	270.33
857.80	327.67
859.66	425.98
861.53	317.44
863.39	446.46
865.26	387.07
867.12	475.13
868.98	344.06
870.84	385.02
872.71	495.61
874.57	489.46
876.43	421.88
878.29	622.58
880.14	446.46
882.00	397.31
883.86	413.69
885.72	499.70
887.57	446.46
889.43	434.17
891.28	483.32
893.14	288.76
894.99	585.72
896.84	247.80
898.69	356.35
900.55	292.86
902.40	317.44
904.25	311.29
906.10	311.29
907.95	356.35
909.79	436.22
911.64	317.44
913.49	389.11
915.34	305.15
917.18	360.44
919.03	329.72
920.87	296.96
922.71	264.19
924.56	339.96
926.40	276.48
928.24	407.55
930.08	229.37
931.92	296.96
933.76	253.95
935.60	348.15
937.44	358.39
939.28	415.74
941.12	292.86
942.95	370.68
944.79	380.92
946.62	278.52
948.46	86.01
950.29	270.33
952.13	245.76
953.96	382.97
955.79	239.61
957.62	452.60
959.46	339.96
961.29	155.65
963.12	208.89
964.94	362.49
966.77	425.98
968.60	382.97
970.43	288.76
972.25	278.52
974.08	335.87
975.91	350.20
977.73	401.40
979.55	415.74
981.38	393.21
983.20	227.32
985.02	339.96
986.84	309.24
988.66	256.00
990.49	358.39
992.30	280.57
994.12	274.43
995.94	393.21
997.76	262.14
999.58	329.72
1001.39	204.80
1003.21	423.93
1005.02	145.41
1006.84	399.35
1008.65	268.28
1010.47	339.96
1012.28	151.55
1014.09	333.82
1015.90	479.22
1017.71	268.28
1019.52	327.68
1021.33	342.01
1023.14	301.05
1024.95	282.62
1026.76	348.15
1028.56	366.59
1030.37	493.56
1032.18	391.16
1033.98	382.97
1035.79	348.15
1037.59	301.05
1039.39	385.02
1041.20	530.42
1043.00	354.30
1044.80	415.74
1046.60	428.03
1048.40	348.15
1050.20	233.47
1052.00	292.86
1053.80	348.15
1055.59	188.41
1057.39	192.51
1059.19	262.14
1060.98	362.49
1062.78	333.82
1064.57	270.33
1066.37	141.31
1068.16	262.14
1069.95	376.83
1071.75	358.39
1073.54	210.94
1075.33	342.01
1077.12	378.87
1078.91	163.84
1080.70	387.07
1082.48	243.71
1084.27	208.89
1086.06	456.70
1087.85	249.85
1089.63	266.24
1091.42	272.38
1093.20	401.40
1094.99	290.81
1096.77	399.35
1098.55	284.67
1100.33	270.33
1102.12	260.09
1103.90	323.58
1105.68	352.25
1107.46	411.64
1109.24	258.04
1111.01	380.92
1112.79	198.65
1114.57	446.46
1116.35	339.96
1118.12	206.84
1119.90	471.03
1121.67	299.00
1123.45	450.55
1125.22	235.52
1126.99	423.93
1128.77	452.60
1130.54	278.52
1132.31	335.87
1134.08	464.89
1135.85	356.35
1137.62	366.59
1139.39	212.99
1141.15	268.28
1142.92	362.49
1144.69	413.69
1146.46	364.54
1148.22	290.81
1149.99	456.70
1151.75	446.46
1153.51	387.07
1155.28	376.83
1157.04	430.07
1158.80	448.51
1160.56	352.25
1162.32	438.27
1164.08	526.33
1165.84	509.94
1167.60	221.18
1169.36	481.27
1171.12	348.15
1172.88	544.76
1174.63	286.72
1176.39	448.51
1178.14	497.66
1179.90	630.77
1181.65	641.01
1183.41	667.64
1185.16	499.70
1186.91	614.39
1188.66	747.51
1190.41	692.21
1192.16	759.80
1193.91	780.28
1195.66	833.52
1197.41	1042.42
1199.16	1015.79
1200.91	1126.38
1202.66	1230.83
1204.40	1591.27
1206.15	1712.10
1207.89	1863.65
1209.64	2197.47
1211.38	2314.20
1213.12	2496.47
1214.87	2693.08
1216.61	2611.16
1218.35	2613.21
1220.09	2500.57
1221.83	2463.71
1223.57	2281.44
1225.31	2136.03
1227.05	1992.67
1228.79	1785.83
1230.52	1611.75
1232.26	1415.15
1234.00	1433.58
1235.73	1105.90
1237.47	985.07
1239.20	911.35
1240.94	856.05
1242.67	917.49
1244.40	794.61
1246.13	698.36
1247.86	782.32
1249.60	634.87
1251.33	659.45
1253.06	511.99
1254.78	399.35
1256.51	550.90
1258.24	327.67
1259.97	516.09
1261.69	563.19
1263.42	534.52
1265.15	454.65
1266.87	329.72
1268.59	385.02
1270.32	378.87
1272.04	315.39
1273.76	323.58
1275.49	184.32
1277.21	331.77
1278.93	368.63
1280.65	346.11
1282.37	368.63
1284.09	288.76
1285.81	430.07
1287.52	348.15
1289.24	407.55
1290.96	149.50
1292.67	350.20
1294.39	354.30
1296.10	368.63
1297.82	393.21
1299.53	366.59
1301.24	294.91
1302.96	323.58
1304.67	452.60
1306.38	405.50
1308.09	335.87
1309.80	157.69
1311.51	528.38
1313.22	303.10
1314.93	335.87
1316.64	354.30
1318.34	356.35
1320.05	327.68
1321.75	339.96
1323.46	370.68
1325.17	405.50
1326.87	366.59
1328.57	421.88
1330.28	364.54
1331.98	458.74
1333.68	407.55
1335.38	440.31
1337.08	473.08
1338.78	548.86
1340.48	432.12
1342.18	487.42
1343.88	333.82
1345.58	223.23
1347.28	299.00
1348.97	344.06
1350.67	276.48
1352.36	368.63
1354.06	450.55
1355.75	360.44
1357.45	313.34
1359.14	256.00
1360.83	206.84
1362.53	288.76
1364.22	296.96
1365.91	299.00
1367.60	264.19
1369.29	546.81
1370.98	278.52
1372.67	303.10
1374.35	376.83
1376.04	442.36
1377.73	350.20
1379.41	456.70
1381.10	403.45
1382.79	309.24
1384.47	307.20
1386.15	348.15
1387.84	262.14
1389.52	391.16
1391.20	237.56
1392.88	376.83
1394.57	243.71
1396.25	403.45
1397.93	280.57
1399.61	296.96
1401.28	180.22
1402.96	460.79
1404.64	366.59
1406.32	411.64
1407.99	397.31
1409.67	495.61
1411.35	325.63
1413.02	380.92
1414.70	385.02
1416.37	360.44
1418.04	376.83
1419.71	438.27
1421.39	407.55
1423.06	430.07
1424.73	395.26
1426.40	335.87
1428.07	348.15
1429.74	475.13
1431.41	292.86
1433.08	471.03
1434.74	321.53
1436.41	462.84
1438.08	264.19
1439.74	563.19
1441.41	419.83
1443.07	290.81
1444.74	245.76
1446.40	393.21
1448.06	432.12
1449.72	434.17
1451.39	403.45
1453.05	514.04
1454.71	452.60
1456.37	247.80
1458.03	612.34
1459.69	391.16
1461.35	559.10
1463.00	634.87
1464.66	368.63
1466.32	602.10
1467.97	403.45
1469.63	583.67
1471.28	602.10
1472.94	552.95
1474.59	538.62
1476.25	595.96
1477.90	759.80
1479.55	669.69
1481.20	659.45
1482.85	884.72
1484.50	866.29
1486.15	778.23
1487.80	872.43
1489.45	897.01
1491.10	798.71
1492.75	931.83
1494.40	950.26
1496.04	978.93
1497.69	858.10
1499.33	1066.99
1500.98	1206.25
1502.62	1038.32
1504.27	1128.43
1505.91	1081.33
1507.55	933.87
1509.19	923.63
1510.84	837.62
1512.48	1005.55
1514.12	919.54
1515.76	843.76
1517.40	823.28
1519.04	722.93
1520.67	780.28
1522.31	907.25
1523.95	849.91
1525.59	747.51
1527.22	600.05
1528.86	888.82
1530.49	612.34
1532.13	831.48
1533.76	692.21
1535.39	710.65
1537.03	720.89
1538.66	514.04
1540.29	573.43
1541.92	602.10
1543.55	555.00
1545.18	514.04
1546.81	550.90
1548.44	534.52
1550.07	585.72
1551.70	514.04
1553.32	358.39
1554.95	557.05
1556.58	452.60
1558.20	499.70
1559.83	516.09
1561.45	423.93
1563.07	303.10
1564.70	311.29
1566.32	397.31
1567.94	280.57
1569.56	368.63
1571.19	358.39
1572.81	358.39
1574.43	434.17
1576.05	614.39
1577.66	339.96
1579.28	329.72
1580.90	403.45
1582.52	286.72
1584.14	358.39
1585.75	303.10
1587.37	325.63
1588.98	409.59
1590.60	360.44
1592.21	212.99
1593.82	462.84
1595.44	391.16
1597.05	237.56
1598.66	385.02
1600.27	204.80
1601.88	307.20
1603.49	-3499.98
1605.10	333.82
1606.71	368.63
1608.32	344.06
1609.93	409.59
1611.54	239.61
1613.14	442.36
1614.75	274.43
1616.36	303.10
1617.96	315.39
1619.57	354.30
1621.17	245.76
1622.77	358.39
1624.38	184.32
1625.98	239.61
1627.58	432.12
1629.18	444.41
1630.78	317.44
1632.38	432.12
1633.98	325.63
1635.58	165.89
1637.18	374.78
1638.78	370.68
1640.38	303.10
1641.98	415.74
1643.57	505.85
1645.17	165.89
1646.76	227.32
1648.36	430.07
1649.95	329.72
1651.55	151.55
1653.14	319.48
1654.73	294.91
1656.33	452.60
1657.92	260.09
1659.51	315.39
1661.10	391.16
1662.69	348.15
1664.28	204.80
1665.87	346.11
1667.46	264.19
1669.05	464.89
1670.63	423.93
1672.22	382.97
1673.81	456.70
1675.39	382.97
1676.98	217.08
1678.56	206.84
1680.15	313.34
1681.73	137.21
1683.31	200.70
1684.90	296.96
1686.48	372.73
1688.06	364.54
1689.64	333.82
1691.22	489.46
1692.80	432.12
1694.38	317.44
1695.96	466.94
1697.54	522.23
1699.12	409.59
1700.69	407.55
1702.27	301.05
1703.85	378.87
1705.42	450.55
1707.00	249.85
1708.57	258.04
1710.15	319.48
1711.72	346.11
1713.29	354.30
1714.87	264.19
1716.44	239.61
1718.01	325.63
1719.58	356.35
1721.15	262.14
1722.72	215.04
1724.29	471.03
1725.86	276.48
1727.43	382.97
1729.00	231.42
1730.56	296.96
1732.13	339.96
1733.70	262.14
1735.26	325.63
1736.83	376.83
1738.39	421.88
1739.96	450.55
1741.52	385.02
1743.08	268.28
1744.65	190.46
1746.21	239.61
1747.77	311.29
1749.33	342.01
1750.89	528.38
1752.45	245.76
1754.01	323.58
1755.57	360.44
1757.13	221.18
1758.69	237.56
1760.24	212.99
1761.80	296.96
1763.36	393.21
1764.91	243.71
1766.47	96.25
1768.02	385.02
1769.58	262.14
1771.13	303.10
1772.68	305.15
1774.24	288.76
1775.79	245.76
1777.34	292.86
1778.89	323.58
1780.44	192.51
1781.99	172.03
1783.54	382.97
1785.09	288.76
1786.64	454.65
1788.19	368.63
1789.73	329.72
1791.28	352.25
1792.83	460.79
1794.37	358.39
1795.92	391.16
1797.46	387.07
1799.01	270.33
1800.55	258.04
1802.09	319.48
1803.64	296.96
1805.18	311.29
1806.72	124.93
1808.26	286.72
1809.80	415.74
1811.34	260.09
1812.88	286.72
1814.42	329.72
1815.96	299.00
1817.50	321.53
1819.04	243.71
1820.57	245.76
1822.11	299.00
1823.65	247.80
1825.18	198.65
1826.72	215.04
1828.25	239.61
1829.78	325.63
1831.32	172.03
1832.85	247.80
1834.38	135.17
1835.92	382.97
1837.45	258.04
1838.98	253.95
1840.51	258.04
1842.04	497.66
1843.57	348.15
1845.10	204.80
1846.62	266.24
1848.15	372.73
1849.68	378.87
1851.21	346.11
1852.73	337.91
1854.26	190.46
1855.78	382.97
1857.31	227.32
1858.83	294.91
1860.36	192.51
1861.88	204.80
1863.40	116.73
1864.92	227.32
1866.45	282.62
1867.97	137.21
1869.49	221.18
1871.01	262.14
1872.53	382.97
1874.05	299.00
1875.57	262.14
1877.08	378.87
1878.60	215.04
1880.12	362.49
1881.64	323.58
1883.15	256.00
1884.67	235.52
1886.18	253.95
1887.70	358.39
1889.21	362.49
1890.72	196.61
1892.24	157.69
1893.75	303.10
1895.26	356.35
1896.77	165.89
1898.28	176.13
1899.79	409.59
1901.30	243.71
1902.81	253.95
1904.32	342.01
1905.83	272.38
1907.34	247.80
1908.85	268.28
1910.35	235.52
1911.86	339.96
1913.37	296.96
1914.87	413.69
1916.38	32.77
1917.88	256.00
1919.39	260.09
1920.89	167.93
1922.39	299.00
1923.89	210.94
1925.40	305.15
1926.90	303.10
1928.40	198.65
1929.90	301.05
1931.40	198.65
1932.90	301.05
1934.40	237.56
1935.90	350.20
1937.39	141.31
1938.89	391.16
1940.39	256.00
1941.89	303.10
1943.38	342.01
1944.88	378.87
1946.37	331.77
1947.87	311.29
1949.36	178.17
1950.85	266.24
1952.35	362.49
1953.84	356.35
1955.33	256.00
1956.82	372.73
1958.31	458.74
1959.80	428.03
1961.29	301.05
1962.78	333.82
1964.27	358.39
1965.76	241.66
1967.25	356.35
1968.74	399.35
1970.22	342.01
1971.71	204.80
1973.20	198.65
1974.68	231.42
1976.17	288.76
1977.65	342.01
1979.14	335.87
1980.62	307.20
1982.10	178.17
1983.58	286.72
1985.07	223.23
1986.55	231.42
1988.03	356.35
1989.51	233.47
1990.99	210.94
1992.47	284.67
1993.95	223.23
1995.43	268.28
1996.91	266.24
1998.38	325.63
1999.86	309.24
2001.34	161.79
2002.81	292.86
2004.29	319.48
2005.76	309.24
2007.24	305.15
2008.71	325.63
2010.19	344.06
2011.66	264.19
2013.13	319.48
2014.60	133.12
2016.08	253.95
2017.55	286.72
2019.02	346.11
2020.49	339.96
2021.96	208.89
2023.43	307.20
2024.90	219.13
2026.36	229.37
2027.83	278.52
2029.30	137.21
2030.77	286.72
2032.23	190.46
2033.70	116.73
2035.16	280.57
2036.63	368.63
2038.09	223.23
2039.56	178.17
2041.02	256.00
2042.48	235.52
2043.95	247.80
2045.41	294.91
2046.87	157.69
2048.33	256.00
2049.79	296.96
2051.25	157.69
2052.71	143.36
2054.17	309.24
2055.63	253.95
2057.09	96.25
2058.54	212.99
2060.00	172.03
2061.46	155.65
2062.91	307.20
2064.37	290.81
2065.82	182.27
2067.28	247.80
2068.73	278.52
2070.19	319.48
2071.64	190.46
2073.09	219.13
2074.54	358.39
2076.00	350.20
2077.45	284.67
2078.90	108.54
2080.35	362.49
2081.80	98.30
2083.25	344.06
2084.70	165.89
2086.14	219.13
2087.59	81.92
2089.04	135.17
2090.49	401.40
2091.93	215.04
2093.38	243.71
2094.83	264.19
2096.27	204.80
2097.71	153.60
2099.16	202.75
2100.60	239.61
2102.05	53.25
2103.49	262.14
2104.93	282.62
2106.37	167.93
2107.81	118.78
2109.25	286.72
2110.69	90.11
2112.13	272.38
2113.57	278.52
2115.01	225.28
2116.45	145.41
2117.89	253.95
2119.33	145.41
2120.76	348.15
2122.20	210.94
2123.63	350.20
2125.07	258.04
2126.51	227.32
2127.94	198.65
2129.37	348.15
2130.81	135.17
2132.24	194.56
2133.67	307.20
2135.11	360.44
2136.54	196.61
2137.97	233.47
2139.40	241.66
2140.83	180.22
2142.26	229.37
2143.69	227.32
2145.12	309.24
2146.55	241.66
2147.97	225.28
2149.40	200.70
2150.83	282.62
2152.25	284.67
2153.68	131.07
2155.11	321.53
2156.53	122.88
2157.96	337.91
2159.38	215.04
2160.80	167.93
2162.23	276.48
2163.65	215.04
2165.07	276.48
2166.49	217.08
2167.91	92.16
2169.33	249.85
2170.75	129.02
2172.17	335.87
2173.59	-43.01
2175.01	307.20
2176.43	241.66
2177.85	161.79
2179.27	311.29
2180.68	202.75
2182.10	196.61
2183.52	90.11
2184.93	129.02
2186.35	358.39
2187.76	221.18
2189.18	331.77
2190.59	477.18
2192.00	288.76
2193.42	251.90
2194.83	43.01
2196.24	65.53
2197.65	241.66
2199.06	235.52
2200.47	180.22
2201.88	247.80
2203.29	169.98
2204.70	100.35
2206.11	88.06
2207.52	143.36
2208.93	245.76
2210.33	174.08
2211.74	221.18
2213.15	262.14
2214.55	98.30
2215.96	81.92
2217.36	155.65
2218.77	307.20
2220.17	149.50
2221.57	190.46
2222.98	253.95
2224.38	276.48
2225.78	286.72
2227.18	120.83
2228.58	192.51
2229.99	86.01
2231.39	208.89
2232.79	212.99
2234.18	157.69
2235.58	235.52
2236.98	51.20
2238.38	112.64
2239.78	94.21
2241.17	200.70
2242.57	249.85
2243.97	163.84
2245.36	120.83
2246.76	253.95
2248.15	264.19
2249.55	184.32
2250.94	303.10
2252.33	268.28
2253.73	215.04
2255.12	198.65
2256.51	210.94
2257.90	133.12
2259.29	163.84
2260.68	4.10
2262.07	104.45
2263.46	296.96
2264.85	141.31
2266.24	120.83
2267.63	284.67
2269.02	73.73
2270.40	186.37
2271.79	227.32
2273.18	176.13
2274.56	49.15
2275.95	231.42
2277.33	305.15
2278.72	307.20
2280.10	223.23
2281.49	135.17
2282.87	292.86
2284.25	182.27
2285.63	198.65
2287.02	409.59
2288.40	30.72
2289.78	219.13
2291.16	126.97
2292.54	219.13
2293.92	399.35
2295.30	243.71
2296.68	18.43
2298.05	364.54
2299.43	251.90
2300.81	122.88
2302.19	55.30
2303.56	92.16
2304.94	272.38
2306.31	147.45
2307.69	135.17
2309.06	229.37
2310.44	102.40
2311.81	321.53
2313.19	186.37
2314.56	172.03
2315.93	200.70
2317.30	186.37
2318.67	219.13
2320.04	126.97
2321.41	286.72
2322.78	108.54
2324.15	114.69
2325.52	204.80
2326.89	217.08
2328.26	120.83
2329.63	96.25
2331.00	229.37
2332.36	112.64
2333.73	200.70
2335.09	141.31
2336.46	202.75
2337.83	229.37
2339.19	28.67
2340.55	4.10
2341.92	194.56
2343.28	67.58
2344.64	184.32
2346.01	155.65
2347.37	147.45
2348.73	186.37
2350.09	315.39
2351.45	151.55
2352.81	352.25
2354.17	409.59
2355.53	190.46
2356.89	167.93
2358.25	149.50
2359.61	219.13
2360.96	264.19
2362.32	284.67
2363.68	206.84
2365.03	71.68
2366.39	272.38
2367.74	192.51
2369.10	303.10
2370.45	253.95
2371.81	237.56
2373.16	180.22
2374.51	241.66
2375.86	258.04
2377.22	237.56
2378.57	190.46
2379.92	243.71
2381.27	147.45
2382.62	245.76
2383.97	253.95
2385.32	153.60
2386.67	225.28
2388.02	219.13
2389.37	249.85
2390.71	315.39
2392.06	247.80
2393.41	159.74
2394.75	364.54
2396.10	507.90
2397.44	268.28
2398.79	421.88
2400.13	438.27
2401.48	325.63
2402.82	382.97
2404.17	223.23
2405.51	352.25
2406.85	368.63
2408.19	395.26
2409.53	204.80
2410.87	327.67
2412.22	546.81
2413.56	192.51
2414.89	215.04
2416.23	307.20
2417.57	356.35
2418.91	282.62
2420.25	253.95
2421.59	342.01
2422.92	395.26
2424.26	184.32
2425.60	133.12
2426.93	251.90
2428.27	266.24
2429.60	380.92
2430.94	212.99
2432.27	176.13
2433.60	155.65
2434.94	145.41
2436.27	311.29
2437.60	116.73
2438.93	196.61
2440.27	200.70
2441.60	266.24
2442.93	92.16
2444.26	319.48
2445.59	86.01
2446.92	247.80
2448.24	317.44
2449.57	22.53
2450.90	77.82
2452.23	342.01
2453.55	243.71
2454.88	212.99
2456.21	145.41
2457.53	225.28
2458.86	290.81
2460.18	243.71
2461.51	342.01
2462.83	180.22
2464.15	219.13
2465.48	186.37
2466.80	104.45
2468.12	249.85
2469.44	270.33
2470.76	145.41
2472.09	202.75
2473.41	178.17
2474.73	100.35
2476.05	172.03
2477.36	264.19
2478.68	315.39
2480.00	241.66
2481.32	106.49
2482.64	212.99
2483.95	210.94
2485.27	317.44
2486.59	18.43
2487.90	61.44
2489.22	237.56
2490.53	200.70
2491.85	149.50
2493.16	118.78
2494.47	83.97
2495.79	141.31
2497.10	137.21
2498.41	124.93
2499.72	239.61
2501.03	135.17
2502.35	180.22
2503.66	137.21
2504.97	237.56
2506.28	135.17
2507.59	147.45
2508.89	282.62
2510.20	151.55
2511.51	153.60
2512.82	188.41
2514.12	51.20
2515.43	135.17
2516.74	151.55
2518.04	360.44
2519.35	241.66
2520.65	131.07
2521.96	53.25
2523.26	45.06
2524.57	219.13
2525.87	116.73
2527.17	212.99
2528.47	294.91
2529.78	198.65
2531.08	235.52
2532.38	83.97
2533.68	153.60
2534.98	92.16
2536.28	167.93
2537.58	77.82
2538.88	86.01
2540.18	139.26
2541.47	139.26
2542.77	137.21
2544.07	274.43
2545.37	239.61
2546.66	153.60
2547.96	223.23
2549.25	247.80
2550.55	202.75
2551.84	73.73
2553.14	118.78
2554.43	61.44
2555.72	165.89
2557.02	161.79
2558.31	106.49
2559.60	112.64
2560.89	172.03
2562.18	233.47
2563.48	131.07
2564.77	108.54
2566.06	210.94
2567.35	174.08
2568.63	182.27
2569.92	225.28
2571.21	219.13
2572.50	141.31
2573.79	245.76
2575.07	90.11
2576.36	22.53
2577.65	163.84
2578.93	182.27
2580.22	245.76
2581.50	241.66
2582.79	243.71
2584.07	251.90
2585.36	165.89
2586.64	100.35
2587.92	245.76
2589.20	172.03
2590.49	129.02
2591.77	149.50
2593.05	169.98
2594.33	174.08
2595.61	231.42
2596.89	106.49
2598.17	174.08
2599.45	307.20
2600.73	155.65
2602.00	6.14
2603.28	196.61
2604.56	94.21
2605.84	282.62
2607.11	188.41
2608.39	315.39
2609.67	190.46
2610.94	96.25
2612.22	10.24
2613.49	159.74
2614.76	155.65
2616.04	120.83
2617.31	94.21
2618.58	67.58
2619.86	260.09
2621.13	77.82
2622.40	102.40
2623.67	210.94
2624.94	266.24
2626.21	112.64
2627.48	204.80
2628.75	153.60
2630.02	49.15
2631.29	247.80
2632.56	176.13
2633.82	79.87
2635.09	81.92
2636.36	217.08
2637.63	190.46
2638.89	79.87
2640.16	112.64
2641.42	231.42
2642.69	372.73
2643.95	161.79
2645.22	16.38
2646.48	122.88
2647.74	73.73
2649.01	149.50
2650.27	141.31
2651.53	126.97
2652.79	-8.19
2654.05	40.96
2655.31	14.34
2656.57	106.49
2657.83	169.98
2659.09	176.13
2660.35	135.17
2661.61	145.41
2662.87	116.73
2664.13	157.69
2665.38	169.98
2666.64	212.99
2667.90	83.97
2669.15	155.65
2670.41	96.25
2671.67	112.64
2672.92	251.90
2674.17	129.02
2675.43	102.40
2676.68	102.40
2677.94	86.01
2679.19	190.46
2680.44	212.99
2681.69	2.05
2682.95	28.67
2684.20	69.63
2685.45	272.38
2686.70	208.89
2687.95	122.88
2689.20	243.71
2690.45	233.47
2691.70	159.74
2692.94	266.24
2694.19	239.61
2695.44	143.36
2696.69	112.64
2697.93	92.16
2699.18	104.45
2700.43	223.23
2701.67	196.61
2702.92	354.30
2704.16	182.27
2705.41	161.79
2706.65	210.94
2707.89	192.51
2709.14	110.59
2710.38	315.39
2711.62	253.95
2712.86	163.84
2714.11	77.82
2715.35	241.66
2716.59	219.13
2717.83	221.18
2719.07	227.32
2720.31	149.50
2721.55	245.76
2722.78	174.08
2724.02	151.55
2725.26	229.37
2726.50	30.72
2727.73	354.30
2728.97	188.41
2730.21	153.60
2731.44	192.51
2732.68	260.09
2733.91	36.86
2735.15	147.45
2736.38	198.65
2737.62	83.97
2738.85	196.61
2740.08	309.24
2741.32	233.47
2742.55	40.96
2743.78	86.01
2745.01	202.75
2746.24	235.52
2747.47	139.26
2748.70	292.86
2749.93	180.22
2751.16	145.41
2752.39	94.21
2753.62	249.85
2754.85	67.58
2756.08	96.25
2757.30	210.94
2758.53	247.80
2759.76	88.06
2760.98	180.22
2762.21	210.94
2763.43	28.67
2764.66	270.33
2765.88	69.63
2767.11	145.41
2768.33	247.80
2769.55	137.21
2770.78	180.22
2772.00	51.20
2773.22	153.60
2774.44	112.64
2775.67	122.88
2776.89	217.08
2778.11	112.64
2779.33	71.68
2780.55	129.02
2781.77	155.65
2782.99	96.25
2784.20	305.15
2785.42	221.18
2786.64	57.34
2787.86	65.54
2789.07	180.22
2790.29	235.52
2791.51	147.45
2792.72	198.65
2793.94	126.97
2795.15	280.57
2796.37	184.32
2797.58	143.36
2798.80	260.09
2800.01	192.51
2801.22	135.17
2802.44	176.13
2803.65	198.65
2804.86	71.68
2806.07	276.48
2807.28	45.06
2808.49	118.78
2809.70	90.11
2810.91	163.84
2812.12	288.76
2813.33	194.56
2814.54	223.23
2815.75	120.83
2816.96	110.59
2818.16	276.48
2819.37	133.12
2820.58	161.79
2821.78	299.00
2822.99	141.31
2824.20	26.62
2825.40	215.04
2826.61	202.75
2827.81	151.55
2829.01	141.31
2830.22	233.47
2831.42	253.95
2832.62	139.26
2833.83	202.75
2835.03	14.34
2836.23	219.13
2837.43	79.87
2838.63	307.20
2839.83	206.84
2841.03	106.49
2842.23	145.41
2843.43	194.56
2844.63	77.82
2845.83	172.03
2847.03	43.01
2848.22	176.13
2849.42	92.16
2850.62	245.76
2851.81	141.31
2853.01	63.49
2854.21	79.87
2855.40	192.51
2856.60	229.37
2857.79	157.69
2858.99	102.40
2860.18	151.55
2861.37	208.89
2862.57	198.65
2863.76	288.76
2864.95	282.62
2866.14	333.82
2867.33	124.93
2868.52	288.76
2869.72	241.66
2870.91	131.07
2872.10	436.22
2873.28	163.84
2874.47	425.98
2875.66	378.87
2876.85	462.84
2878.04	272.38
2879.23	370.68
2880.41	233.47
2881.60	270.33
2882.79	268.28
2883.97	366.59
2885.16	456.70
2886.34	378.87
2887.53	366.59
2888.71	385.02
2889.90	358.39
2891.08	464.89
2892.26	421.88
2893.45	348.15
2894.63	323.58
2895.81	262.14
2896.99	239.61
2898.17	372.73
2899.36	274.43
2900.54	354.30
2901.72	395.26
2902.90	178.17
2904.08	425.98
2905.26	120.83
2906.43	251.90
2907.61	266.24
2908.79	165.89
2909.97	245.76
2911.14	323.58
2912.32	237.56
2913.50	329.72
2914.67	215.04
2915.85	595.96
2917.02	296.96
2918.20	348.15
2919.37	358.39
2920.55	487.42
2921.72	481.27
2922.90	518.14
2924.07	454.65
2925.24	536.57
2926.41	497.66
2927.58	577.53
2928.76	403.45
2929.93	481.27
2931.10	444.41
2932.27	428.03
2933.44	581.62
2934.61	468.98
2935.78	468.98
2936.95	239.61
2938.11	362.49
2939.28	411.64
2940.45	294.91
2941.62	473.08
2942.78	391.16
2943.95	180.22
2945.12	309.24
2946.28	368.63
2947.45	198.65
2948.61	329.72
2949.78	194.56
2950.94	253.95
2952.10	329.72
2953.27	352.25
2954.43	311.29
2955.59	323.58
2956.76	196.61
2957.92	272.38
2959.08	274.43
2960.24	274.43
2961.40	286.72
2962.56	342.01
2963.72	286.72
2964.88	319.48
2966.04	477.18
2967.20	272.38
2968.36	352.25
2969.52	446.46
2970.67	344.06
2971.83	378.87
2972.99	366.59
2974.14	411.64
2975.30	401.40
2976.46	321.53
2977.61	333.82
2978.77	305.15
2979.92	577.53
2981.08	397.31
2982.23	485.37
2983.38	454.65
2984.54	440.31
2985.69	583.67
2986.84	600.05
2987.99	561.14
2989.15	520.18
2990.30	563.19
2991.45	573.43
2992.60	751.60
2993.75	763.89
2994.90	940.02
2996.05	858.10
2997.20	1026.03
2998.35	1007.60
2999.49	1040.37
3000.64	1304.56
3001.79	1404.91
3002.94	1708.01
3004.08	1966.05
3005.23	2367.45
3006.38	2678.74
3007.52	3297.23
3008.67	4046.79
3009.81	4855.73
3010.96	5679.02
3012.10	6698.91
3013.25	8071.04
3014.39	9160.56
3015.53	9484.14
3016.67	10501.98
3017.82	10989.40
3018.96	11642.70
3020.10	11900.75
3021.24	11519.82
3022.38	11546.45
3023.52	10757.98
3024.66	9756.52
3025.80	8687.48
3026.94	7991.17
3028.08	6821.78
3029.22	6023.08
3030.36	5320.62
3031.50	4667.32
3032.63	4274.11
3033.77	3645.38
3034.91	3305.42
3036.04	2858.96
3037.18	2670.55
3038.32	2377.69
3039.45	1959.91
3040.59	1929.19
3041.72	1660.90
3042.86	1599.46
3043.99	1456.11
3045.12	1288.17
3046.26	1282.03
3047.39	925.68
3048.52	1146.86
3049.65	1038.32
3050.78	843.76
3051.92	858.10
3053.05	884.72
3054.18	851.96
3055.31	839.67
3056.44	802.80
3057.57	862.19
3058.70	962.55
3059.82	669.69
3060.95	616.44
3062.08	806.90
3063.21	784.37
3064.34	616.44
3065.46	735.22
3066.59	894.96
3067.71	767.99
3068.84	759.80
3069.97	681.97
3071.09	733.17
3072.22	690.17
3073.34	485.37
3074.46	796.66
3075.59	522.23
3076.71	589.81
3077.83	659.45
3078.96	505.85
3080.08	526.33
3081.20	532.47
3082.32	419.83
3083.44	464.89
3084.56	483.32
3085.68	342.01
3086.80	440.31
3087.92	425.98
3089.04	387.07
3090.16	251.90
3091.28	264.19
3092.40	294.91
3093.51	251.90
3094.63	307.20
3095.75	221.18
3096.87	505.85
3097.98	344.06
3099.10	174.08
3100.21	258.04
3101.33	284.67
3102.44	249.85
3103.56	172.03
3104.67	276.48
3105.79	231.42
3106.90	182.27
3108.01	63.49
3109.12	186.37
3110.24	280.57
3111.35	256.00
3112.46	169.98
3113.57	270.33
3114.68	-12.29
3115.79	184.32
3116.90	282.62
3118.01	219.13
3119.12	208.89
3120.23	73.73
3121.34	219.13
3122.45	268.28
3123.56	198.65
3124.66	55.30
3125.77	86.01
3126.88	112.64
3127.98	92.16
3129.09	206.84
3130.20	282.62
3131.30	141.31
3132.41	206.84
3133.51	176.13
3134.61	192.51
3135.72	178.17
3136.82	243.71
3137.93	200.70
3139.03	182.27
3140.13	110.59
3141.23	251.90
3142.33	225.28
3143.44	98.30
3144.54	77.82
3145.64	110.59
3146.74	86.01
3147.84	137.21
3148.94	108.54
3150.04	114.69
3151.14	139.26
3152.23	270.33
3153.33	6.14
3154.43	124.93
3155.53	43.01
3156.63	169.98
3157.72	276.48
3158.82	77.82
3159.91	63.49
3161.01	139.26
3162.11	96.25
3163.20	-45.06
3164.30	67.58
3165.39	176.13
3166.48	108.54
3167.58	151.55
3168.67	182.27
3169.76	77.82
3170.86	124.93
3171.95	49.15
3173.04	202.75
3174.13	98.30
3175.22	4.10
3176.31	200.70
3177.40	65.54
3178.49	276.48
3179.58	108.54
3180.67	229.37
3181.76	145.41
3182.85	221.18
3183.94	-4.10
3185.03	210.94
3186.11	258.04
3187.20	210.94
3188.29	133.12
3189.37	147.45
3190.46	235.52
3191.55	120.83
3192.63	120.83
3193.72	22.53
3194.80	100.35
3195.89	32.77
3196.97	22.53
3198.05	40.96
3199.14	71.68
3200.22	75.77
3201.30	143.36
3202.38	131.07
3203.47	110.59
3204.55	157.69
3205.63	-292.86
3206.71	210.94
3207.79	81.92
3208.87	116.73
3209.95	131.07
3211.03	51.20
3212.11	53.25
3213.19	231.42
3214.27	202.75
3215.34	40.96
3216.42	36.86
3217.50	163.84
3218.58	133.12
3219.65	118.78
3220.73	47.10
3221.80	32.77
3222.88	57.34
3223.96	178.17
3225.03	-53.25
3226.10	239.61
3227.18	151.55
3228.25	161.79
3229.33	233.47
3230.40	12.29
3231.47	182.27
3232.54	86.01
3233.62	24.58
3234.69	145.41
3235.76	114.69
3236.83	92.16
3237.90	262.14
3238.97	231.42
3240.04	0.00
3241.11	55.30
3242.18	206.84
3243.25	8.19
3244.32	2.05
3245.39	264.19
3246.45	79.87
3247.52	49.15
3248.59	174.08
3249.66	47.10
3250.72	180.22
3251.79	182.27
3252.85	-10.24
3253.92	83.97
3254.98	53.25
3256.05	92.16
3257.11	108.54
3258.18	69.63
3259.24	104.45
3260.30	-36.86
3261.37	163.84
3262.43	153.60
3263.49	47.10
3264.55	43.01
3265.62	225.28
3266.68	61.44
3267.74	167.93
3268.80	129.02
3269.86	69.63
3270.92	69.63
3271.98	178.17
3273.04	159.74
3274.10	83.97
3275.16	151.55
3276.21	98.30
3277.27	-30.72
3278.33	141.31
3279.39	106.49
3280.44	178.17
3281.50	149.50
3282.56	12.29
3283.61	219.13
3284.67	75.77
3285.72	40.96
3286.78	79.87
3287.83	204.80
3288.88	69.63
3289.94	-14.34
3290.99	262.14
3292.04	147.45
3293.10	196.61
3294.15	212.99
3295.20	159.74
3296.25	143.36
3297.30	98.30
3298.36	36.86
3299.41	200.70
3300.46	-100.35
3301.51	233.47
3302.56	118.78
3303.61	212.99
3304.65	124.93
3305.70	202.75
3306.75	126.97
3307.80	81.92
3308.85	-22.53
3309.89	86.01
3310.94	47.10
3311.99	135.17
3313.03	247.80
3314.08	104.45
3315.12	114.69
3316.17	86.01
3317.21	-36.86
3318.26	233.47
3319.30	198.65
3320.35	231.42
3321.39	161.79
3322.43	274.43
3323.48	30.72
3324.52	190.46
3325.56	79.87
3326.60	120.83
3327.64	233.47
3328.68	114.69
3329.73	100.35
3330.77	40.96
3331.81	12.29
3332.85	129.02
3333.88	45.06
3334.92	182.27
3335.96	96.25
3337.00	32.77
3338.04	67.58
3339.08	131.07
3340.11	69.63
3341.15	141.31
3342.19	176.13
3343.22	86.01
3344.26	-4.10
3345.30	210.94
3346.33	26.62
3347.37	131.07
3348.40	135.17
3349.43	40.96
3350.47	163.84
3351.50	67.58
3352.54	86.01
3353.57	-36.86
3354.60	16.38
3355.63	116.73
3356.67	143.36
3357.70	196.60
3358.73	126.97
3359.76	61.44
3360.79	129.02
3361.82	133.12
3362.85	114.69
3363.88	96.25
3364.91	190.46
3365.94	256.00
3366.97	108.54
3367.99	204.80
3369.02	126.97
3370.05	133.12
3371.08	92.16
3372.10	55.30
3373.13	-18.43
3374.16	71.68
3375.18	14.34
3376.21	38.91
3377.23	120.83
3378.26	147.45
3379.28	0.00
3380.31	65.54
3381.33	161.79
3382.35	77.82
3383.38	110.59
3384.40	210.94
3385.42	133.12
3386.45	135.17
3387.47	147.45
3388.49	206.84
3389.51	69.63
3390.53	161.79
3391.55	65.53
3392.57	135.17
3393.59	190.46
3394.61	51.20
3395.63	94.21
3396.65	251.90
3397.67	57.34
3398.69	8.19
3399.70	114.69
3400.72	75.77
3401.74	-18.43
3402.76	26.62
3403.77	-63.49
3404.79	106.49
3405.80	10.24
3406.82	178.17
3407.83	22.53
3408.85	176.13
3409.86	276.48
3410.88	116.73
3411.89	153.60
3412.91	106.49
3413.92	73.73
3414.93	18.43
3415.94	262.14
3416.96	135.17
3417.97	215.04
3418.98	212.99
3419.99	102.40
3421.00	88.06
3422.01	94.21
3423.02	18.43
3424.03	100.35
3425.04	32.77
3426.05	137.21
3427.06	253.95
3428.07	63.49
3429.08	167.93
3430.09	88.06
3431.09	102.40
3432.10	155.65
3433.11	149.50
3434.12	92.16
3435.12	118.78
3436.13	139.26
3437.13	114.69
3438.14	133.12
3439.14	-20.48
3440.15	143.36
3441.15	126.97
3442.16	229.37
3443.16	-28.67
3444.16	-4.10
3445.17	155.65
3446.17	57.34
3447.17	135.17
3448.17	208.89
3449.18	260.09
3450.18	75.77
3451.18	196.61
3452.18	73.73
3453.18	75.77
3454.18	-32.77
3455.18	4.10
3456.18	100.35
3457.18	6.14
3458.18	71.68
3459.17	139.26
3460.17	81.92
3461.17	92.16
3462.17	4.10
3463.17	278.52
3464.16	174.08
3465.16	98.30
3466.15	26.62
3467.15	184.32
3468.15	182.27
3469.14	280.57
3470.14	129.02
3471.13	43.01
3472.13	194.56
3473.12	126.97
3474.11	88.06
3475.11	116.73
3476.10	34.82
3477.09	45.06
3478.08	-28.67
3479.08	30.72
3480.07	155.65
3481.06	126.97
3482.05	61.44
3483.04	98.30
3484.03	147.45
3485.02	55.30
3486.01	180.22
3487.00	210.94
3487.99	270.33
3488.98	157.69
3489.97	55.30
3490.95	65.54
3491.94	100.35
3492.93	55.30
3493.92	81.92
3494.90	47.10
3495.89	61.44
3496.88	-6.14
3497.86	32.77
3498.85	67.58
3499.83	57.34
3500.82	12.29
3501.80	120.83
3502.79	-4.10
3503.77	71.68
3504.75	77.82
3505.74	57.34
3506.72	122.88
3507.70	190.46
3508.68	163.84
3509.67	126.97
3510.65	163.84
3511.63	163.84
3512.61	135.17
3513.59	90.11
3514.57	96.25
3515.55	169.98
3516.53	-6.14
3517.51	57.34
3518.49	159.74
3519.47	120.83
3520.45	139.26
3521.42	57.34
3522.40	147.45
3523.38	-10.24
3524.36	153.60
3525.33	26.62
3526.31	83.97
3527.29	92.16
3528.26	180.22
3529.24	237.56
3530.21	131.07
3531.19	26.62
3532.16	266.24
3533.14	-67.58
3534.11	81.92
3535.08	-18.43
3536.06	141.31
3537.03	-77.82
3538.00	172.03
3538.98	186.37
3539.95	129.02
3540.92	137.21
3541.89	90.11
3542.86	-12.29
3543.83	-30.72
3544.80	8.19
3545.77	20.48
3546.74	73.73
3547.71	92.16
3548.68	137.21
3549.65	79.87
3550.62	96.25
3551.59	165.89
3552.56	174.08
3553.52	-24.58
3554.49	153.60
3555.46	225.28
3556.42	69.63
3557.39	51.20
3558.36	124.93
3559.32	36.86
3560.29	73.73
3561.25	135.17
3562.22	38.91
3563.18	-6.14
3564.15	151.55
3565.11	131.07
3566.07	147.45
3567.04	147.45
3568.00	139.26
3568.96	159.74
3569.92	-24.58
3570.89	38.91
3571.85	-6.14
3572.81	-12.29
3573.77	51.20
3574.73	194.56
3575.69	-10.24
3576.65	145.41
3577.61	100.35
3578.57	-20.48
3579.53	145.41
3580.49	157.69
3581.45	88.06
3582.40	104.45
3583.36	92.16
3584.32	190.46
3585.28	100.35
3586.23	153.60
3587.19	225.28
3588.15	92.16
3589.10	0.00
3590.06	40.96
3591.01	40.96
3591.97	14.34
3592.92	104.45
3593.88	45.06
3594.83	100.35
3595.78	176.13
3596.74	-28.67
3597.69	57.34
3598.64	202.75
3599.60	159.74
3600.55	126.97
3601.50	45.06
3602.45	110.59
3603.40	192.51
3604.35	79.87
3605.31	182.27
3606.26	137.21
3607.21	143.36
3608.16	108.54
3609.10	75.77
3610.05	227.32
3611.00	110.59
3611.95	79.87
3612.90	67.58
3613.85	43.01
3614.79	258.04
3615.74	212.99
3616.69	137.21
3617.63	102.40
3618.58	241.66
3619.53	135.17
3620.47	116.73
3621.42	194.56
3622.36	225.28
3623.31	83.97
3624.25	141.31
3625.20	167.93
3626.14	-38.91
3627.08	26.62
3628.03	157.69
3628.97	137.21
3629.91	198.65
3630.85	233.47
3631.80	100.35
3632.74	339.96
3633.68	180.22
3634.62	235.52
3635.56	79.87
3636.50	106.49
3637.44	59.39
3638.38	77.82
3639.32	-40.96
3640.26	131.07
3641.20	169.98
3642.14	129.02
3643.08	264.19
3644.01	145.41
3644.95	92.16
3645.89	-57.34
3646.83	79.87
3647.76	196.60
3648.70	12.29
3649.63	100.35
3650.57	208.89
3651.51	178.17
3652.44	-2.05
3653.38	81.92
3654.31	6.14
3655.24	124.93
3656.18	104.45
3657.11	104.45
3658.05	57.34
3658.98	100.35
3659.91	88.06
3660.84	163.84
3661.78	129.02
3662.71	294.91
3663.64	67.58
3664.57	122.88
3665.50	-57.34
3666.43	188.41
3667.36	100.35
3668.29	10.24
3669.22	161.79
3670.15	36.86
3671.08	135.17
3672.01	-18.43
3672.94	215.04
3673.86	92.16
3674.79	45.06
3675.72	245.76
3676.65	120.83
3677.57	202.75
3678.50	169.98
3679.43	45.06
3680.35	47.10
3681.28	55.30
3682.20	-47.10
3683.13	124.93
3684.05	137.21
3684.98	-129.02
3685.90	129.02
3686.83	-6.14
3687.75	221.18
3688.67	75.77
3689.60	122.88
3690.52	40.96
3691.44	16.38
3692.36	88.06
3693.28	32.77
3694.21	55.30
3695.13	258.04
3696.05	241.66
3696.97	79.87
3697.89	40.96
3698.81	149.50
3699.73	141.31
3700.65	-43.01
3701.57	284.67
3702.48	22.53
3703.40	155.65
3704.32	-4.10
3705.24	77.82
3706.16	241.66
3707.07	174.08
3707.99	26.62
3708.91	67.58
3709.82	77.82
3710.74	65.53
3711.66	45.06
3712.57	143.36
3713.49	253.95
3714.40	36.86
3715.31	98.30
3716.23	49.15
3717.14	176.13
3718.06	147.45
3718.97	143.36
3719.88	184.32
3720.80	106.49
3721.71	-919.54
3722.62	262.14
3723.53	139.26
3724.44	237.56
3725.35	16.38
3726.26	-2.05
3727.18	-67.58
3728.09	92.16
3729.00	169.98
3729.91	141.31
3730.81	100.35
3731.72	38.91
3732.63	73.73
3733.54	98.30
3734.45	102.40
3735.36	110.59
3736.26	83.97
3737.17	-24.58
3738.08	217.08
3738.99	69.63
3739.89	73.73
3740.80	299.00
3741.70	114.69
3742.61	-16.38
3743.51	96.25
3744.42	102.40
3745.32	69.63
3746.23	145.41
3747.13	143.36
3748.04	182.27
3748.94	38.91
3749.84	106.49
3750.74	-22.53
3751.65	0.00
3752.55	180.22
3753.45	83.97
3754.35	215.04
3755.25	40.96
3756.16	20.48
3757.06	-75.77
3757.96	227.32
3758.86	38.91
3759.76	75.77
3760.66	221.18
3761.55	53.25
3762.45	-24.58
3763.35	20.48
3764.25	40.96
3765.15	24.58
3766.05	116.73
3766.94	110.59
3767.84	77.82
3768.74	-16.38
3769.63	38.91
3770.53	-22.53
3771.43	73.73
3772.32	-65.53
3773.22	98.30
3774.11	73.73
3775.01	53.25
3775.90	65.53
3776.80	104.45
3777.69	51.20
3778.58	204.80
3779.48	12.29
3780.37	79.87
3781.26	73.73
3782.16	118.78
3783.05	276.48
3783.94	233.47
3784.83	147.45
3785.72	59.39
3786.61	147.45
3787.50	161.79
3788.39	108.54
3789.28	59.39
3790.17	153.60
3791.06	63.49
3791.95	77.82
3792.84	98.30
3793.73	-65.53
3794.62	2.05
3795.51	53.25
3796.39	186.37
3797.28	-75.77
3798.17	57.34
3799.06	-36.86
3799.94	114.69
3800.83	114.69
3801.71	67.58
3802.60	-102.40
3803.48	116.73
3804.37	172.03
3805.25	-16.38
3806.14	65.54
3807.02	133.12
3807.91	14.34
3808.79	45.06
3809.67	129.02
3810.56	88.06
3811.44	114.69
3812.32	88.06
3813.20	137.21
3814.09	63.49
3814.97	69.63
3815.85	200.70
3816.73	61.44
3817.61	141.31
3818.49	178.17
3819.37	79.87
3820.25	155.65
3821.13	28.67
3822.01	55.30
3822.89	-28.67
3823.77	28.67
3824.65	149.50
3825.52	-112.64
3826.40	100.35
3827.28	227.32
3828.16	-67.58
3829.03	40.96
3829.91	59.39
3830.79	-47.10
3831.66	266.24
3832.54	73.73
3833.41	104.45
3834.29	4.10
3835.16	157.69
3836.04	-36.86
3836.91	153.60
3837.79	137.21
3838.66	6.14
3839.53	40.96
3840.41	94.21
3841.28	137.21
3842.15	86.01
3843.02	8.19
3843.90	-49.15
3844.77	-6.14
3845.64	18.43
3846.51	161.79
3847.38	178.17
3848.25	8.19
3849.12	135.17
3849.99	6.14
3850.86	143.36
3851.73	180.22
3852.60	151.55
3853.47	165.89
3854.34	159.74
3855.21	-77.82
3856.07	-28.67
3856.94	114.69
3857.81	215.04
3858.68	43.01
3859.54	28.67
3860.41	-14.34
3861.28	79.87
3862.14	-53.25
3863.01	104.45
3863.87	137.21
3864.74	-40.96
3865.60	2.05
3866.47	118.78
3867.33	176.13
3868.19	75.77
3869.06	-26.62
3869.92	61.44
3870.78	129.02
3871.65	90.11
3872.51	96.25
3873.37	497.66
3874.23	247.80
3875.10	51.20
3875.96	4.10
3876.82	2.05
3877.68	135.17
3878.54	55.30
3879.40	55.30
3880.26	45.06
3881.12	38.91
3881.98	59.39
3882.84	196.61
3883.70	51.20
3884.55	24.58
3885.41	24.58
3886.27	-49.15
3887.13	184.32
3887.99	69.63
3888.84	38.91
3889.70	198.65
3890.56	194.56
3891.41	-8.19
3892.27	114.69
3893.12	73.73
3893.98	16.38
3894.83	18.43
3895.69	169.98
3896.54	182.27
3897.40	75.77
3898.25	155.65
3899.11	6.14
3899.96	71.68
3900.81	104.45
3901.66	124.93
3902.52	141.31
3903.37	172.03
3904.22	153.60
3905.07	116.73
3905.92	-22.53
3906.78	34.82
3907.63	-59.39
