-2184.52	-86.01
-2181.51	-86.01
-2178.50	-86.01
-2175.49	6.14
-2172.49	-16.38
-2169.48	282.62
-2166.48	-88.06
-2163.48	-276.48
-2160.47	-194.56
-2157.47	180.22
-2154.47	-16.38
-2151.48	135.17
-2148.48	-32.77
-2145.49	-178.17
-2142.49	16.38
-2139.50	18.43
-2136.51	-86.01
-2133.52	174.08
-2130.53	434.17
-2127.54	624.63
-2124.55	303.10
-2121.57	757.75
-2118.58	722.93
-2115.60	792.56
-2112.62	933.87
-2109.64	534.52
-2106.66	919.54
-2103.68	550.90
-2100.70	653.30
-2097.73	362.49
-2094.75	692.21
-2091.78	737.27
-2088.81	632.82
-2085.83	620.53
-2082.86	954.35
-2079.90	401.40
-2076.93	825.33
-2073.96	731.12
-2071.00	227.32
-2068.03	843.76
-2065.07	387.07
-2062.11	624.63
-2059.15	618.49
-2056.19	692.21
-2053.23	702.45
-2050.27	993.26
-2047.32	888.82
-2044.36	860.15
-2041.41	573.43
-2038.46	499.70
-2035.51	194.56
-2032.56	937.97
-2029.61	632.82
-2026.66	700.41
-2023.72	684.02
-2020.77	749.56
-2017.83	667.64
-2014.88	503.80
-2011.94	587.77
-2009.00	567.29
-2006.06	722.93
-2003.13	782.32
-2000.19	634.87
-1997.25	509.94
-1994.32	681.97
-1991.39	751.60
-1988.45	638.97
-1985.52	849.91
-1982.59	671.73
-1979.67	778.23
-1976.74	444.41
-1973.81	731.12
-1970.89	679.93
-1967.96	661.49
-1965.04	458.74
-1962.12	688.12
-1959.20	665.59
-1956.28	587.77
-1953.36	661.49
-1950.45	727.03
-1947.53	370.68
-1944.62	528.38
-1941.70	536.57
-1938.79	509.94
-1935.88	636.92
-1932.97	575.48
-1930.06	446.46
-1927.15	477.18
-1924.25	581.62
-1921.34	452.60
-1918.44	403.45
-1915.54	706.55
-1912.63	505.85
-1909.73	667.64
-1906.83	692.21
-1903.94	618.49
-1901.04	475.13
-1898.14	602.10
-1895.25	350.20
-1892.36	528.38
-1889.46	344.06
-1886.57	557.05
-1883.68	329.72
-1880.79	735.22
-1877.91	643.06
-1875.02	626.68
-1872.13	729.08
-1869.25	468.98
-1866.37	657.40
-1863.48	468.98
-1860.60	645.11
-1857.72	376.83
-1854.84	555.00
-1851.97	499.70
-1849.09	546.81
-1846.22	581.62
-1843.34	626.68
-1840.47	401.40
-1837.60	516.09
-1834.73	546.81
-1831.86	643.06
-1828.99	630.77
-1826.12	786.42
-1823.26	552.95
-1820.39	442.36
-1817.53	1243.12
-1814.67	548.86
-1811.80	188.41
-1808.94	393.21
-1806.08	587.77
-1803.23	688.12
-1800.37	526.33
-1797.51	991.22
-1794.66	415.74
-1791.81	272.38
-1788.95	620.53
-1786.10	487.42
-1783.25	514.04
-1780.40	511.99
-1777.56	0.00
-1774.71	319.48
-1771.86	555.00
-1769.02	399.35
-1766.18	491.51
-1763.33	503.80
-1760.49	507.90
-1757.65	636.92
-1754.81	36.86
-1751.98	382.97
-1749.14	106.49
-1746.30	421.88
-1743.47	505.85
-1740.64	358.39
-1737.81	649.21
-1734.97	292.86
-1732.14	608.25
-1729.32	403.45
-1726.49	751.60
-1723.66	561.14
-1720.84	655.35
-1718.01	511.99
-1715.19	286.72
-1712.37	507.90
-1709.55	249.85
-1706.73	720.88
-1703.91	380.92
-1701.09	466.94
-1698.27	184.32
-1695.46	647.16
-1692.65	577.53
-1689.83	446.46
-1687.02	104.45
-1684.21	700.41
-1681.40	432.12
-1678.59	256.00
-1675.78	301.05
-1672.98	491.51
-1670.17	1105.90
-1667.37	548.86
-1664.56	428.03
-1661.76	710.65
-1658.96	380.92
-1656.16	325.63
-1653.36	471.03
-1650.57	239.61
-1647.77	393.21
-1644.97	120.83
-1642.18	524.28
-1639.39	466.94
-1636.60	450.55
-1633.80	364.54
-1631.01	339.96
-1628.23	436.22
-1625.44	612.34
-1622.65	931.83
-1619.87	827.38
-1617.08	509.94
-1614.30	401.40
-1611.52	270.33
-1608.74	745.46
-1605.96	735.22
-1603.18	520.18
-1600.40	593.91
-1597.62	745.46
-1594.85	563.19
-1592.07	616.44
-1589.30	452.60
-1586.53	387.07
-1583.76	20.48
-1580.99	458.75
-1578.22	401.40
-1575.45	665.59
-1572.68	419.83
-1569.92	522.23
-1567.15	878.58
-1564.39	598.01
-1561.63	669.69
-1558.86	595.96
-1556.10	391.16
-1553.34	575.48
-1550.59	600.05
-1547.83	405.50
-1545.07	569.34
-1542.32	524.28
-1539.56	655.35
-1536.81	489.46
-1534.06	423.93
-1531.31	550.90
-1528.56	587.77
-1525.81	673.78
-1523.06	266.24
-1520.32	3903.43
-1517.57	452.60
-1514.83	348.15
-1512.09	686.07
-1509.34	600.05
-1506.60	395.26
-1503.86	227.32
-1501.12	202.75
-1498.39	503.80
-1495.65	456.70
-1492.91	626.68
-1490.18	311.29
-1487.45	409.59
-1484.71	571.38
-1481.98	612.34
-1479.25	514.04
-1476.52	444.41
-1473.80	233.47
-1471.07	319.48
-1468.34	643.06
-1465.62	565.24
-1462.89	466.94
-1460.17	704.50
-1457.45	501.75
-1454.73	569.34
-1452.01	628.73
-1449.29	518.14
-1446.57	485.37
-1443.86	827.38
-1441.14	733.17
-1438.43	339.96
-1435.71	325.63
-1433.00	331.77
-1430.29	346.11
-1427.58	1841.12
-1424.87	305.15
-1422.16	442.36
-1419.46	624.63
-1416.75	153.60
-1414.05	217.08
-1411.34	423.93
-1408.64	200.70
-1405.94	389.11
-1403.24	516.09
-1400.54	511.99
-1397.84	-673.78
-1395.14	661.49
-1392.45	600.05
-1389.75	487.42
-1387.06	458.74
-1384.36	221.18
-1381.67	649.21
-1378.98	456.70
-1376.29	579.58
-1373.60	622.58
-1370.91	450.55
-1368.23	264.19
-1365.54	102.40
-1362.86	397.31
-1360.17	692.21
-1357.49	399.35
-1354.81	684.02
-1352.13	143.36
-1349.45	661.49
-1346.77	483.32
-1344.09	495.61
-1341.42	440.31
-1338.74	305.15
-1336.07	342.01
-1333.39	129.02
-1330.72	651.25
-1328.05	286.72
-1325.38	503.80
-1322.71	468.98
-1320.04	270.33
-1317.37	657.40
-1314.71	532.47
-1312.04	511.99
-1309.38	425.98
-1306.72	487.42
-1304.05	612.34
-1301.39	485.37
-1298.73	192.51
-1296.08	395.26
-1293.42	172.03
-1290.76	477.18
-1288.10	491.51
-1285.45	129.02
-1282.80	450.55
-1280.14	665.59
-1277.49	530.42
-1274.84	376.83
-1272.19	550.90
-1269.54	219.13
-1266.90	460.79
-1264.25	610.29
-1261.60	393.21
-1258.96	579.58
-1256.32	612.34
-1253.67	391.16
-1251.03	440.31
-1248.39	841.72
-1245.75	438.27
-1243.11	712.69
-1240.48	491.51
-1237.84	389.11
-1235.20	657.40
-1232.57	278.52
-1229.94	389.11
-1227.31	526.33
-1224.67	350.20
-1222.04	464.89
-1219.41	223.23
-1216.79	573.43
-1214.16	466.94
-1211.53	438.27
-1208.91	448.51
-1206.28	262.14
-1203.66	407.55
-1201.04	591.86
-1198.42	587.77
-1195.80	518.14
-1193.18	149.50
-1190.56	120.83
-1187.94	380.92
-1185.33	-141.31
-1182.71	305.15
-1180.10	-40.96
-1177.49	503.80
-1174.87	344.06
-1172.26	393.21
-1169.65	284.67
-1167.04	540.66
-1164.44	690.17
-1161.83	479.22
-1159.22	368.63
-1156.62	264.19
-1154.01	511.99
-1151.41	518.14
-1148.81	552.95
-1146.21	509.94
-1143.61	376.83
-1141.01	331.77
-1138.41	243.71
-1135.81	245.76
-1133.22	434.17
-1130.62	2152.42
-1128.03	483.32
-1125.44	577.53
-1122.84	585.72
-1120.25	542.71
-1117.66	262.14
-1115.07	509.94
-1112.49	243.71
-1109.90	581.62
-1107.31	270.33
-1104.73	456.70
-1102.14	514.04
-1099.56	223.23
-1096.98	356.35
-1094.40	401.40
-1091.82	239.61
-1089.24	681.97
-1086.66	356.35
-1084.08	358.39
-1081.51	493.56
-1078.93	438.27
-1076.36	471.03
-1073.79	245.76
-1071.21	448.51
-1068.64	176.13
-1066.07	186.37
-1063.50	612.34
-1060.93	718.84
-1058.37	401.40
-1055.80	481.27
-1053.24	217.08
-1050.67	329.72
-1048.11	532.47
-1045.55	710.65
-1042.99	149.50
-1040.42	272.38
-1037.87	405.50
-1035.31	292.86
-1032.75	415.74
-1030.19	569.34
-1027.64	460.79
-1025.08	389.11
-1022.53	329.72
-1019.98	299.00
-1017.43	49.15
-1014.88	301.05
-1012.33	219.13
-1009.78	212.99
-1007.23	499.70
-1004.68	122.88
-1002.14	567.29
-999.59	57.34
-997.05	747.51
-994.51	522.23
-991.96	303.10
-989.42	530.42
-986.88	325.63
-984.34	2.05
-981.81	286.72
-979.27	126.97
-976.73	194.56
-974.20	200.70
-971.66	497.66
-969.13	387.07
-966.60	403.45
-964.07	475.13
-961.54	16.38
-959.01	407.55
-956.48	352.25
-953.95	421.88
-951.43	481.27
-948.90	419.83
-946.38	382.97
-943.85	212.99
-941.33	215.04
-938.81	190.46
-936.29	385.02
-933.77	391.16
-931.25	442.36
-928.73	364.54
-926.22	681.97
-923.70	382.97
-921.19	266.24
-918.67	239.61
-916.16	423.93
-913.65	-86.01
-911.14	194.56
-908.63	294.91
-906.12	286.72
-903.61	622.58
-901.10	444.41
-898.59	419.83
-896.09	407.55
-893.59	518.14
-891.08	694.26
-888.58	614.39
-886.08	573.43
-883.58	241.66
-881.08	313.34
-878.58	598.01
-876.08	497.66
-873.58	514.04
-871.09	475.13
-868.59	767.99
-866.10	299.00
-863.61	96.25
-861.12	589.82
-858.62	301.05
-856.13	274.43
-853.64	348.15
-851.16	370.68
-848.67	407.55
-846.18	313.34
-843.70	348.15
-841.21	321.53
-838.73	200.70
-836.25	200.70
-833.77	208.89
-831.28	204.80
-828.81	579.58
-826.33	428.03
-823.85	497.66
-821.37	456.70
-818.90	520.18
-816.42	237.56
-813.95	610.29
-811.47	219.13
-809.00	-1206.25
-806.53	264.19
-804.06	110.59
-801.59	2893.78
-799.12	268.28
-796.65	864.24
-794.19	149.50
-791.72	200.70
-789.26	497.66
-786.79	223.23
-784.33	104.45
-781.87	372.73
-779.41	258.04
-776.95	401.40
-774.49	245.76
-772.03	169.98
-769.57	251.90
-767.12	292.86
-764.66	503.80
-762.21	403.45
-759.75	321.53
-757.30	114.69
-754.85	249.85
-752.40	45.06
-749.95	294.91
-747.50	24.58
-745.05	342.01
-742.60	141.31
-740.16	360.44
-737.71	219.13
-735.27	436.22
-732.82	471.03
-730.38	520.18
-727.94	83.97
-725.50	395.26
-723.06	393.21
-720.62	421.88
-718.18	249.85
-715.74	411.64
-713.31	290.81
-710.87	202.75
-708.44	352.25
-706.01	411.64
-703.57	256.00
-701.14	280.57
-698.71	251.90
-696.28	354.30
-693.85	161.79
-691.42	430.07
-689.00	192.51
-686.57	366.59
-684.15	329.72
-681.72	108.54
-679.30	-43.01
-676.88	313.34
-674.45	77.82
-672.03	296.96
-669.61	309.24
-667.20	-53.25
-664.78	348.15
-662.36	53.25
-659.94	307.20
-657.53	565.24
-655.12	305.15
-652.70	657.40
-650.29	471.03
-647.88	440.31
-645.47	481.27
-643.06	370.68
-640.65	249.85
-638.24	399.35
-635.83	268.28
-633.43	266.24
-631.02	468.98
-628.62	507.90
-626.22	346.11
-623.81	-1927.14
-621.41	446.46
-619.01	360.44
-616.61	444.41
-614.21	438.27
-611.81	423.93
-609.42	241.66
-607.02	1927.14
-604.63	333.82
-602.23	440.31
-599.84	546.81
-597.45	376.83
-595.05	204.80
-592.66	483.32
-590.27	309.24
-587.88	428.03
-585.50	456.70
-583.11	415.74
-580.72	202.75
-578.34	641.01
-575.95	215.04
-573.57	409.59
-571.19	260.09
-568.80	366.59
-566.42	479.22
-564.04	147.45
-561.66	270.33
-559.29	507.90
-556.91	315.39
-554.53	391.16
-552.16	423.93
-549.78	591.86
-547.41	344.06
-545.03	438.27
-542.66	460.79
-540.29	401.40
-537.92	702.45
-535.55	552.95
-533.18	530.42
-530.81	305.15
-528.45	-548.86
-526.08	288.76
-523.72	391.16
-521.35	425.98
-518.99	481.27
-516.63	344.06
-514.27	544.76
-511.90	202.75
-509.54	372.73
-507.19	247.80
-504.83	493.56
-502.47	466.94
-500.11	620.53
-497.76	595.96
-495.40	423.93
-493.05	450.55
-490.70	456.70
-488.35	290.81
-486.00	430.07
-483.65	608.25
-481.30	774.13
-478.95	395.26
-476.60	667.64
-474.25	391.16
-471.91	401.40
-469.56	495.61
-467.22	665.59
-464.88	669.69
-462.53	446.46
-460.19	628.73
-457.85	841.72
-455.51	319.48
-453.17	-5441.45
-450.84	188.41
-448.50	722.93
-446.16	483.32
-443.83	632.82
-441.49	587.77
-439.16	571.38
-436.83	876.53
-434.50	923.63
-432.16	638.97
-429.83	776.18
-427.50	636.92
-425.18	708.60
-422.85	774.13
-420.52	741.36
-418.20	579.58
-415.87	536.57
-413.55	800.76
-411.22	614.39
-408.90	481.27
-406.58	557.05
-404.26	253.95
-401.94	399.35
-399.62	688.12
-397.30	552.95
-394.99	524.28
-392.67	595.96
-390.35	618.49
-388.04	581.62
-385.73	444.41
-383.41	409.59
-381.10	643.06
-378.79	557.05
-376.48	505.85
-374.17	522.23
-371.86	792.56
-369.55	419.83
-367.25	450.55
-364.94	538.62
-362.64	440.31
-360.33	546.81
-358.03	591.86
-355.73	366.59
-353.42	565.24
-351.12	677.88
-348.82	514.04
-346.52	497.66
-344.23	421.88
-341.93	444.41
-339.63	634.87
-337.34	538.62
-335.04	329.72
-332.75	681.97
-330.45	407.55
-328.16	442.36
-325.87	366.59
-323.58	452.60
-321.29	671.73
-319.00	528.38
-316.71	106.49
-314.42	323.58
-312.14	317.44
-309.85	69.63
-307.57	399.35
-305.28	208.89
-303.00	124.93
-300.72	720.89
-298.44	327.67
-296.16	237.56
-293.88	53.25
-291.60	307.20
-289.32	413.69
-287.04	325.63
-284.77	448.51
-282.49	147.45
-280.22	69.63
-277.94	501.75
-275.67	282.62
-273.40	133.12
-271.13	436.22
-268.85	153.60
-266.59	382.97
-264.32	165.89
-262.05	124.93
-259.78	202.75
-257.51	137.21
-255.25	245.76
-252.98	430.07
-250.72	411.64
-248.46	112.64
-246.20	122.88
-243.93	235.52
-241.67	-165.89
-239.41	374.78
-237.16	262.14
-234.90	88.06
-232.64	194.56
-230.38	227.32
-228.13	235.52
-225.87	303.10
-223.62	73.73
-221.37	327.68
-219.11	204.80
-216.86	180.22
-214.61	122.88
-212.36	364.54
-210.11	458.74
-207.87	47.10
-205.62	124.93
-203.37	178.17
-201.13	397.31
-198.88	71.68
-196.64	495.61
-194.39	124.93
-192.15	-129.02
-189.91	372.73
-187.67	145.41
-185.43	57.34
-183.19	86.01
-180.95	153.60
-178.72	290.81
-176.48	370.68
-174.24	239.61
-172.01	208.89
-169.77	260.09
-167.54	231.42
-165.31	317.44
-163.08	155.65
-160.85	235.52
-158.62	200.70
-156.39	536.57
-154.16	270.33
-151.93	399.35
-149.70	485.37
-147.48	180.22
-145.25	321.53
-143.03	217.08
-140.81	94.21
-138.58	227.32
-136.36	319.48
-134.14	208.89
-131.92	301.05
-129.70	395.26
-127.48	305.15
-125.26	471.03
-123.05	360.44
-120.83	229.37
-118.62	546.81
-116.40	133.12
-114.19	305.15
-111.97	47.10
-109.76	147.45
-107.55	219.13
-105.34	231.42
-103.13	200.70
-100.92	227.32
-98.71	483.32
-96.51	428.03
-94.30	370.68
-92.09	184.32
-89.89	194.56
-87.69	536.57
-85.48	659.45
-83.28	378.87
-81.08	681.97
-78.88	301.05
-76.68	409.59
-74.48	178.17
-72.28	303.10
-70.08	552.95
-67.88	546.81
-65.69	444.41
-63.49	495.61
-61.30	503.80
-59.11	440.31
-56.91	-86.01
-54.72	428.03
-52.53	210.94
-50.34	585.72
-48.15	552.95
-45.96	471.03
-43.77	299.00
-41.59	473.08
-39.40	219.13
-37.21	475.13
-35.03	497.66
-32.84	481.27
-30.66	522.23
-28.48	567.29
-26.30	770.04
-24.12	1173.49
-21.94	1808.36
-19.76	3069.91
-17.58	5472.17
-15.40	9498.48
-13.22	17309.43
-11.05	24313.48
-8.87	32873.99
-6.70	40017.31
-4.52	45610.31
-2.35	40297.88
-0.18	50980.09
1.99	50650.36
4.16	43306.35
6.33	38104.51
8.50	32300.56
10.67	26449.52
12.84	21814.96
15.00	16959.23
17.17	14192.42
19.33	11611.98
21.50	9084.79
23.66	7151.51
25.83	5504.94
27.99	3624.90
30.15	2492.38
32.31	1646.57
34.47	1038.32
36.63	1071.09
38.79	927.73
40.94	745.46
43.10	278.52
45.25	417.79
47.41	436.22
49.56	581.62
51.72	47.10
53.87	389.11
56.02	380.92
58.17	362.49
60.32	10.24
62.47	397.31
64.62	194.56
66.77	200.70
68.92	92.16
71.06	268.28
73.21	395.26
75.35	481.27
77.50	520.18
79.64	608.25
81.78	-16.38
83.92	229.37
86.06	317.44
88.20	299.00
90.34	468.98
92.48	354.30
94.62	77.82
96.76	-204.80
98.89	231.42
101.03	401.40
103.16	364.54
105.30	352.25
107.43	514.04
109.56	182.27
111.69	505.85
113.82	288.76
115.95	366.59
118.08	118.78
120.21	382.97
122.34	487.42
124.47	284.67
126.59	301.05
128.72	114.69
130.84	598.01
132.97	270.33
135.09	249.85
137.21	407.55
139.33	249.85
141.45	354.30
143.57	417.79
145.69	385.02
147.81	313.34
149.93	886.77
152.05	106.49
154.16	428.03
156.28	292.86
158.39	188.41
160.51	460.79
162.62	425.98
164.73	468.98
166.85	483.32
168.96	51.20
171.07	315.39
173.18	436.22
175.28	169.98
177.39	67.58
179.50	335.87
181.61	223.23
183.71	561.14
185.82	339.96
187.92	40.96
190.02	356.35
192.13	206.84
194.23	303.10
196.33	337.91
198.43	337.91
200.53	397.31
202.63	464.89
204.72	372.73
206.82	321.53
208.92	16.38
211.01	178.17
213.11	122.88
215.20	301.05
217.30	86.01
219.39	581.62
221.48	462.84
223.57	51.20
225.66	313.34
227.75	133.12
229.84	552.95
231.93	442.36
234.02	198.65
236.10	448.51
238.19	245.76
240.28	198.65
242.36	528.38
244.44	350.20
246.53	473.08
248.61	598.01
250.69	284.67
252.77	647.16
254.85	788.47
256.93	1081.33
259.01	911.35
261.09	1142.77
263.16	1267.69
265.24	1501.16
267.32	1601.51
269.39	1834.98
271.46	1787.88
273.54	2011.11
275.61	1918.95
277.68	2144.22
279.75	2140.13
281.82	2181.09
283.89	2375.64
285.96	2283.49
288.03	2097.12
290.10	2420.70
292.16	2410.46
294.23	2277.34
296.29	2666.46
298.36	2531.29
300.42	2168.80
302.49	2387.93
304.55	2334.68
306.61	2281.44
308.67	1122.29
310.73	2152.42
312.79	2181.09
314.85	2222.05
316.90	2045.92
318.96	2332.64
321.02	2205.66
323.07	2365.40
325.13	2297.82
327.18	1923.04
329.24	2349.02
331.29	2148.32
333.34	2365.40
335.39	1998.82
337.44	2275.29
339.49	3909.57
341.54	2312.16
343.59	2142.18
345.64	2125.79
347.68	2217.95
349.73	2097.12
351.77	1955.81
353.82	1968.10
355.86	2021.35
357.90	2205.66
359.95	2166.75
361.99	2322.40
364.03	2492.38
366.07	1888.23
368.11	1902.56
370.15	2359.26
372.19	2220.00
374.22	2514.91
376.26	2453.47
378.29	2459.61
380.33	2203.61
382.36	2142.18
384.40	2037.73
386.43	-571.38
388.46	2263.01
390.49	2545.63
392.52	2043.87
394.55	2224.09
396.58	2263.01
398.61	2672.60
400.64	2387.93
402.67	2582.49
404.69	2711.51
406.72	2785.24
408.74	2764.76
410.77	3166.16
412.79	2648.02
414.81	2885.59
416.84	2875.35
418.86	2934.74
420.88	2969.55
422.90	3381.20
424.92	3403.72
426.94	3616.71
428.95	3872.71
430.97	3610.57
432.99	3831.75
435.00	3958.72
437.02	4394.94
439.03	3878.85
441.04	3721.16
443.06	4173.76
445.07	3450.83
447.08	3424.20
449.09	3293.13
451.10	3346.38
453.11	3295.18
455.12	3198.93
457.13	3078.10
459.13	3008.47
461.14	2742.23
463.14	2832.34
465.15	2629.59
467.15	2713.56
469.16	2512.86
471.16	2467.80
473.16	2731.99
475.16	2756.57
477.16	2545.63
479.16	2527.19
481.16	2643.93
483.16	2506.71
485.16	2578.39
487.15	2478.04
489.15	2529.24
491.15	2396.12
493.14	2443.23
495.14	2463.71
497.13	2322.40
499.12	2422.75
501.11	2279.39
503.11	2375.64
505.10	2475.99
507.09	2373.60
509.07	2201.57
511.06	2398.17
513.05	1925.09
515.04	2027.49
517.02	2101.22
519.01	2086.88
521.00	1953.76
522.98	2252.77
524.96	2473.95
526.95	2451.42
528.93	2240.48
530.91	2426.84
532.89	2197.47
534.87	2203.61
536.85	1064.94
538.83	1925.09
540.81	2234.33
542.78	2338.78
544.76	1849.32
546.74	2357.21
548.71	2275.29
550.69	2043.87
552.66	2156.51
554.63	2422.75
556.60	2361.31
558.58	2271.20
560.55	2082.78
562.52	2267.10
564.49	2312.16
566.46	2555.86
568.42	2377.69
570.39	2498.52
572.36	2283.49
574.32	2344.92
576.29	2455.51
578.25	2158.56
580.22	2148.32
582.18	1935.33
584.14	2234.33
586.11	2488.28
588.07	2179.04
590.03	2353.12
591.99	1966.05
593.95	2357.21
595.90	2303.96
597.86	2181.09
599.82	2064.35
601.78	2355.16
603.73	2174.94
605.69	2197.47
607.64	2414.56
609.59	2207.71
611.55	2080.74
613.50	2021.35
615.45	2072.54
617.40	1984.48
619.35	2189.28
621.30	2095.07
623.25	2263.01
625.20	2357.21
627.15	2658.26
629.09	2473.95
631.04	1914.85
632.98	2125.79
634.93	2076.64
636.87	2000.87
638.82	1994.72
640.76	2015.20
642.70	2029.54
644.64	2129.89
646.58	2019.30
648.52	2293.73
650.46	2090.98
652.40	2072.54
654.34	2086.88
656.27	2037.73
658.21	2088.93
660.15	2269.15
662.08	2373.60
664.02	2109.41
665.95	2050.02
667.88	2152.42
669.82	2297.82
671.75	2054.11
673.68	2095.07
675.61	2017.25
677.54	2103.26
679.47	2158.56
681.40	2127.84
683.32	2254.81
685.25	1712.10
687.18	2238.43
689.10	1949.67
691.03	2389.98
692.95	2070.50
694.87	2037.73
696.80	2109.41
698.72	1867.75
700.64	2027.49
702.56	2154.46
704.48	2062.30
706.40	2099.17
708.32	2199.52
710.24	2144.22
712.16	2101.22
714.07	2342.88
715.99	2217.95
717.90	2052.06
719.82	2105.31
721.73	1941.47
723.65	1980.39
725.56	2338.78
727.47	2078.69
729.38	2189.28
731.29	1964.00
733.20	2150.37
735.11	2162.66
737.02	2125.79
738.93	2070.50
740.84	2328.54
742.74	2148.32
744.65	2154.46
746.55	1972.19
748.46	2017.25
750.36	2301.92
752.27	2142.18
754.17	2168.80
756.07	2334.68
757.97	2093.02
759.87	2215.90
761.77	2420.70
763.67	2129.89
765.57	2027.49
767.47	2562.01
769.37	2150.37
771.26	2334.68
773.16	2072.54
775.06	2224.09
776.95	2025.44
778.84	2502.62
780.74	1814.50
782.63	2189.28
784.52	2029.54
786.41	2275.29
788.30	2430.94
790.19	2363.36
792.08	2246.62
793.97	2367.45
795.86	2222.05
797.75	2516.95
799.63	2236.38
801.52	2412.51
803.41	2047.97
805.29	2641.88
807.18	2226.14
809.06	2340.83
810.94	2703.32
812.82	2172.89
814.70	2639.83
816.59	2521.05
818.47	2453.47
820.35	2428.89
822.22	2500.57
824.10	2512.86
825.98	2275.29
827.86	2349.02
829.73	2547.67
831.61	2379.74
833.48	2678.74
835.36	2752.47
837.23	2471.90
839.10	2613.21
840.98	2172.89
842.85	2740.18
844.72	2691.03
846.59	2797.53
848.46	2904.02
850.33	3276.75
852.20	2775.00
854.06	3268.56
855.93	3585.99
857.80	3827.65
859.66	4085.70
861.53	4829.11
863.39	5177.26
865.26	6727.58
867.12	7233.43
868.98	9619.31
870.84	11648.85
872.71	12963.64
874.57	13985.58
876.43	15929.10
878.29	16637.70
880.14	17358.58
882.00	17043.20
883.86	15974.16
885.72	15359.77
887.57	12810.04
889.43	12431.17
891.28	11245.40
893.14	9566.06
894.99	8720.25
896.84	7344.02
898.69	6272.93
900.55	5515.18
902.40	4618.17
904.25	4300.73
906.10	3852.23
907.95	3966.92
909.79	3465.16
911.64	3071.95
913.49	3008.47
915.34	2969.55
917.18	2600.92
919.03	2320.35
920.87	2541.53
922.71	2701.27
924.56	2260.96
926.40	2394.08
928.24	2459.61
930.08	2324.44
931.92	2129.89
933.76	2443.23
935.60	2404.32
937.44	2242.53
939.28	2068.45
941.12	2785.24
942.95	2097.12
944.79	1984.48
946.62	2291.68
948.46	1990.63
950.29	2209.76
952.13	1867.75
953.96	2054.11
955.79	2078.69
957.62	2236.38
959.46	1996.77
961.29	2056.16
963.12	1906.66
964.94	1949.67
966.77	2158.56
968.60	1998.82
970.43	1882.08
972.25	2408.41
974.08	2213.85
975.91	2074.59
977.73	1867.75
979.55	2078.69
981.38	2099.17
983.20	2148.32
985.02	2076.64
986.84	1941.47
988.66	1988.58
990.49	2070.50
992.30	2099.17
994.12	2398.17
995.94	2082.78
997.76	2531.29
999.58	2232.29
1001.39	2346.97
1003.21	2230.24
1005.02	2176.99
1006.84	2234.33
1008.65	2457.56
1010.47	2445.27
1012.28	2422.75
1014.09	2136.03
1015.90	2846.68
1017.71	2566.10
1019.52	2797.53
1021.33	1785.83
1023.14	2965.46
1024.95	2869.20
1026.76	2813.91
1028.56	3653.58
1030.37	3631.05
1032.18	3602.38
1033.98	3944.39
1035.79	4196.29
1037.59	4556.73
1039.39	5095.35
1041.20	5078.96
1043.00	5375.92
1044.80	5552.04
1046.60	6070.18
1048.40	5973.92
1050.20	5808.04
1052.00	5961.64
1053.80	5226.42
1055.59	5353.39
1057.39	5451.69
1059.19	5300.14
1060.98	4911.03
1062.78	4818.87
1064.57	5033.91
1066.37	4935.60
1068.16	5105.59
1069.95	5056.43
1071.75	5490.60
1073.54	5529.52
1075.33	5980.07
1077.12	6223.78
1078.91	6223.78
1080.70	6301.60
1082.48	7065.49
1084.27	7133.08
1086.06	7567.24
1087.85	7442.32
1089.63	7176.08
1091.42	7432.08
1093.20	6825.88
1094.99	6422.43
1096.77	6283.17
1098.55	6102.95
1100.33	5527.47
1102.12	5062.58
1103.90	5187.50
1105.68	4571.07
1107.46	4396.99
1109.24	4276.16
1111.01	3981.25
1112.79	3983.30
1114.57	3772.36
1116.35	3422.16
1118.12	3624.90
1119.90	3442.64
1121.67	2897.88
1123.45	2973.65
1125.22	2990.03
1126.99	3043.28
1128.77	3233.74
1130.54	3151.82
1132.31	3035.09
1134.08	3174.35
1135.85	3053.52
1137.62	2815.96
1139.39	2858.96
1141.15	2557.91
1142.92	2265.05
1144.69	2383.84
1146.46	2484.19
1148.22	2500.57
1149.99	2492.38
1151.75	2344.92
1153.51	2430.94
1155.28	1939.43
1157.04	2287.58
1158.80	2455.51
1160.56	2297.82
1162.32	2514.91
1164.08	1992.67
1165.84	2002.91
1167.60	2174.94
1169.36	2248.67
1171.12	2043.87
1172.88	1861.60
1174.63	1959.91
1176.39	1884.13
1178.14	2082.78
1179.90	2115.55
1181.65	2144.22
1183.41	2197.47
1185.16	2199.52
1186.91	2009.06
1188.66	1968.10
1190.41	2090.98
1192.16	1957.86
1193.91	2011.11
1195.66	1863.65
1197.41	2015.20
1199.16	1953.76
1200.91	2045.92
1202.66	1775.59
1204.40	2248.67
1206.15	2097.12
1207.89	1845.22
1209.64	1998.82
1211.38	1961.95
1213.12	1953.76
1214.87	1507.31
1216.61	1998.82
1218.35	1947.62
1220.09	2150.37
1221.83	1939.43
1223.57	1998.82
1225.31	1802.21
1227.05	2447.32
1228.79	1994.72
1230.52	2064.35
1232.26	2256.86
1234.00	2197.47
1235.73	2170.85
1237.47	2152.42
1239.20	2121.70
1240.94	1982.43
1242.67	2088.93
1244.40	1994.72
1246.13	2361.31
1247.86	2240.48
1249.60	2236.38
1251.33	2244.57
1253.06	2609.11
1254.78	2678.74
1256.51	2885.59
1258.24	2889.68
1259.97	2562.01
1261.69	2822.10
1263.42	2756.57
1265.15	3028.95
1266.87	3209.17
1268.59	3227.60
1270.32	3545.03
1272.04	3655.62
1273.76	3542.99
1275.49	3661.77
1277.21	3600.33
1278.93	3702.73
1280.65	3809.22
1282.37	3399.63
1284.09	3583.95
1285.81	3512.27
1287.52	3573.71
1289.24	3270.61
1290.96	3280.85
1292.67	2934.74
1294.39	3065.81
1296.10	2766.81
1297.82	2756.57
1299.53	2512.86
1301.24	2572.25
1302.96	2557.91
1304.67	2373.60
1306.38	2451.42
1308.09	2291.68
1309.80	2111.46
1311.51	2299.87
1313.22	2174.94
1314.93	1949.67
1316.64	2193.37
1318.34	2101.22
1320.05	2107.36
1321.75	2097.12
1323.46	2258.91
1325.17	2224.09
1326.87	2344.92
1328.57	2213.85
1330.28	2078.69
1331.98	2041.82
1333.68	2236.38
1335.38	2283.49
1337.08	2236.38
1338.78	1955.81
1340.48	2346.97
1342.18	2510.81
1343.88	2385.88
1345.58	2088.93
1347.28	2424.80
1348.97	2140.13
1350.67	2340.83
1352.36	2064.35
1354.06	2551.77
1355.75	2432.99
1357.45	2209.76
1359.14	2344.92
1360.83	2293.73
1362.53	2484.19
1364.22	2314.20
1365.91	2258.91
1367.60	2584.54
1369.29	2469.85
1370.98	2502.62
1372.67	2420.70
1374.35	2516.95
1376.04	2308.06
1377.73	3067.86
1379.41	2703.32
1381.10	2349.02
1382.79	3110.86
1384.47	2619.35
1386.15	2781.14
1387.84	2850.77
1389.52	2701.27
1391.20	2711.51
1392.88	2426.84
1394.57	3035.09
1396.25	2938.84
1397.93	3026.90
1399.61	3086.29
1401.28	3008.47
1402.96	3094.48
1404.64	3145.68
1406.32	2858.96
1407.99	3096.53
1409.67	3149.78
1411.35	3231.69
1413.02	3188.69
1414.70	3377.10
1416.37	3409.87
1418.04	3360.72
1419.71	3293.13
1421.39	3612.62
1423.06	3680.20
1424.73	3567.56
1426.40	3604.42
1428.07	4028.35
1429.74	3622.86
1431.41	4014.02
1433.08	3907.52
1434.74	4167.62
1436.41	4382.65
1438.08	4564.92
1439.74	4732.86
1441.41	5058.48
1443.07	5574.57
1444.74	6002.60
1446.40	6334.37
1448.06	6756.25
1449.72	7124.88
1451.39	7483.28
1453.05	7944.07
1454.71	7763.85
1456.37	7860.10
1458.03	7212.95
1459.69	7561.10
1461.35	7008.15
1463.00	6776.73
1464.66	6272.93
1466.32	5650.35
1467.97	5396.40
1469.63	5214.13
1471.28	5220.27
1472.94	4280.25
1474.59	4917.17
1476.25	4403.13
1477.90	4622.27
1479.55	4571.07
1481.20	3966.92
1482.85	4341.69
1484.50	1304.56
1486.15	4192.19
1487.80	3809.22
1489.45	3715.02
1491.10	3755.97
1492.75	3639.24
1494.40	3452.88
1496.04	3307.47
1497.69	3573.71
1499.33	3074.00
1500.98	2973.65
1502.62	2615.26
1504.27	3000.27
1505.91	2664.41
1507.55	3071.95
1509.19	2600.92
1510.84	2486.23
1512.48	2465.75
1514.12	2508.76
1515.76	2224.09
1517.40	2447.32
1519.04	2457.56
1520.67	2539.48
1522.31	2461.66
1523.95	1865.70
1525.59	2119.65
1527.22	2181.09
1528.86	2252.77
1530.49	2252.77
1532.13	2082.78
1533.76	2052.06
1535.39	2170.85
1537.03	-3977.16
1538.66	2220.00
1540.29	1896.42
1541.92	2074.59
1543.55	2217.95
1545.18	2260.96
1546.81	1916.90
1548.44	2238.43
1550.07	2308.06
1551.70	2252.77
1553.32	2365.40
1554.95	2099.17
1556.58	1890.28
1558.20	2295.77
1559.83	1976.29
1561.45	1751.01
1563.07	1957.86
1564.70	1957.86
1566.32	1621.99
1567.94	1898.47
1569.56	1597.42
1571.19	2093.02
1572.81	2054.11
1574.43	1865.70
1576.05	1867.75
1577.66	2058.21
1579.28	1730.53
1580.90	1562.60
1582.52	962.55
1584.14	1882.08
1585.75	2162.65
1587.37	1896.42
1588.98	2025.44
1590.60	2107.36
1592.21	1914.85
1593.82	1845.22
1595.44	1920.99
1597.05	1953.76
1598.66	1875.94
1600.27	1611.75
1601.88	1820.64
1603.49	17702.64
1605.10	1890.28
1606.71	2240.48
1608.32	1869.80
1609.93	2072.54
1611.54	2007.01
1613.14	1992.67
1614.75	2004.96
1616.36	1925.09
1617.96	2013.15
1619.57	2021.35
1621.17	1857.51
1622.77	1695.72
1624.38	1984.48
1625.98	1972.19
1627.58	1871.84
1629.18	2101.22
1630.78	2013.15
1632.38	1701.86
1633.98	1806.31
1635.58	2201.57
1637.18	2045.92
1638.78	2189.28
1640.38	1890.28
1641.98	1738.73
1643.57	2035.68
1645.17	2021.35
1646.76	2119.65
1648.36	1857.51
1649.95	2050.02
1651.55	1714.15
1653.14	1980.39
1654.73	1832.93
1656.33	2273.25
1657.92	1908.71
1659.51	1826.79
1661.10	1875.94
1662.69	1785.83
1664.28	2213.85
1665.87	1949.67
1667.46	1736.68
1669.05	1810.40
1670.63	1841.12
1672.22	1499.11
1673.81	1540.07
1675.39	1929.19
1676.98	1873.89
1678.56	1382.38
1680.15	1951.71
1681.73	1814.50
1683.31	1937.38
1684.90	1810.40
1686.48	1578.98
1688.06	1785.83
1689.64	1798.12
1691.22	1497.07
1692.80	1802.21
1694.38	1583.08
1695.96	1800.16
1697.54	2148.32
1699.12	1667.05
1700.69	1816.55
1702.27	1626.09
1703.85	1382.38
1705.42	1439.72
1707.00	1589.22
1708.57	1624.04
1710.15	1834.98
1711.72	1505.26
1713.29	1605.61
1714.87	1490.92
1716.44	1654.76
1718.01	1517.54
1719.58	1472.49
1721.15	1583.08
1722.72	1951.71
1724.29	1531.88
1725.86	1644.52
1727.43	1486.83
1729.00	1527.78
1730.56	1583.08
1732.13	1540.07
1733.70	1462.25
1735.26	1556.46
1736.83	1525.74
1738.39	1646.57
1739.96	1728.49
1741.52	1591.27
1743.08	1470.44
1744.65	1318.89
1746.21	1492.97
1747.77	1452.01
1749.33	1294.32
1750.89	1198.06
1752.45	1441.77
1754.01	1435.63
1755.57	1374.19
1757.13	1320.94
1758.69	1468.39
1760.24	1193.97
1761.80	1210.35
1763.36	1308.65
1764.91	1355.76
1766.47	1445.87
1768.02	1517.54
1769.58	1325.04
1771.13	1671.14
1772.68	1409.00
1774.24	1468.39
1775.79	1165.29
1777.34	1339.37
1778.89	1501.16
1780.44	1406.95
1781.99	1286.12
1783.54	1253.36
1785.09	1273.84
1786.64	1345.52
1788.19	1202.16
1789.73	1034.22
1791.28	1445.87
1792.83	1159.15
1794.37	1294.32
1795.92	1587.18
1797.46	1294.32
1799.01	1214.45
1800.55	1581.03
1802.09	1482.73
1803.64	1232.88
1805.18	1378.28
1806.72	1218.54
1808.26	1198.06
1809.80	1310.70
1811.34	1415.15
1812.88	1136.62
1814.42	1183.73
1815.96	1359.85
1817.50	1441.77
1819.04	1343.47
1820.57	1034.22
1822.11	1363.95
1823.65	1488.87
1825.18	1335.28
1826.72	1310.70
1828.25	1308.65
1829.78	1556.46
1831.32	1245.17
1832.85	1327.08
1834.38	1429.48
1835.92	1345.52
1837.45	1333.23
1838.98	1193.97
1840.51	1431.53
1842.04	1589.22
1843.57	1247.21
1845.10	1333.23
1846.62	1286.12
1848.15	952.31
1849.68	1099.76
1851.21	1601.51
1852.73	1308.65
1854.26	1191.92
1855.78	1388.52
1857.31	1247.21
1858.83	933.87
1860.36	1474.54
1861.88	825.33
1863.40	1347.56
1864.92	1290.22
1866.45	1460.20
1867.97	968.69
1869.49	1257.45
1871.01	1202.16
1872.53	1320.94
1874.05	1335.28
1875.57	1198.06
1877.08	1120.24
1878.60	1089.52
1880.12	1243.12
1881.64	1136.62
1883.15	1048.56
1884.67	1134.57
1886.18	1396.71
1887.70	1183.73
1889.21	1167.34
1890.72	1310.70
1892.24	1372.14
1893.75	854.00
1895.26	1298.41
1896.77	1245.16
1898.28	1277.93
1899.79	1349.61
1901.30	1202.16
1902.81	1245.16
1904.32	1153.01
1905.83	1128.43
1907.34	1423.34
1908.85	1361.90
1910.35	1322.99
1911.86	1376.23
1913.37	1142.77
1914.87	1341.42
1916.38	1134.57
1917.88	1437.67
1919.39	1476.59
1920.89	1445.87
1922.39	1400.81
1923.89	1150.96
1925.40	1150.96
1926.90	1230.83
1928.40	1257.45
1929.90	1062.90
1931.40	1421.29
1932.90	1163.25
1934.40	1284.08
1935.90	1097.71
1937.39	1112.05
1938.89	1415.15
1940.39	1329.13
1941.89	1468.39
1943.38	1175.53
1944.88	1128.43
1946.37	1181.68
1947.87	1486.83
1949.36	1275.88
1950.85	1210.35
1952.35	1161.20
1953.84	929.78
1955.33	1110.00
1956.82	1046.51
1958.31	1075.18
1959.80	1220.59
1961.29	1282.03
1962.78	1228.78
1964.27	1290.22
1965.76	1140.72
1967.25	1021.94
1968.74	1341.42
1970.22	1284.08
1971.71	1046.51
1973.20	1212.40
1974.68	980.98
1976.17	964.59
1977.65	1310.70
1979.14	1148.91
1980.62	1331.18
1982.10	1189.87
1983.58	1208.30
1985.07	1177.58
1986.55	991.22
1988.03	2387.93
1989.51	1155.05
1990.99	1220.59
1992.47	915.44
1993.95	1355.76
1995.43	1017.84
1996.91	1177.58
1998.38	1415.15
1999.86	1150.96
2001.34	1210.35
2002.81	991.22
2004.29	1241.07
2005.76	1304.56
2007.24	1300.46
2008.71	1112.05
2010.19	1320.94
2011.66	1361.90
2013.13	1073.14
2014.60	1148.91
2016.08	970.74
2017.55	1261.55
2019.02	1122.29
2020.49	1026.03
2021.96	1093.62
2023.43	1247.21
2024.90	1181.68
2026.36	1085.42
2027.83	1003.50
2029.30	1191.92
2030.77	1320.94
2032.23	1185.77
2033.70	1282.03
2035.16	991.22
2036.63	1327.08
2038.09	1230.83
2039.56	1239.02
2041.02	903.15
2042.48	1130.48
2043.95	1146.86
2045.41	1200.11
2046.87	1077.23
2048.33	1042.42
2049.79	1263.60
2051.25	1116.14
2052.71	1277.93
2054.17	1255.40
2055.63	833.52
2057.09	1402.86
2058.54	1052.66
2060.00	980.98
2061.46	1294.32
2062.91	1042.42
2064.37	1226.73
2065.82	1005.55
2067.28	751.60
2068.73	1083.38
2070.19	944.11
2071.64	1183.73
2073.09	1202.16
2074.54	1110.00
2076.00	1114.09
2077.45	1173.49
2078.90	1263.60
2080.35	1226.73
2081.80	1107.95
2083.25	1097.71
2084.70	1492.97
2086.14	974.83
2087.59	1206.25
2089.04	1124.33
2090.49	1222.64
2091.93	1093.62
2093.38	1411.05
2094.83	1064.94
2096.27	1259.50
2097.71	1261.55
2099.16	919.54
2100.60	974.83
2102.05	1273.84
2103.49	1445.87
2104.93	1013.74
2106.37	915.44
2107.81	1218.54
2109.25	1052.66
2110.69	1175.53
2112.13	1112.05
2113.57	962.55
2115.01	1077.23
2116.45	1007.60
2117.89	1177.58
2119.33	1064.94
2120.76	946.16
2122.20	735.22
2123.63	1095.66
2125.07	1060.85
2126.51	1075.18
2127.94	1093.62
2129.37	1273.84
2130.81	1052.66
2132.24	1181.68
2133.67	782.32
2135.11	1257.45
2136.54	1040.37
2137.97	1185.77
2139.40	1308.65
2140.83	894.96
2142.26	1103.86
2143.69	974.83
2145.12	1060.85
2146.55	1058.80
2147.97	860.15
2149.40	868.34
2150.83	991.22
2152.25	1099.76
2153.68	1159.15
2155.11	1341.42
2156.53	1394.67
2157.96	954.35
2159.38	1404.91
2160.80	987.12
2162.23	1085.42
2163.65	843.76
2165.07	1193.97
2166.49	1210.35
2167.91	1030.13
2169.33	847.86
2170.75	985.07
2172.17	1165.29
2173.59	1155.05
2175.01	944.11
2176.43	972.79
2177.85	1277.93
2179.27	724.98
2180.68	1124.33
2182.10	1177.58
2183.52	1005.55
2184.93	921.59
2186.35	16.38
2187.76	1146.86
2189.18	1058.80
2190.59	1026.03
2192.00	1089.52
2193.42	790.52
2194.83	833.52
2196.24	937.97
2197.65	747.51
2199.06	2398.17
2200.47	1060.85
2201.88	987.12
2203.29	862.19
2204.70	704.50
2206.11	884.72
2207.52	1040.37
2208.93	929.78
2210.33	1249.26
2211.74	1005.55
2213.15	1314.80
2214.55	1081.33
2215.96	1034.22
2217.36	1046.51
2218.77	772.08
2220.17	866.29
2221.57	1073.14
2222.98	1150.96
2224.38	845.81
2225.78	933.87
2227.18	1269.74
2228.58	1136.62
2229.99	983.03
2231.39	950.26
2232.79	913.39
2234.18	1075.18
2235.58	946.16
2236.98	987.12
2238.38	999.41
2239.78	1077.23
2241.17	1054.70
2242.57	1124.33
2243.97	708.60
2245.36	1251.31
2246.76	1110.00
2248.15	780.28
2249.55	845.81
2250.94	1081.33
2252.33	1148.91
2253.73	1345.52
2255.12	1013.74
2256.51	1148.91
2257.90	958.45
2259.29	884.72
2260.68	788.47
2262.07	1138.67
2263.46	923.63
2264.85	1009.65
2266.24	909.30
2267.63	821.24
2269.02	978.93
2270.40	1034.22
2271.79	1091.57
2273.18	1169.39
2274.56	911.35
2275.95	1142.77
2277.33	860.15
2278.72	929.78
2280.10	921.59
2281.49	1087.47
2282.87	1085.42
2284.25	915.44
2285.63	919.54
2287.02	747.51
2288.40	1105.90
2289.78	679.93
2291.16	878.58
2292.54	1165.29
2293.92	720.88
2295.30	1130.48
2296.68	854.00
2298.05	935.92
2299.43	944.11
2300.81	964.59
2302.19	878.58
2303.56	886.77
2304.94	915.44
2306.31	903.15
2307.69	821.24
2309.06	995.31
2310.44	944.11
2311.81	892.91
2313.19	1126.38
2314.56	1107.95
2315.93	872.43
2317.30	968.69
2318.67	968.69
2320.04	903.15
2321.41	1036.27
2322.78	976.88
2324.15	737.27
2325.52	890.87
2326.89	1028.08
2328.26	591.86
2329.63	942.07
2331.00	749.56
2332.36	618.49
2333.73	929.78
2335.09	1142.77
2336.46	854.00
2337.83	700.41
2339.19	794.61
2340.55	888.82
2341.92	1095.66
2343.28	837.62
2344.64	808.95
2346.01	647.16
2347.37	919.54
2348.73	714.74
2350.09	821.24
2351.45	524.28
2352.81	681.97
2354.17	-219.13
2355.53	888.82
2356.89	632.82
2358.25	829.43
2359.61	628.73
2360.96	894.96
2362.32	958.45
2363.68	1087.47
2365.03	1062.90
2366.39	1034.22
2367.74	806.90
2369.10	806.90
2370.45	708.60
2371.81	856.05
2373.16	1101.81
2374.51	716.79
2375.86	796.66
2377.22	874.48
2378.57	497.66
2379.92	763.89
2381.27	837.62
2382.62	761.84
2383.97	677.88
2385.32	1134.57
2386.67	974.83
2388.02	839.67
2389.37	903.15
2390.71	849.91
2392.06	692.21
2393.41	1023.98
2394.75	940.02
2396.10	1032.18
2397.44	784.37
2398.79	997.36
2400.13	841.72
2401.48	933.87
2402.82	747.51
2404.17	925.68
2405.51	1015.79
2406.85	989.17
2408.19	843.76
2409.53	872.43
2410.87	907.25
2412.22	706.55
2413.56	837.62
2414.89	911.35
2416.23	1220.59
2417.57	692.21
2418.91	1091.57
2420.25	968.69
2421.59	747.51
2422.92	770.04
2424.26	968.69
2425.60	1146.86
2426.93	931.83
2428.27	765.94
2429.60	960.50
2430.94	798.71
2432.27	1032.18
2433.60	878.58
2434.94	909.30
2436.27	1120.24
2437.60	823.28
2438.93	634.87
2440.27	767.99
2441.60	950.26
2442.93	767.99
2444.26	1081.33
2445.59	796.66
2446.92	802.80
2448.24	751.60
2449.57	831.48
2450.90	751.60
2452.23	767.99
2453.55	813.04
2454.88	704.50
2456.21	782.32
2457.53	985.07
2458.86	925.68
2460.18	618.49
2461.51	1028.08
2462.83	720.88
2464.15	806.90
2465.48	806.90
2466.80	788.47
2468.12	714.74
2469.44	870.39
2470.76	739.32
2472.09	874.48
2473.41	628.73
2474.73	729.08
2476.05	790.52
2477.36	993.26
2478.68	708.60
2480.00	878.58
2481.32	919.54
2482.64	739.32
2483.95	874.48
2485.27	1036.27
2486.59	784.37
2487.90	917.49
2489.22	985.07
2490.53	942.07
2491.85	688.12
2493.16	856.05
2494.47	888.82
2495.79	821.24
2497.10	811.00
2498.41	780.28
2499.72	751.60
2501.03	931.83
2502.35	1163.25
2503.66	849.91
2504.97	841.72
2506.28	552.95
2507.59	991.22
2508.89	387.07
2510.20	907.25
2511.51	806.90
2512.82	690.17
2514.12	225.28
2515.43	897.01
2516.74	1034.22
2518.04	362.49
2519.35	729.08
2520.65	950.26
2521.96	1077.23
2523.26	720.89
2524.57	735.22
2525.87	962.55
2527.17	1042.42
2528.47	737.27
2529.78	804.85
2531.08	851.95
2532.38	1269.74
2533.68	800.76
2534.98	978.93
2536.28	724.98
2537.58	845.81
2538.88	997.36
2540.18	866.29
2541.47	1257.45
2542.77	1083.38
2544.07	731.12
2545.37	858.10
2546.66	835.57
2547.96	823.28
2549.25	-1470.44
2550.55	1075.18
2551.84	860.15
2553.14	747.51
2554.43	931.83
2555.72	872.43
2557.02	1118.19
2558.31	972.79
2559.60	761.84
2560.89	1144.81
2562.18	1011.70
2563.48	886.77
2564.77	1028.08
2566.06	978.93
2567.35	884.72
2568.63	1042.42
2569.92	929.78
2571.21	899.06
2572.50	821.24
2573.79	1214.45
2575.07	968.69
2576.36	874.48
2577.65	962.55
2578.93	751.60
2580.22	1208.30
2581.50	1394.67
2582.79	2498.52
2584.07	919.54
2585.36	946.16
2586.64	751.60
2587.92	1183.73
2589.20	956.40
2590.49	1073.14
2591.77	1017.84
2593.05	929.78
2594.33	737.27
2595.61	954.35
2596.89	798.71
2598.17	983.02
2599.45	1101.81
2600.73	1023.98
2602.00	905.20
2603.28	956.40
2604.56	1087.47
2605.84	874.48
2607.11	1023.98
2608.39	919.54
2609.67	1058.80
2610.94	1177.58
2612.22	798.71
2613.49	536.57
2614.76	919.54
2616.04	1034.22
2617.31	755.70
2618.58	899.06
2619.86	897.01
2621.13	1079.28
2622.40	819.19
2623.67	788.47
2624.94	835.57
2626.21	794.61
2627.48	839.67
2628.75	870.39
2630.02	974.83
2631.29	1054.70
2632.56	1052.66
2633.82	706.55
2635.09	647.16
2636.36	966.64
2637.63	901.11
2638.89	960.50
2640.16	942.07
2641.42	864.24
2642.69	1220.59
2643.95	872.43
2645.22	851.95
2646.48	749.56
2647.74	974.83
2649.01	980.98
2650.27	1054.70
2651.53	815.09
2652.79	974.83
2654.05	1148.91
2655.31	1112.05
2656.57	647.16
2657.83	956.40
2659.09	968.69
2660.35	796.66
2661.61	1136.62
2662.87	1044.46
2664.13	1089.52
2665.38	985.07
2666.64	1081.33
2667.90	927.73
2669.15	1390.57
2670.41	987.12
2671.67	993.26
2672.92	1069.04
2674.17	1062.90
2675.43	1372.14
2676.68	1284.08
2677.94	1275.88
2679.19	872.43
2680.44	978.93
2681.69	1210.35
2682.95	1255.40
2684.20	1292.27
2685.45	1449.96
2686.70	1503.21
2687.95	1243.12
2689.20	1320.94
2690.45	1443.82
2691.70	1441.77
2692.94	1361.90
2694.19	1456.11
2695.44	1888.23
2696.69	1335.28
2697.93	1363.95
2699.18	1507.31
2700.43	1726.44
2701.67	1853.41
2702.92	1677.29
2704.16	2007.01
2705.41	2050.02
2706.65	1898.47
2707.89	2299.87
2709.14	2242.53
2710.38	2066.40
2711.62	2414.56
2712.86	2375.64
2714.11	2541.53
2715.35	2766.81
2716.59	2455.51
2717.83	2367.45
2719.07	2715.61
2720.31	2750.42
2721.55	3041.23
2722.78	2787.29
2724.02	2897.88
2725.26	2963.41
2726.50	2967.51
2727.73	3184.59
2728.97	3123.15
2730.21	2840.53
2731.44	2938.84
2732.68	2750.42
2733.91	3102.67
2735.15	2615.26
2736.38	2584.54
2737.62	2824.15
2738.85	2510.81
2740.08	2578.39
2741.32	3051.47
2742.55	2688.98
2743.78	2432.99
2745.01	2580.44
2746.24	2758.61
2747.47	2557.91
2748.70	1226.73
2749.93	2281.44
2751.16	2895.83
2752.39	2351.07
2753.62	2791.38
2754.85	2768.85
2756.08	2668.50
2757.30	2494.43
2758.53	2353.12
2759.76	2615.26
2760.98	2815.96
2762.21	2506.71
2763.43	2482.14
2764.66	2410.46
2765.88	2392.03
2767.11	2418.65
2768.33	2217.95
2769.55	2342.88
2770.78	2416.60
2772.00	2052.06
2773.22	2150.37
2774.44	2228.19
2775.67	2273.25
2776.89	2140.13
2778.11	1951.71
2779.33	2054.11
2780.55	2250.72
2781.77	2158.56
2782.99	2232.29
2784.20	2164.70
2785.42	2109.41
2786.64	2326.49
2787.86	2240.48
2789.07	2195.42
2790.29	2179.04
2791.51	2152.42
2792.72	2291.68
2793.94	1765.35
2795.15	2652.12
2796.37	1945.57
2797.58	2226.14
2798.80	2365.40
2800.01	2260.96
2801.22	2451.42
2802.44	2664.41
2803.65	2381.79
2804.86	2457.56
2806.07	2842.58
2807.28	2574.30
2808.49	2815.96
2809.70	3139.54
2810.91	2570.20
2812.12	2785.24
2813.33	2396.12
2814.54	2959.31
2815.75	3303.37
2816.96	2987.99
2818.16	3041.23
2819.37	3303.37
2820.58	3569.61
2821.78	3426.25
2822.99	3715.02
2824.20	3669.96
2825.40	3631.05
2826.61	4020.16
2827.81	4073.41
2829.01	4206.53
2830.22	4515.77
2831.42	4167.62
2832.62	4392.89
2833.83	4419.52
2835.03	5150.64
2836.23	5001.14
2837.43	5214.13
2838.63	4954.04
2839.83	5351.34
2841.03	5220.27
2842.23	5554.09
2843.43	5943.21
2844.63	5859.24
2845.83	5887.91
2847.03	5822.38
2848.22	6057.89
2849.42	6504.35
2850.62	6731.67
2851.81	6711.19
2853.01	7165.84
2854.21	7225.23
2855.40	7301.01
2856.60	6735.77
2857.79	8085.38
2858.99	8157.06
2860.18	8472.45
2861.37	8992.63
2862.57	9625.45
2863.76	9826.15
2864.95	10360.67
2866.14	10690.40
2867.33	12240.71
2868.52	12445.51
2869.72	14286.63
2870.91	15542.03
2872.10	16633.60
2873.28	17209.08
2874.47	17786.61
2875.66	18378.47
2876.85	20895.43
2878.04	21888.69
2879.23	21462.71
2880.41	22865.57
2881.60	22292.14
2882.79	22808.23
2883.97	23864.98
2885.16	24043.15
2886.34	23801.49
2887.53	23211.68
2888.71	23146.14
2889.90	22546.09
2891.08	22707.88
2892.26	21724.85
2893.45	21423.80
2894.63	22279.85
2895.81	21368.51
2896.99	20815.55
2898.17	20238.03
2899.36	20559.56
2900.54	19979.98
2901.72	17983.21
2902.90	19056.35
2904.08	18683.62
2905.26	18364.14
2906.43	18224.87
2907.61	17829.62
2908.79	17633.01
2909.97	17950.45
2911.14	17540.85
2912.32	17903.34
2913.50	18106.09
2914.67	17594.10
2915.85	18669.28
2917.02	19248.86
2918.20	20272.84
2919.37	21431.99
2920.55	22445.74
2921.72	22011.57
2922.90	25892.47
2924.07	26578.54
2925.24	29681.21
2926.41	32468.50
2927.58	33244.68
2928.76	35495.39
2929.93	35667.42
2931.10	37793.22
2932.27	37979.58
2933.44	38096.31
2934.61	39019.95
2935.78	33793.53
2936.95	36664.78
2938.11	36355.54
2939.28	35554.79
2940.45	32818.70
2941.62	31833.63
2942.78	28876.36
2943.95	27520.60
2945.12	26904.17
2946.28	25808.50
2947.45	23664.28
2948.61	22015.66
2949.78	21337.79
2950.94	20137.68
2952.10	18857.70
2953.27	17567.48
2954.43	16867.07
2955.59	15777.55
2956.76	15064.86
2957.92	14634.78
2959.08	14550.82
2960.24	14266.15
2961.40	13782.83
2962.56	14063.40
2963.72	14171.94
2964.88	14421.80
2966.04	14524.19
2967.20	14397.22
2968.36	14706.46
2969.52	15208.22
2970.67	15544.08
2971.83	15855.37
2972.99	16846.59
2974.14	16424.71
2975.30	17198.84
2976.46	15867.66
2977.61	17356.54
2978.77	17336.06
2979.92	16398.09
2981.08	16928.51
2982.23	17151.74
2983.38	16348.93
2984.54	16221.96
2985.69	16111.37
2986.84	15019.80
2987.99	13821.74
2989.15	13344.56
2990.30	12255.04
2991.45	10940.25
2992.60	11188.05
2993.75	10970.97
2994.90	10202.98
2996.05	9723.76
2997.20	8982.39
2998.35	8562.56
2999.49	8109.96
3000.64	7466.89
3001.79	7475.09
3002.94	6883.22
3004.08	6606.75
3005.23	6154.15
3006.38	6266.78
3007.52	5781.42
3008.67	5382.06
3009.81	5414.83
3010.96	5214.13
3012.10	4771.77
3013.25	5167.03
3014.39	4931.51
3015.53	4665.27
3016.67	4511.68
3017.82	4413.37
3018.96	4319.17
3020.10	4194.24
3021.24	4177.86
3022.38	4206.53
3023.52	4167.62
3024.66	4265.92
3025.80	4208.58
3026.94	4190.14
3028.08	3649.48
3029.22	3993.54
3030.36	3710.92
3031.50	3940.29
3032.63	3788.74
3033.77	3633.10
3034.91	3534.79
3036.04	4052.93
3037.18	3925.96
3038.32	4046.79
3039.45	3774.41
3040.59	3567.56
3041.72	4165.57
3042.86	3848.13
3043.99	3897.28
3045.12	4116.42
3046.26	3882.95
3047.39	3872.71
3048.52	3807.17
3049.65	3829.70
3050.78	3788.74
3051.92	3917.76
3053.05	4173.76
3054.18	3741.64
3055.31	4046.79
3056.44	4003.78
3057.57	4032.45
3058.70	4179.90
3059.82	3805.13
3060.95	4132.80
3062.08	3928.00
3063.21	3325.90
3064.34	4134.85
3065.46	4120.51
3066.59	4220.86
3067.71	4493.24
3068.84	4057.03
3069.97	4210.62
3071.09	3866.56
3072.22	4302.78
3073.34	4388.80
3074.46	4095.94
3075.59	4325.31
3076.71	4052.93
3077.83	4204.48
3078.96	3962.82
3080.08	4536.25
3081.20	4483.00
3082.32	4571.07
3083.44	4181.95
3084.56	4419.52
3085.68	4433.85
3086.80	4554.68
3087.92	4569.02
3089.04	4564.92
3090.16	4741.05
3091.28	4757.43
3092.40	4761.53
3093.51	4519.87
3094.63	4820.92
3095.75	5021.62
3096.87	4384.70
3097.98	4657.08
3099.10	5050.29
3100.21	4267.97
3101.33	4700.09
3102.44	5189.55
3103.56	4704.18
3104.67	5044.15
3105.79	4650.94
3106.90	5214.13
3108.01	5312.43
3109.12	5095.35
3110.24	5097.39
3111.35	4988.85
3112.46	5181.36
3113.57	5756.84
3114.68	5142.45
3115.79	5183.41
3116.90	5760.94
3118.01	5736.36
3119.12	5736.36
3120.23	5773.22
3121.34	5582.76
3122.45	5558.19
3123.56	5947.30
3124.66	5789.61
3125.77	6209.44
3126.88	6096.80
3127.98	6666.14
3129.09	6006.69
3130.20	6123.43
3131.30	6082.47
3132.41	6322.08
3133.51	6711.19
3134.61	6401.95
3135.72	6657.95
3136.82	6596.51
3137.93	6735.77
3139.03	6879.13
3140.13	6610.84
3141.23	7098.26
3142.33	6875.03
3143.44	6750.11
3144.54	6877.08
3145.64	6670.23
3146.74	6965.14
3147.84	7425.93
3148.94	7208.85
3150.04	7090.07
3151.14	7522.19
3152.23	7638.92
3153.33	7628.68
3154.43	7675.79
3155.53	7499.66
3156.63	7952.26
3157.72	8187.78
3158.82	8085.38
3159.91	7892.87
3161.01	8439.68
3162.11	8198.02
3163.20	8142.72
3164.30	8259.46
3165.39	6350.75
3166.48	8521.60
3167.58	8437.63
3168.67	8552.32
3169.76	8451.97
3170.86	8648.57
3171.95	8890.23
3173.04	8398.72
3174.13	8777.59
3175.22	8470.40
3176.31	8736.63
3177.40	8439.68
3178.49	9197.43
3179.58	8925.05
3180.67	8492.93
3181.76	9250.67
3182.85	9348.98
3183.94	9351.03
3185.03	9408.37
3186.11	8294.27
3187.20	9080.69
3188.29	9097.08
3189.37	9281.39
3190.46	9478.00
3191.55	9478.00
3192.63	9062.26
3193.72	9209.72
3194.80	9303.92
3195.89	9844.59
3196.97	9389.94
3198.05	10094.44
3199.14	9383.79
3200.22	10180.45
3201.30	9813.87
3202.38	9879.40
3203.47	9654.12
3204.55	10327.91
3205.63	9881.45
3206.71	9344.88
3207.79	9656.17
3208.87	10358.63
3209.95	10162.02
3211.03	10397.54
3212.11	10245.99
3213.19	10362.72
3214.27	9912.17
3215.34	10010.47
3216.42	10430.30
3217.50	10159.97
3218.58	10479.46
3219.65	10311.52
3220.73	10356.58
3221.80	10393.44
3222.88	10415.97
3223.96	10360.67
3225.03	10823.51
3226.10	10985.30
3227.18	11489.10
3228.25	10174.31
3229.33	10985.30
3230.40	10735.45
3231.47	10753.88
3232.54	10661.73
3233.62	10579.81
3234.69	10837.85
3235.76	11599.69
3236.83	11442.00
3237.90	11407.19
3238.97	10755.93
3240.04	10880.86
3241.11	10825.56
3242.18	11044.70
3243.25	11292.50
3244.32	9715.56
3245.39	11001.69
3246.45	11542.35
3247.52	11112.28
3248.59	11061.08
3249.66	11282.26
3250.72	11366.23
3251.79	11341.65
3252.85	11370.32
3253.92	11372.37
3254.98	11036.50
3256.05	11556.69
3257.11	11786.06
3258.18	11069.27
3259.24	11671.37
3260.30	11495.25
3261.37	11099.99
3262.43	11384.66
3263.49	11368.27
3264.55	11102.04
3265.62	11474.77
3266.68	11116.37
3267.74	11628.37
3268.80	11368.27
3269.86	11333.46
3270.92	10952.54
3271.98	11255.64
3273.04	11601.74
3274.10	11069.27
3275.16	11081.56
3276.21	11456.34
3277.27	10616.67
3278.33	11310.93
3279.39	10745.69
3280.44	11171.67
3281.50	10674.01
3282.56	10428.26
3283.61	10315.62
3284.67	10708.83
3285.72	11200.34
3286.78	10557.28
3287.83	10702.68
3288.88	10843.99
3289.94	11145.05
3290.99	10909.53
3292.04	9936.74
3293.10	10733.40
3294.15	10667.87
3295.20	11081.56
3296.25	10948.44
3297.30	10829.66
3298.36	10600.29
3299.41	10870.62
3300.46	10727.26
3301.51	10047.33
3302.56	10979.16
3303.61	10700.64
3304.65	11108.18
3305.70	10682.20
3306.75	10286.95
3307.80	10846.04
3308.85	10618.72
3309.89	10555.23
3310.94	10962.78
3311.99	10932.06
3313.03	10604.38
3314.08	10866.52
3315.12	10784.60
3316.17	10635.10
3317.21	10700.64
3318.26	11259.73
3319.30	10659.68
3320.35	11167.57
3321.39	10876.76
3322.43	11306.84
3323.48	10979.16
3324.52	11198.29
3325.56	10487.65
3326.60	10919.77
3327.64	11175.77
3328.68	11007.83
3329.73	10776.41
3330.77	11161.43
3331.81	10962.78
3332.85	11044.70
3333.88	10839.90
3334.92	10741.60
3335.96	11052.89
3337.00	10610.53
3338.04	11212.63
3339.08	11134.81
3340.11	11030.36
3341.15	10835.80
3342.19	11030.36
3343.22	11472.72
3344.26	11145.05
3345.30	11026.26
3346.33	11042.65
3347.37	10882.91
3348.40	11005.78
3349.43	10336.10
3350.47	11145.05
3351.50	10776.41
3352.54	10897.24
3353.57	11147.09
3354.60	11001.69
3355.63	11380.56
3356.67	11155.29
3357.70	11241.30
3358.73	10006.38
3359.76	11274.07
3360.79	11218.77
3361.82	11183.96
3362.85	11183.96
3363.88	10927.96
3364.91	10766.17
3365.94	11013.98
3366.97	11165.53
3367.99	11192.15
3369.02	11407.19
3370.05	10188.64
3371.08	11132.76
3372.10	10454.88
3373.13	11052.89
3374.16	11370.32
3375.18	10721.12
3376.21	11087.70
3377.23	11372.37
3378.26	11321.17
3379.28	11259.73
3380.31	11077.46
3381.33	11564.88
3382.35	11366.23
3383.38	10809.18
3384.40	11192.15
3385.42	10913.63
3386.45	11335.51
3387.47	11218.77
3388.49	11097.94
3389.51	10538.85
3390.53	11118.42
3391.55	11046.74
3392.57	11368.27
3393.59	11118.42
3394.61	11280.21
3395.63	11151.19
3396.65	11147.09
3397.67	10444.64
3398.69	10913.63
3399.70	10813.28
3400.72	10944.35
3401.74	11681.61
3402.76	10272.61
3403.77	11030.36
3404.79	11200.34
3405.80	10927.96
3406.82	10747.74
3407.83	10205.03
3408.85	10950.49
3409.86	10846.04
3410.88	11695.95
3411.89	11546.45
3412.91	11409.23
3413.92	11204.44
3414.93	10981.21
3415.94	10901.34
3416.96	10583.90
3417.97	10809.18
3418.98	11331.41
3419.99	13461.30
3421.00	11431.76
3422.01	11263.83
3423.02	10991.45
3424.03	10831.71
3425.04	11204.44
3426.05	11028.31
3427.06	11894.60
3428.07	11597.65
3429.08	11480.91
3430.09	11276.12
3431.09	11669.33
3432.10	11781.96
3433.11	11790.16
3434.12	11870.03
3435.12	11181.91
3436.13	11405.14
3437.13	11138.90
3438.14	10631.01
3439.14	11052.89
3440.15	10749.79
3441.15	11122.52
3442.16	11169.62
3443.16	10909.53
3444.16	10671.97
3445.17	10866.52
3446.17	10848.09
3447.17	10757.98
3448.17	10854.23
3449.18	10606.43
3450.18	10739.55
3451.18	11059.03
3452.18	11319.12
3453.18	10800.99
3454.18	10633.05
3455.18	11067.22
3456.18	11274.07
3457.18	11212.63
3458.18	10997.59
3459.17	10157.92
3460.17	10710.88
3461.17	10364.77
3462.17	10680.16
3463.17	10385.25
3464.16	10469.22
3465.16	10248.04
3466.15	10078.05
3467.15	10338.15
3468.15	10182.50
3469.14	10311.52
3470.14	10116.97
3471.13	10301.28
3472.13	9854.83
3473.12	9963.37
3474.11	9852.78
3475.11	9903.98
3476.10	9525.10
3477.09	9750.38
3478.08	10078.05
3479.08	9619.31
3480.07	9523.05
3481.06	9521.01
3482.05	9518.96
3483.04	9252.72
3484.03	9416.56
3485.02	8941.43
3486.01	9805.67
3487.00	9148.28
3487.99	8834.94
3488.98	9310.07
3489.97	9015.16
3490.95	8902.52
3491.94	8931.19
3492.93	8908.66
3493.92	8890.23
3494.90	8353.66
3495.89	8480.64
3496.88	8464.25
3497.86	8208.26
3498.85	8687.48
3499.83	8314.75
3500.82	8617.85
3501.80	8351.62
3502.79	8415.10
3503.77	8236.93
3504.75	8173.44
3505.74	8365.95
3506.72	8329.09
3507.70	8093.57
3508.68	8216.45
3509.67	8050.57
3510.65	8181.64
3511.63	8109.96
3512.61	7956.36
3513.59	7763.85
3514.57	7499.66
3515.55	7673.74
3516.53	7944.07
3517.51	7905.16
3518.49	8271.75
3519.47	7434.13
3520.45	7235.47
3521.42	7272.34
3522.40	7137.17
3523.38	7559.05
3524.36	7374.74
3525.33	7579.53
3526.31	7536.52
3527.29	7219.09
3528.26	7092.12
3529.24	7575.44
3530.21	6895.51
3531.19	7067.54
3532.16	7004.05
3533.14	6950.81
3534.11	6766.49
3535.08	7012.24
3536.06	7122.84
3537.03	7004.05
3538.00	6891.41
3538.98	6604.70
3539.95	6651.80
3540.92	6739.87
3541.89	6586.27
3542.86	6471.58
3543.83	6657.95
3544.80	6088.61
3545.77	6254.50
3546.74	6100.90
3547.71	6162.34
3548.68	5988.26
3549.65	6002.60
3550.62	5918.63
3551.59	6197.15
3552.56	5975.97
3553.52	5984.16
3554.49	5783.46
3555.46	5740.46
3556.42	5892.01
3557.39	5623.72
3558.36	5834.66
3559.32	5384.11
3560.29	5795.75
3561.25	5314.48
3562.22	5742.50
3563.18	5402.54
3564.15	4808.63
3565.11	5287.86
3566.07	5140.40
3567.04	5089.20
3568.00	5261.23
3568.96	4890.55
3569.92	5019.57
3570.89	4943.80
3571.85	5066.67
3572.81	5181.36
3573.77	5099.44
3574.73	5048.24
3575.69	4792.25
3576.65	4898.74
3577.61	4562.87
3578.57	4804.53
3579.53	4868.02
3580.49	4687.80
3581.45	4763.58
3582.40	4450.24
3583.36	4206.53
3584.32	4700.09
3585.28	4587.45
3586.23	4644.79
3587.19	4427.71
3588.15	4360.13
3589.10	4591.55
3590.06	4380.61
3591.01	4046.79
3591.97	4161.47
3592.92	4294.59
3593.88	4241.34
3594.83	4155.33
3595.78	4120.51
3596.74	4069.31
3597.69	3958.72
3598.64	4132.80
3599.60	3858.37
3600.55	3897.28
3601.50	3803.08
3602.45	3852.23
3603.40	4110.27
3604.35	3801.03
3605.31	3848.13
3606.26	3860.42
3607.21	3629.00
3608.16	3835.85
3609.10	3751.88
3610.05	3741.64
3611.00	3784.65
3611.95	3661.77
3612.90	3540.94
3613.85	3389.39
3614.79	3612.62
3615.74	3590.09
3616.69	3190.74
3617.63	3629.00
3618.58	3248.08
3619.53	3669.96
3620.47	3383.24
3621.42	3041.23
3622.36	3323.85
3623.31	5738.41
3624.25	3542.99
3625.20	3620.81
3626.14	3346.38
3627.08	2973.65
3628.03	3108.82
3628.97	3061.71
3629.91	3012.56
3630.85	3375.05
3631.80	3334.09
3632.74	3407.82
3633.68	2863.06
3634.62	2701.27
3635.56	3121.10
3636.50	3022.80
3637.44	2887.64
3638.38	3397.58
3639.32	2742.23
3640.26	2412.51
3641.20	3092.43
3642.14	2949.08
3643.08	2953.17
3644.01	2938.84
3644.95	2838.48
3645.89	2938.84
3646.83	2768.85
3647.76	2484.19
3648.70	2559.96
3649.63	2527.19
3650.57	2607.06
3651.51	2654.17
3652.44	2441.18
3653.38	2250.72
3654.31	2457.56
3655.24	2645.98
3656.18	2465.75
3657.11	2179.04
3658.05	2469.85
3658.98	2439.13
3659.91	2379.74
3660.84	2406.36
3661.78	2389.98
3662.71	2039.78
3663.64	2191.33
3664.57	2086.88
3665.50	2052.06
3666.43	2228.19
3667.36	1771.49
3668.29	1892.32
3669.22	1751.01
3670.15	1861.60
3671.08	1990.63
3672.01	1931.23
3672.94	3055.57
3673.86	1976.29
3674.79	2017.25
3675.72	1390.57
3676.65	1697.77
3677.57	1558.50
3678.50	1830.88
3679.43	1816.55
3680.35	1660.90
3681.28	1710.05
3682.20	1318.89
3683.13	1527.78
3684.05	1548.26
3684.98	1511.40
3685.90	1578.98
3686.83	1427.43
3687.75	1841.12
3688.67	1241.07
3689.60	1335.28
3690.52	1495.02
3691.44	1374.19
3692.36	1226.73
3693.28	1234.93
3694.21	1298.41
3695.13	1214.45
3696.05	1193.97
3696.97	1062.90
3697.89	1325.04
3698.81	1048.56
3699.73	868.34
3700.65	1073.14
3701.57	1077.23
3702.48	1236.97
3703.40	925.68
3704.32	1112.05
3705.24	948.21
3706.16	1005.55
3707.07	1021.94
3707.99	874.48
3708.91	1044.46
3709.82	860.15
3710.74	882.67
3711.66	999.41
3712.57	815.09
3713.49	1386.47
3714.40	780.28
3715.31	636.92
3716.23	1097.71
3717.14	540.66
3718.06	747.51
3718.97	557.05
3719.88	532.47
3720.80	884.72
3721.71	0.00
3722.62	866.29
3723.53	0.00
3724.44	555.00
3725.35	0.00
3726.26	770.04
3727.18	32624.14
3728.09	647.16
3729.00	876.53
3729.91	626.68
3730.81	618.49
3731.72	526.33
3732.63	415.74
3733.54	391.16
3734.45	604.15
3735.36	702.45
3736.26	663.54
3737.17	602.10
3738.08	696.31
3738.99	417.79
3739.89	405.50
3740.80	393.21
3741.70	563.19
3742.61	858.10
3743.51	618.49
3744.42	624.63
3745.32	301.05
3746.23	428.03
3747.13	532.47
3748.04	641.01
3748.94	409.59
3749.84	395.26
3750.74	327.67
3751.65	411.64
3752.55	559.10
3753.45	507.90
3754.35	368.63
3755.25	532.47
3756.16	522.23
3757.06	430.07
3757.96	356.35
3758.86	567.29
3759.76	499.70
3760.66	475.13
3761.55	741.36
3762.45	579.58
3763.35	577.53
3764.25	712.69
3765.15	485.37
3766.05	698.36
3766.94	675.83
3767.84	292.86
3768.74	415.74
3769.63	342.01
3770.53	434.17
3771.43	471.03
3772.32	462.84
3773.22	468.98
3774.11	358.39
3775.01	268.28
3775.90	440.31
3776.80	268.28
3777.69	598.01
3778.58	409.59
3779.48	438.27
3780.37	344.06
3781.26	720.89
3782.16	126.97
3783.05	352.25
3783.94	288.76
3784.83	495.61
3785.72	731.12
3786.61	71.68
3787.50	350.20
3788.39	370.68
3789.28	477.18
3790.17	282.62
3791.06	448.51
3791.95	358.39
3792.84	268.28
3793.73	212.99
3794.62	292.86
3795.51	471.03
3796.39	454.65
3797.28	346.11
3798.17	403.45
3799.06	315.39
3799.94	327.67
3800.83	233.47
3801.71	430.07
3802.60	-8.19
3803.48	491.51
3804.37	425.98
3805.25	499.70
3806.14	313.34
3807.02	116.73
3807.91	258.04
3808.79	296.96
3809.67	550.90
3810.56	729.08
3811.44	495.61
3812.32	251.90
3813.20	63.49
3814.09	425.98
3814.97	202.75
3815.85	720.88
3816.73	468.98
3817.61	227.32
3818.49	444.41
3819.37	163.84
3820.25	374.78
3821.13	456.70
3822.01	573.43
3822.89	264.19
3823.77	299.00
3824.65	313.34
3825.52	167.93
3826.40	194.56
3827.28	475.13
3828.16	350.20
3829.03	391.16
3829.91	198.65
3830.79	192.51
3831.66	497.66
3832.54	321.53
3833.41	468.98
3834.29	104.45
3835.16	413.69
3836.04	405.50
3836.91	-30.72
3837.79	339.96
3838.66	145.41
3839.53	272.38
3840.41	450.55
3841.28	434.17
3842.15	430.07
3843.02	186.37
3843.90	321.53
3844.77	409.59
3845.64	251.90
3846.51	-155.65
3847.38	409.59
3848.25	354.30
3849.12	192.51
3849.99	339.96
3850.86	241.66
3851.73	258.04
3852.60	126.97
3853.47	305.15
3854.34	339.96
3855.21	360.44
3856.07	77.82
3856.94	22.53
3857.81	432.12
3858.68	288.76
3859.54	477.18
3860.41	296.96
3861.28	428.03
3862.14	448.51
3863.01	358.39
3863.87	376.83
3864.74	-28.67
3865.60	356.35
3866.47	456.70
3867.33	280.57
3868.19	583.67
3869.06	266.24
3869.92	274.43
3870.78	565.24
3871.65	149.50
3872.51	571.38
3873.37	-1972.19
3874.23	364.54
3875.10	382.97
3875.96	120.83
3876.82	229.37
3877.68	352.25
3878.54	167.93
3879.40	436.22
3880.26	86.01
3881.12	317.44
3881.98	145.41
3882.84	344.06
3883.70	356.35
3884.55	270.33
3885.41	241.66
3886.27	423.93
3887.13	317.44
3887.99	206.84
3888.84	204.80
3889.70	22.53
3890.56	425.98
3891.41	329.72
3892.27	223.23
3893.12	178.17
3893.98	370.68
3894.83	385.02
3895.69	395.26
3896.54	274.43
3897.40	317.44
3898.25	221.18
3899.11	385.02
3899.96	-20.48
3900.81	440.31
3901.66	274.43
3902.52	51.20
3903.37	413.69
3904.22	286.72
3905.07	274.43
3905.92	208.89
3906.78	147.45
3907.63	356.35
