-2184.52	-108.54
-2181.51	-108.54
-2178.50	-108.54
-2175.49	-86.01
-2172.49	-67.58
-2169.48	180.22
-2166.48	-217.08
-2163.48	-208.89
-2160.47	-67.58
-2157.47	317.44
-2154.47	43.01
-2151.48	143.36
-2148.48	6.14
-2145.49	-106.49
-2142.49	-77.82
-2139.50	73.73
-2136.51	34.82
-2133.52	55.30
-2130.53	444.41
-2127.54	1038.32
-2124.55	782.32
-2121.57	983.02
-2118.58	733.17
-2115.60	501.75
-2112.62	1023.98
-2109.64	980.98
-2106.66	1081.33
-2103.68	591.86
-2100.70	841.72
-2097.73	438.27
-2094.75	798.71
-2091.78	851.95
-2088.81	538.62
-2085.83	462.84
-2082.86	-491.51
-2079.90	698.36
-2076.93	878.58
-2073.96	980.98
-2071.00	526.33
-2068.03	827.38
-2065.07	511.99
-2062.11	780.28
-2059.15	692.21
-2056.19	552.95
-2053.23	849.91
-2050.27	833.52
-2047.32	780.28
-2044.36	825.33
-2041.41	823.28
-2038.46	606.20
-2035.51	444.41
-2032.56	1114.09
-2029.61	624.63
-2026.66	915.44
-2023.72	794.61
-2020.77	897.01
-2017.83	917.49
-2014.88	624.63
-2011.94	632.82
-2009.00	913.39
-2006.06	931.83
-2003.13	1089.52
-2000.19	530.42
-1997.25	645.11
-1994.32	667.64
-1991.39	573.43
-1988.45	573.43
-1985.52	956.40
-1982.59	849.91
-1979.67	1011.70
-1976.74	710.65
-1973.81	884.72
-1970.89	356.35
-1967.96	817.14
-1965.04	239.61
-1962.12	841.72
-1959.20	647.16
-1956.28	679.93
-1953.36	468.98
-1950.45	907.25
-1947.53	436.22
-1944.62	788.47
-1941.70	602.10
-1938.79	608.25
-1935.88	442.36
-1932.97	978.93
-1930.06	722.93
-1927.15	536.57
-1924.25	464.89
-1921.34	737.27
-1918.44	583.67
-1915.54	610.29
-1912.63	518.14
-1909.73	514.04
-1906.83	808.95
-1903.94	579.58
-1901.04	516.09
-1898.14	716.79
-1895.25	534.52
-1892.36	1032.18
-1889.46	583.67
-1886.57	360.44
-1883.68	526.33
-1880.79	903.15
-1877.91	555.00
-1875.02	614.39
-1872.13	643.06
-1869.25	739.32
-1866.37	833.52
-1863.48	522.23
-1860.60	675.83
-1857.72	452.60
-1854.84	518.14
-1851.97	428.03
-1849.09	704.50
-1846.22	561.14
-1843.34	712.69
-1840.47	419.83
-1837.60	628.73
-1834.73	671.73
-1831.86	901.11
-1828.99	628.73
-1826.12	751.60
-1823.26	485.37
-1820.39	557.05
-1817.53	1030.13
-1814.67	661.49
-1811.80	245.76
-1808.94	325.63
-1806.08	837.62
-1803.23	495.61
-1800.37	499.70
-1797.51	927.73
-1794.66	731.12
-1791.81	378.87
-1788.95	743.41
-1786.10	638.97
-1783.25	509.94
-1780.40	483.32
-1777.56	112.64
-1774.71	450.55
-1771.86	387.07
-1769.02	589.82
-1766.18	538.62
-1763.33	352.25
-1760.49	671.73
-1757.65	673.78
-1754.81	374.78
-1751.98	507.90
-1749.14	751.60
-1746.30	604.15
-1743.47	589.81
-1740.64	598.01
-1737.81	677.88
-1734.97	432.12
-1732.14	720.88
-1729.32	536.57
-1726.49	894.96
-1723.66	677.88
-1720.84	825.33
-1718.01	657.40
-1715.19	409.59
-1712.37	542.71
-1709.55	364.54
-1706.73	788.47
-1703.91	479.22
-1701.09	409.59
-1698.27	495.61
-1695.46	831.48
-1692.65	608.25
-1689.83	528.38
-1687.02	212.99
-1684.21	524.28
-1681.40	468.98
-1678.59	493.56
-1675.78	757.75
-1672.98	258.04
-1670.17	733.17
-1667.37	448.51
-1664.56	397.31
-1661.76	641.01
-1658.96	688.12
-1656.16	454.65
-1653.36	737.27
-1650.57	430.07
-1647.77	210.94
-1644.97	249.85
-1642.18	720.89
-1639.39	565.24
-1636.60	659.45
-1633.80	514.04
-1631.01	350.20
-1628.23	876.53
-1625.44	679.93
-1622.65	970.74
-1619.87	897.01
-1617.08	493.56
-1614.30	382.97
-1611.52	317.44
-1608.74	497.66
-1605.96	550.90
-1603.18	393.21
-1600.40	696.31
-1597.62	686.07
-1594.85	436.22
-1592.07	632.82
-1589.30	571.38
-1586.53	808.95
-1583.76	124.93
-1580.99	569.34
-1578.22	376.83
-1575.45	583.67
-1572.68	696.31
-1569.92	540.66
-1567.15	446.46
-1564.39	419.83
-1561.63	671.73
-1558.86	739.32
-1556.10	466.94
-1553.34	817.14
-1550.59	684.02
-1547.83	606.20
-1545.07	700.41
-1542.32	159.74
-1539.56	462.84
-1536.81	610.29
-1534.06	468.98
-1531.31	681.97
-1528.56	491.51
-1525.81	772.08
-1523.06	552.95
-1520.32	3790.79
-1517.57	604.15
-1514.83	423.93
-1512.09	817.14
-1509.34	495.61
-1506.60	573.43
-1503.86	366.59
-1501.12	477.18
-1498.39	507.90
-1495.65	581.62
-1492.91	544.76
-1490.18	718.84
-1487.45	503.80
-1484.71	464.89
-1481.98	630.77
-1479.25	673.78
-1476.52	651.25
-1473.80	409.59
-1471.07	516.09
-1468.34	497.66
-1465.62	612.34
-1462.89	526.33
-1460.17	991.22
-1457.45	532.47
-1454.73	610.29
-1452.01	817.14
-1449.29	765.94
-1446.57	610.29
-1443.86	849.91
-1441.14	770.04
-1438.43	387.07
-1435.71	411.64
-1433.00	395.26
-1430.29	434.17
-1427.58	1566.70
-1424.87	280.57
-1422.16	692.21
-1419.46	575.48
-1416.75	458.75
-1414.05	557.05
-1411.34	563.19
-1408.64	274.43
-1405.94	516.09
-1403.24	315.39
-1400.54	526.33
-1397.84	2899.92
-1395.14	479.22
-1392.45	657.40
-1389.75	325.63
-1387.06	667.64
-1384.36	466.94
-1381.67	600.05
-1378.98	450.55
-1376.29	677.88
-1373.60	667.64
-1370.91	688.12
-1368.23	483.32
-1365.54	608.25
-1362.86	438.27
-1360.17	866.29
-1357.49	636.92
-1354.81	446.46
-1352.13	475.13
-1349.45	874.48
-1346.77	432.12
-1344.09	694.26
-1341.42	577.53
-1338.74	247.80
-1336.07	737.27
-1333.39	288.76
-1330.72	569.34
-1328.05	411.64
-1325.38	546.81
-1322.71	352.25
-1320.04	475.13
-1317.37	544.76
-1314.71	677.88
-1312.04	577.53
-1309.38	354.30
-1306.72	694.26
-1304.05	645.11
-1301.39	471.03
-1298.73	194.56
-1296.08	446.46
-1293.42	51.20
-1290.76	464.89
-1288.10	606.20
-1285.45	206.84
-1282.80	552.95
-1280.14	643.06
-1277.49	509.94
-1274.84	391.16
-1272.19	503.80
-1269.54	698.36
-1266.90	440.31
-1264.25	741.36
-1261.60	370.68
-1258.96	669.69
-1256.32	739.32
-1253.67	462.84
-1251.03	444.41
-1248.39	448.51
-1245.75	419.83
-1243.11	782.32
-1240.48	505.85
-1237.84	659.45
-1235.20	843.76
-1232.57	495.61
-1229.94	456.70
-1227.31	430.07
-1224.67	577.53
-1222.04	565.24
-1219.41	368.63
-1216.79	583.67
-1214.16	614.39
-1211.53	413.69
-1208.91	249.85
-1206.28	159.74
-1203.66	604.15
-1201.04	329.72
-1198.42	430.07
-1195.80	516.09
-1193.18	239.61
-1190.56	-946.16
-1187.94	485.37
-1185.33	229.37
-1182.71	208.89
-1180.10	210.94
-1177.49	241.66
-1174.87	577.53
-1172.26	380.92
-1169.65	323.58
-1167.04	499.70
-1164.44	641.01
-1161.83	716.79
-1159.22	346.11
-1156.62	360.44
-1154.01	282.62
-1151.41	417.79
-1148.81	491.51
-1146.21	358.39
-1143.61	294.91
-1141.01	600.05
-1138.41	454.65
-1135.81	497.66
-1133.22	313.34
-1130.62	681.97
-1128.03	552.95
-1125.44	225.28
-1122.84	303.10
-1120.25	532.47
-1117.66	303.10
-1115.07	610.29
-1112.49	264.19
-1109.90	503.80
-1107.31	407.55
-1104.73	249.85
-1102.14	536.57
-1099.56	471.03
-1096.98	471.03
-1094.40	376.83
-1091.82	317.44
-1089.24	583.67
-1086.66	446.46
-1084.08	196.60
-1081.51	278.52
-1078.93	454.65
-1076.36	505.85
-1073.79	403.45
-1071.21	673.78
-1068.64	456.70
-1066.07	129.02
-1063.50	428.03
-1060.93	561.14
-1058.37	434.17
-1055.80	647.16
-1053.24	325.63
-1050.67	458.75
-1048.11	792.56
-1045.55	423.93
-1042.99	223.23
-1040.42	198.65
-1037.87	419.83
-1035.31	366.59
-1032.75	536.57
-1030.19	610.29
-1027.64	620.53
-1025.08	450.55
-1022.53	282.62
-1019.98	497.66
-1017.43	262.14
-1014.88	444.41
-1012.33	419.83
-1009.78	368.63
-1007.23	774.13
-1004.68	442.36
-1002.14	546.81
-999.59	-16.38
-997.05	667.64
-994.51	417.79
-991.96	391.16
-989.42	327.68
-986.88	393.21
-984.34	307.20
-981.81	520.18
-979.27	319.48
-976.73	176.13
-974.20	40.96
-971.66	530.42
-969.13	135.17
-966.60	411.64
-964.07	473.08
-961.54	270.33
-959.01	446.46
-956.48	501.75
-953.95	663.54
-951.43	704.50
-948.90	587.77
-946.38	133.12
-943.85	360.44
-941.33	532.47
-938.81	415.74
-936.29	489.46
-933.77	253.95
-931.25	577.53
-928.73	397.31
-926.22	485.37
-923.70	247.80
-921.19	69.63
-918.67	294.91
-916.16	399.35
-913.65	200.70
-911.14	71.68
-908.63	546.81
-906.12	485.37
-903.61	471.03
-901.10	325.63
-898.59	227.32
-896.09	489.46
-893.59	86.01
-891.08	428.03
-888.58	450.55
-886.08	659.45
-883.58	227.32
-881.08	616.44
-878.58	573.43
-876.08	579.58
-873.58	600.05
-871.09	491.51
-868.59	520.18
-866.10	471.03
-863.61	194.56
-861.12	315.39
-858.62	614.39
-856.13	362.49
-853.64	454.65
-851.16	434.17
-848.67	559.10
-846.18	497.66
-843.70	247.80
-841.21	239.61
-838.73	315.39
-836.25	268.28
-833.77	557.05
-831.28	356.35
-828.81	843.76
-826.33	417.79
-823.85	423.93
-821.37	466.94
-818.90	737.27
-816.42	247.80
-813.95	487.42
-811.47	575.48
-809.00	-1079.28
-806.53	468.98
-804.06	628.73
-801.59	2818.01
-799.12	309.24
-796.65	735.22
-794.19	309.24
-791.72	92.16
-789.26	382.97
-786.79	356.35
-784.33	114.69
-781.87	460.79
-779.41	319.48
-776.95	473.08
-774.49	421.88
-772.03	575.48
-769.57	292.86
-767.12	358.39
-764.66	460.79
-762.21	346.11
-759.75	354.30
-757.30	-120.83
-754.85	112.64
-752.40	96.25
-749.95	155.65
-747.50	73.73
-745.05	485.37
-742.60	440.31
-740.16	354.30
-737.71	243.71
-735.27	464.89
-732.82	481.27
-730.38	747.51
-727.94	358.39
-725.50	176.13
-723.06	401.40
-720.62	362.49
-718.18	583.67
-715.74	452.60
-713.31	286.72
-710.87	274.43
-708.44	-34.82
-706.01	262.14
-703.57	176.13
-701.14	139.26
-698.71	450.55
-696.28	434.17
-693.85	260.09
-691.42	497.66
-689.00	313.34
-686.57	518.14
-684.15	266.24
-681.72	321.53
-679.30	59.39
-676.88	151.55
-674.45	366.59
-672.03	309.24
-669.61	270.33
-667.20	69.63
-664.78	391.16
-662.36	100.35
-659.94	366.59
-657.53	430.07
-655.12	327.67
-652.70	520.18
-650.29	589.82
-647.88	434.17
-645.47	430.07
-643.06	315.39
-640.65	327.68
-638.24	311.29
-635.83	346.11
-633.43	503.80
-631.02	448.51
-628.62	428.03
-626.22	346.11
-623.81	-1955.81
-621.41	264.19
-619.01	53.25
-616.61	378.87
-614.21	286.72
-611.81	317.44
-609.42	362.49
-607.02	2007.01
-604.63	114.69
-602.23	448.51
-599.84	471.03
-597.45	382.97
-595.05	286.72
-592.66	444.41
-590.27	71.68
-587.88	739.32
-585.50	567.29
-583.11	583.67
-580.72	317.44
-578.34	401.40
-575.95	448.51
-573.57	557.05
-571.19	276.48
-568.80	67.58
-566.42	579.58
-564.04	397.31
-561.66	313.34
-559.29	407.55
-556.91	487.42
-554.53	258.04
-552.16	364.54
-549.78	534.52
-547.41	350.20
-545.03	536.57
-542.66	643.06
-540.29	276.48
-537.92	593.91
-535.55	622.58
-533.18	413.69
-530.81	438.27
-528.45	1896.42
-526.08	86.01
-523.72	270.33
-521.35	468.98
-518.99	360.44
-516.63	282.62
-514.27	413.69
-511.90	305.15
-509.54	526.33
-507.19	411.64
-504.83	258.04
-502.47	245.76
-500.11	319.48
-497.76	423.93
-495.40	344.06
-493.05	505.85
-490.70	552.95
-488.35	380.92
-486.00	393.21
-483.65	759.80
-481.30	563.19
-478.95	454.65
-476.60	548.86
-474.25	700.41
-471.91	405.50
-469.56	403.45
-467.22	604.15
-464.88	647.16
-462.53	362.49
-460.19	692.21
-457.85	702.45
-455.51	376.83
-453.17	-5443.50
-450.84	565.24
-448.50	739.32
-446.16	579.58
-443.83	815.09
-441.49	446.46
-439.16	622.58
-436.83	595.96
-434.50	643.06
-432.16	909.30
-429.83	606.20
-427.50	501.75
-425.18	471.03
-422.85	475.13
-420.52	645.11
-418.20	561.14
-415.87	317.44
-413.55	563.19
-411.22	677.88
-408.90	350.20
-406.58	462.84
-404.26	4.10
-401.94	337.91
-399.62	831.48
-397.30	483.32
-394.99	632.82
-392.67	718.84
-390.35	626.68
-388.04	694.26
-385.73	477.18
-383.41	380.92
-381.10	727.03
-378.79	411.64
-376.48	479.22
-374.17	684.02
-371.86	712.69
-369.55	270.33
-367.25	659.45
-364.94	520.18
-362.64	585.72
-360.33	520.18
-358.03	385.02
-355.73	344.06
-353.42	471.03
-351.12	729.08
-348.82	632.82
-346.52	477.18
-344.23	702.45
-341.93	661.49
-339.63	608.25
-337.34	583.67
-335.04	276.48
-332.75	520.18
-330.45	690.17
-328.16	450.55
-325.87	522.23
-323.58	358.39
-321.29	542.71
-319.00	505.85
-316.71	116.73
-314.42	331.77
-312.14	489.46
-309.85	51.20
-307.57	184.32
-305.28	231.42
-303.00	319.48
-300.72	634.87
-298.44	286.72
-296.16	305.15
-293.88	301.05
-291.60	253.95
-289.32	671.73
-287.04	200.70
-284.77	434.17
-282.49	202.75
-280.22	206.84
-277.94	538.62
-275.67	186.37
-273.40	319.48
-271.13	411.64
-268.85	262.14
-266.59	292.86
-264.32	147.45
-262.05	188.41
-259.78	188.41
-257.51	362.49
-255.25	413.69
-252.98	317.44
-250.72	231.42
-248.46	18.43
-246.20	268.28
-243.93	73.73
-241.67	-114.69
-239.41	315.39
-237.16	299.00
-234.90	139.26
-232.64	280.57
-230.38	180.22
-228.13	223.23
-225.87	145.41
-223.62	172.03
-221.37	288.76
-219.11	364.54
-216.86	102.40
-214.61	339.96
-212.36	282.62
-210.11	247.80
-207.87	129.02
-205.62	360.44
-203.37	241.66
-201.13	278.52
-198.88	247.80
-196.64	544.76
-194.39	249.85
-192.15	-26.62
-189.91	452.60
-187.67	530.42
-185.43	284.67
-183.19	348.15
-180.95	272.38
-178.72	147.45
-176.48	190.46
-174.24	77.82
-172.01	270.33
-169.77	395.26
-167.54	581.62
-165.31	489.46
-163.08	231.42
-160.85	155.65
-158.62	120.83
-156.39	387.07
-154.16	221.18
-151.93	219.13
-149.70	98.30
-147.48	157.69
-145.25	241.66
-143.03	184.32
-140.81	229.37
-138.58	182.27
-136.36	303.10
-134.14	272.38
-131.92	282.62
-129.70	487.42
-127.48	286.72
-125.26	348.15
-123.05	419.83
-120.83	401.40
-118.62	507.90
-116.40	159.74
-114.19	358.39
-111.97	43.01
-109.76	-83.97
-107.55	-100.35
-105.34	387.07
-103.13	57.34
-100.92	329.72
-98.71	339.96
-96.51	569.34
-94.30	266.24
-92.09	118.78
-89.89	233.47
-87.69	423.93
-85.48	641.01
-83.28	333.82
-81.08	452.60
-78.88	458.75
-76.68	606.20
-74.48	276.48
-72.28	290.81
-70.08	532.47
-67.88	548.86
-65.69	483.32
-63.49	507.90
-61.30	329.72
-59.11	495.61
-56.91	249.85
-54.72	278.52
-52.53	571.38
-50.34	405.50
-48.15	444.41
-45.96	288.76
-43.77	380.92
-41.59	548.86
-39.40	141.31
-37.21	487.42
-35.03	395.26
-32.84	305.15
-30.66	454.65
-28.48	589.82
-26.30	767.99
-24.12	1038.32
-21.94	1644.52
-19.76	2684.89
-17.58	5038.00
-15.40	9367.41
-13.22	16566.02
-11.05	23676.57
-8.87	31632.93
-6.70	37301.70
-4.52	42968.43
-2.35	40297.88
-0.18	44152.16
1.99	42235.26
4.16	38348.21
6.33	31817.24
8.50	27289.18
10.67	22580.90
12.84	19373.78
15.00	15304.47
17.17	13664.05
19.33	11773.77
21.50	9283.44
23.66	8243.07
25.83	5466.03
27.99	3536.84
30.15	2346.97
32.31	1535.98
34.47	1150.96
36.63	1013.74
38.79	710.65
40.94	563.19
43.10	430.07
45.25	364.54
47.41	428.03
49.56	368.63
51.72	309.24
53.87	342.01
56.02	163.84
58.17	374.78
60.32	14.34
62.47	206.84
64.62	292.86
66.77	458.75
68.92	385.02
71.06	409.59
73.21	325.63
75.35	233.47
77.50	493.56
79.64	442.36
81.78	2.05
83.92	354.30
86.06	495.61
88.20	485.37
90.34	473.08
92.48	376.83
94.62	45.06
96.76	122.88
98.89	542.71
101.03	274.43
103.16	477.18
105.30	350.20
107.43	813.04
109.56	143.36
111.69	348.15
113.82	421.88
115.95	364.54
118.08	210.94
120.21	391.16
122.34	628.73
124.47	122.88
126.59	323.58
128.72	221.18
130.84	419.83
132.97	526.33
135.09	227.32
137.21	466.94
139.33	305.15
141.45	382.97
143.57	231.42
145.69	260.09
147.81	608.25
149.93	882.67
152.05	280.57
154.16	589.81
156.28	245.76
158.39	153.60
160.51	573.43
162.62	555.00
164.73	374.78
166.85	602.10
168.96	428.03
171.07	124.93
173.18	464.89
175.28	296.96
177.39	147.45
179.50	423.93
181.61	757.75
183.71	415.74
185.82	456.70
187.92	385.02
190.02	389.11
192.13	227.32
194.23	419.83
196.33	436.22
198.43	471.03
200.53	380.92
202.63	452.60
204.72	290.81
206.82	237.56
208.92	92.16
211.01	380.92
213.11	124.93
215.20	405.50
217.30	258.04
219.39	479.22
221.48	380.92
223.57	387.07
225.66	528.38
227.75	225.28
229.84	681.97
231.93	344.06
234.02	462.84
236.10	425.98
238.19	618.49
240.28	110.59
242.36	456.70
244.44	464.89
246.53	401.40
248.61	817.14
250.69	571.38
252.77	763.89
254.85	872.43
256.93	874.48
259.01	1011.70
261.09	1005.55
263.16	1148.91
265.24	1204.21
267.32	1394.67
269.39	1712.10
271.46	1648.61
273.54	1736.68
275.61	1687.53
277.68	2164.70
279.75	2041.82
281.82	2004.96
283.89	2056.16
285.96	1961.95
288.03	2191.33
290.10	2045.92
292.16	2330.59
294.23	2043.87
296.29	2289.63
298.36	2185.18
300.42	2004.96
302.49	1949.67
304.55	2203.61
306.61	2164.70
308.67	1929.19
310.73	1990.63
312.79	2050.02
314.85	2142.18
316.90	2009.06
318.96	1882.08
321.02	2068.45
323.07	1959.91
325.13	2004.96
327.18	1832.93
329.24	2019.30
331.29	1841.12
333.34	2033.63
335.39	1980.39
337.44	1839.08
339.49	1861.60
341.54	1951.71
343.59	1746.92
345.64	2047.97
347.68	2015.20
349.73	1675.24
351.77	1669.09
353.82	1816.55
355.86	1830.88
357.90	1976.29
359.95	2007.01
361.99	1992.67
364.03	2189.28
366.07	1826.79
368.11	1701.86
370.15	2056.16
372.19	1974.24
374.22	1933.28
376.26	2113.50
378.29	2062.30
380.33	1759.21
382.36	2211.81
384.40	1929.19
386.43	-444.41
388.46	1779.68
390.49	2052.06
392.52	1689.57
394.55	1978.34
396.58	2240.48
398.61	1933.28
400.64	2076.64
402.67	2310.11
404.69	2324.44
406.72	2230.24
408.74	2385.88
410.77	2471.90
412.79	2207.71
414.81	2484.19
416.84	2496.47
418.86	2813.91
420.88	2488.28
422.90	2947.03
424.92	2971.60
426.94	3043.28
428.95	3198.93
430.97	3045.33
432.99	3403.72
435.00	3190.74
437.02	3452.88
439.03	3209.17
441.04	3452.88
443.06	3422.16
445.07	2930.64
447.08	2826.20
449.09	2973.65
451.10	2885.59
453.11	2701.27
455.12	2930.64
457.13	2625.50
459.13	2672.60
461.14	2564.06
463.14	2813.91
465.15	2367.45
467.15	2541.53
469.16	2416.60
471.16	2314.20
473.16	2250.72
475.16	2289.63
477.16	2310.11
479.16	2162.66
481.16	2578.39
483.16	2285.53
485.16	2105.31
487.15	2125.79
489.15	2129.89
491.15	2058.21
493.14	2066.40
495.14	2484.19
497.13	2152.42
499.12	2068.45
501.11	1939.43
503.11	1937.38
505.10	2054.11
507.09	2115.55
509.07	1933.28
511.06	1972.19
513.05	1740.77
515.04	1812.45
517.02	2123.74
519.01	2086.88
521.00	1851.36
522.98	2107.36
524.96	2115.55
526.95	2201.57
528.93	2185.18
530.91	2101.22
532.89	2068.45
534.87	2027.49
536.85	671.73
538.83	1613.80
540.81	2074.59
542.78	1961.95
544.76	1675.24
546.74	2004.96
548.71	1943.52
550.69	1697.77
552.66	1900.51
554.63	2062.30
556.60	1871.84
558.58	1898.47
560.55	1753.06
562.52	2156.51
564.49	1851.36
566.46	2156.51
568.42	1966.05
570.39	2033.63
572.36	2099.17
574.32	1931.23
576.29	2260.96
578.25	2117.60
580.22	1605.61
582.18	1662.95
584.14	2164.70
586.11	1953.76
588.07	1955.81
590.03	1777.64
591.99	1746.92
593.95	2084.83
595.90	1896.42
597.86	1855.46
599.82	1771.49
601.78	1791.97
603.73	1953.76
605.69	1728.49
607.64	1972.19
609.59	1767.40
611.55	1804.26
613.50	1546.22
615.45	1759.21
617.40	1830.88
619.35	2002.91
621.30	1820.64
623.25	2027.49
625.20	1959.91
627.15	2260.96
629.09	2084.83
631.04	1677.29
632.98	2050.02
634.93	1912.80
636.87	1548.26
638.82	1914.85
640.76	1859.56
642.70	1687.53
644.64	1877.99
646.58	1601.51
648.52	1925.09
650.46	1736.68
652.40	1826.79
654.34	1703.91
656.27	1722.34
658.21	1920.99
660.15	1763.30
662.08	1877.99
664.02	2039.78
665.95	1699.81
667.88	1777.64
669.82	1902.56
671.75	1730.53
673.68	1957.86
675.61	1910.75
677.54	1890.28
679.47	1769.44
681.40	1726.44
683.32	2050.02
685.25	1636.33
687.18	1730.53
689.10	1824.74
691.03	1865.70
692.95	1599.46
694.87	1452.01
696.80	1427.43
698.72	1658.85
700.64	1658.85
702.56	1716.20
704.48	1587.18
706.40	1855.46
708.32	1949.67
710.24	1847.27
712.16	1859.56
714.07	2017.25
715.99	2050.02
717.90	1830.88
719.82	1851.36
721.73	1892.32
723.65	1755.11
725.56	1867.75
727.47	1751.01
729.38	1660.90
731.29	1644.52
733.20	1681.38
735.11	1861.60
737.02	1964.00
738.93	1673.19
740.84	1927.14
742.74	1687.53
744.65	1695.72
746.55	1701.86
748.46	1609.70
750.36	1710.05
752.27	1665.00
754.17	1875.94
756.07	1767.40
757.97	1685.48
759.87	1974.24
761.77	1908.71
763.67	1947.62
765.57	1611.75
767.47	1863.65
769.37	1863.65
771.26	1771.49
773.16	1781.73
775.06	1966.05
776.95	1613.80
778.84	2211.81
780.74	1603.56
782.63	1837.03
784.52	2013.15
786.41	1957.86
788.30	1886.18
790.19	1902.56
792.08	2015.20
793.97	1773.54
795.86	1972.19
797.75	1859.56
799.63	1849.32
801.52	1763.30
803.41	2301.92
805.29	2068.45
807.18	1742.82
809.06	1941.47
810.94	2199.52
812.82	1912.80
814.70	1957.86
816.59	2101.22
818.47	2000.87
820.35	2017.25
822.22	1945.57
824.10	2242.53
825.98	1810.40
827.86	2148.32
829.73	2097.12
831.61	1908.71
833.48	2125.79
835.36	2183.13
837.23	2308.06
839.10	1994.72
840.98	2025.44
842.85	2301.92
844.72	2318.30
846.59	2017.25
848.46	2602.97
850.33	2432.99
852.20	2328.54
854.06	2811.86
855.93	2799.57
857.80	3297.23
859.66	3243.98
861.53	4001.73
863.39	4208.58
865.26	5369.77
867.12	5978.02
868.98	7649.16
870.84	9267.06
872.71	10176.36
874.57	11054.94
876.43	12416.83
878.29	13098.81
880.14	13991.72
882.00	13373.24
883.86	12644.16
885.72	11908.94
887.57	10055.53
889.43	9445.23
891.28	8382.34
893.14	7325.58
894.99	6682.52
896.84	5638.06
898.69	4716.47
900.55	4231.10
902.40	3602.38
904.25	3483.59
906.10	2992.08
907.95	3309.52
909.79	2977.75
911.64	2414.56
913.49	2570.20
915.34	2234.33
917.18	2174.94
919.03	2203.61
920.87	2297.82
922.71	2125.79
924.56	2021.35
926.40	1765.35
928.24	1988.58
930.08	1992.67
931.92	2084.83
933.76	2029.54
935.60	1703.91
937.44	2082.78
939.28	1656.81
941.12	1791.97
942.95	1751.01
944.79	1869.80
946.62	1834.98
948.46	1755.11
950.29	1941.47
952.13	1669.09
953.96	1681.38
955.79	1535.98
957.62	1687.53
959.46	1773.54
961.29	1621.99
963.12	1437.67
964.94	1865.70
966.77	1691.62
968.60	1761.25
970.43	1816.55
972.25	1970.15
974.08	1843.17
975.91	1593.32
977.73	1648.61
979.55	1681.38
981.38	1779.68
983.20	1791.97
985.02	1726.44
986.84	1677.29
988.66	1771.49
990.49	1730.53
992.30	1755.11
994.12	2023.39
995.94	1751.01
997.76	1904.61
999.58	2144.22
1001.39	1904.61
1003.21	1877.99
1005.02	1845.22
1006.84	1718.25
1008.65	1828.84
1010.47	1863.65
1012.28	2140.13
1014.09	2156.51
1015.90	2213.85
1017.71	2162.65
1019.52	2355.16
1021.33	1073.14
1023.14	2529.24
1024.95	2250.72
1026.76	2289.63
1028.56	2938.84
1030.37	2775.00
1032.18	3170.26
1033.98	3182.54
1035.79	3461.07
1037.59	3882.95
1039.39	4054.98
1041.20	4038.59
1043.00	4173.76
1044.80	4353.98
1046.60	4739.00
1048.40	4745.14
1050.20	4755.38
1052.00	4542.39
1053.80	4157.38
1055.59	3905.48
1057.39	4331.45
1059.19	4233.15
1060.98	3684.30
1062.78	3768.26
1064.57	3659.72
1066.37	3344.33
1068.16	4181.95
1069.95	3885.00
1071.75	4560.83
1073.54	4532.15
1075.33	4630.46
1077.12	4997.04
1078.91	5017.52
1080.70	5437.36
1082.48	5748.65
1084.27	5832.62
1086.06	5765.03
1087.85	5781.42
1089.63	5547.95
1091.42	5836.71
1093.20	5232.56
1094.99	4972.47
1096.77	5066.67
1098.55	4620.22
1100.33	4140.99
1102.12	4214.72
1103.90	3635.14
1105.68	3454.92
1107.46	3409.87
1109.24	3389.39
1111.01	3293.13
1112.79	3129.30
1114.57	2885.59
1116.35	2639.83
1118.12	2756.57
1119.90	2764.76
1121.67	2303.96
1123.45	2371.55
1125.22	2602.97
1126.99	2406.36
1128.77	2570.20
1130.54	2435.03
1132.31	2297.82
1134.08	2566.10
1135.85	2713.56
1137.62	2344.92
1139.39	2111.46
1141.15	1808.36
1142.92	1830.88
1144.69	1931.23
1146.46	1875.94
1148.22	2062.30
1149.99	1839.08
1151.75	1937.38
1153.51	2009.06
1155.28	1705.96
1157.04	2037.73
1158.80	2156.51
1160.56	1933.28
1162.32	2002.91
1164.08	1603.56
1165.84	1765.35
1167.60	1855.46
1169.36	1861.60
1171.12	1648.61
1172.88	1611.75
1174.63	1826.79
1176.39	1861.60
1178.14	1568.74
1179.90	1591.27
1181.65	1748.97
1183.41	1791.97
1185.16	1865.70
1186.91	1877.99
1188.66	1691.62
1190.41	1877.99
1192.16	1714.15
1193.91	1890.28
1195.66	1718.25
1197.41	1642.47
1199.16	1660.90
1200.91	1695.72
1202.66	1689.57
1204.40	1837.03
1206.15	1671.14
1207.89	1875.94
1209.64	1490.92
1211.38	1673.19
1213.12	1587.18
1214.87	1310.70
1216.61	1318.89
1218.35	1570.79
1220.09	1730.53
1221.83	1882.08
1223.57	1873.89
1225.31	1433.58
1227.05	2050.02
1228.79	1626.09
1230.52	1781.73
1232.26	1931.23
1234.00	1656.81
1235.73	1908.71
1237.47	1822.69
1239.20	1888.23
1240.94	1665.00
1242.67	1697.77
1244.40	1701.86
1246.13	2117.60
1247.86	1939.43
1249.60	1970.15
1251.33	1906.66
1253.06	1998.82
1254.78	2314.20
1256.51	1843.17
1258.24	1976.29
1259.97	2105.31
1261.69	2142.18
1263.42	2369.50
1265.15	2494.43
1266.87	2834.39
1268.59	2562.01
1270.32	2602.97
1272.04	2791.38
1273.76	2975.70
1275.49	2955.22
1277.21	2963.41
1278.93	2969.55
1280.65	3205.07
1282.37	2901.97
1284.09	2916.31
1285.81	3020.75
1287.52	3074.00
1289.24	2760.66
1290.96	2682.84
1292.67	2484.19
1294.39	2656.22
1296.10	2568.15
1297.82	2228.19
1299.53	2033.63
1301.24	2156.51
1302.96	2361.31
1304.67	2170.85
1306.38	2007.01
1308.09	2187.23
1309.80	1955.81
1311.51	1892.32
1313.22	1800.16
1314.93	1839.08
1316.64	1728.49
1318.34	1853.41
1320.05	1814.50
1321.75	1650.66
1323.46	1912.80
1325.17	1912.80
1326.87	2054.11
1328.57	1765.35
1330.28	1806.31
1331.98	1902.56
1333.68	1845.22
1335.38	1820.64
1337.08	1703.91
1338.78	1918.95
1340.48	1998.82
1342.18	1933.28
1343.88	2045.92
1345.58	1972.19
1347.28	1920.99
1348.97	1581.03
1350.67	1867.75
1352.36	1951.71
1354.06	1920.99
1355.75	1978.34
1357.45	1880.04
1359.14	1636.33
1360.83	1751.01
1362.53	2013.15
1364.22	1816.55
1365.91	1826.79
1367.60	2127.84
1369.29	1828.84
1370.98	2166.75
1372.67	2299.87
1374.35	1861.60
1376.04	2144.22
1377.73	2703.32
1379.41	2213.85
1381.10	2041.82
1382.79	2418.65
1384.47	2131.94
1386.15	2306.01
1387.84	2236.38
1389.52	2230.24
1391.20	2383.84
1392.88	2183.13
1394.57	2349.02
1396.25	2582.49
1397.93	2306.01
1399.61	2596.82
1401.28	2441.18
1402.96	2564.06
1404.64	2467.80
1406.32	2398.17
1407.99	2406.36
1409.67	2828.24
1411.35	2635.74
1413.02	2699.22
1414.70	2971.60
1416.37	2875.35
1418.04	2795.48
1419.71	2711.51
1421.39	2789.33
1423.06	2684.89
1424.73	2662.36
1426.40	2801.62
1428.07	3033.04
1429.74	2914.26
1431.41	3012.56
1433.08	3037.14
1434.74	3125.20
1436.41	3477.45
1438.08	3549.13
1439.74	3706.82
1441.41	3964.87
1443.07	4351.93
1444.74	4687.80
1446.40	5021.62
1448.06	5506.99
1449.72	5615.53
1451.39	6234.02
1453.05	6217.63
1454.71	6539.16
1456.37	6408.09
1458.03	5900.20
1459.69	5887.91
1461.35	5769.13
1463.00	5631.91
1464.66	5042.10
1466.32	4571.07
1467.97	4272.06
1469.63	3899.33
1471.28	3999.68
1472.94	3639.24
1474.59	4124.61
1476.25	3395.53
1477.90	3598.28
1479.55	3776.45
1481.20	5214.13
1482.85	3438.54
1484.50	2805.72
1486.15	3362.76
1487.80	3092.43
1489.45	2881.49
1491.10	3213.26
1492.75	3063.76
1494.40	2875.35
1496.04	2621.40
1497.69	2797.53
1499.33	2553.82
1500.98	2332.64
1502.62	2043.87
1504.27	2324.44
1505.91	2123.74
1507.55	2410.46
1509.19	2090.98
1510.84	2156.51
1512.48	2230.24
1514.12	2136.03
1515.76	1763.30
1517.40	2138.08
1519.04	2021.35
1520.67	2213.85
1522.31	1759.21
1523.95	1605.61
1525.59	1961.95
1527.22	1941.47
1528.86	1781.73
1530.49	1923.04
1532.13	1779.68
1533.76	1773.54
1535.39	1898.47
1537.03	-4321.21
1538.66	1816.55
1540.29	1464.30
1541.92	2013.15
1543.55	1787.88
1545.18	2013.15
1546.81	1556.46
1548.44	1953.76
1550.07	1990.63
1551.70	1982.43
1553.32	1841.12
1554.95	1652.71
1556.58	1447.91
1558.20	2099.17
1559.83	1546.22
1561.45	1552.36
1563.07	1583.08
1564.70	1572.84
1566.32	1431.53
1567.94	1814.50
1569.56	1581.03
1571.19	1705.96
1572.81	1947.62
1574.43	1771.49
1576.05	1759.21
1577.66	1877.99
1579.28	1681.38
1580.90	1476.59
1582.52	897.01
1584.14	1466.35
1585.75	1935.33
1587.37	1669.09
1588.98	1730.53
1590.60	1873.89
1592.21	1771.49
1593.82	1554.41
1595.44	1523.69
1597.05	1437.67
1598.66	1824.74
1600.27	1505.26
1601.88	1552.36
1603.49	17702.64
1605.10	1466.35
1606.71	2047.97
1608.32	1474.54
1609.93	1927.14
1611.54	1714.15
1613.14	1591.27
1614.75	1865.70
1616.36	1935.33
1617.96	1677.29
1619.57	1882.08
1621.17	1542.12
1622.77	1279.98
1624.38	1851.36
1625.98	1763.30
1627.58	1605.61
1629.18	1941.47
1630.78	1654.76
1632.38	1460.20
1633.98	1656.81
1635.58	1630.18
1637.18	1880.04
1638.78	1937.38
1640.38	1771.49
1641.98	1650.66
1643.57	2062.30
1645.17	2023.39
1646.76	1837.03
1648.36	1607.66
1649.95	1720.29
1651.55	1834.98
1653.14	1652.71
1654.73	1929.19
1656.33	1916.90
1657.92	1832.93
1659.51	1499.11
1661.10	1806.31
1662.69	1687.53
1664.28	1685.48
1665.87	1499.11
1667.46	1669.09
1669.05	1796.07
1670.63	1509.35
1672.22	1478.63
1673.81	1732.58
1675.39	1578.98
1676.98	1691.62
1678.56	1286.12
1680.15	1742.82
1681.73	1650.66
1683.31	1724.39
1684.90	1521.64
1686.48	1724.39
1688.06	1327.08
1689.64	1611.75
1691.22	1599.46
1692.80	1519.59
1694.38	1370.09
1695.96	1738.73
1697.54	1839.08
1699.12	1611.75
1700.69	1685.48
1702.27	1523.69
1703.85	1435.63
1705.42	1413.10
1707.00	1284.08
1708.57	1437.67
1710.15	1591.27
1711.72	1386.47
1713.29	1462.25
1714.87	1325.04
1716.44	1572.84
1718.01	1454.06
1719.58	1263.60
1721.15	1384.43
1722.72	1609.70
1724.29	1355.76
1725.86	1316.84
1727.43	1472.49
1729.00	1292.27
1730.56	1167.34
1732.13	1419.24
1733.70	1322.99
1735.26	1472.49
1736.83	1521.64
1738.39	1316.84
1739.96	1626.09
1741.52	1398.76
1743.08	1120.24
1744.65	1136.62
1746.21	1394.67
1747.77	1568.74
1749.33	1249.26
1750.89	1044.46
1752.45	1495.02
1754.01	1251.31
1755.57	1189.87
1757.13	1042.42
1758.69	1288.17
1760.24	1218.54
1761.80	1093.62
1763.36	1241.07
1764.91	1234.93
1766.47	1169.39
1768.02	1263.60
1769.58	1288.17
1771.13	1234.93
1772.68	1288.17
1774.24	1306.60
1775.79	954.35
1777.34	1212.40
1778.89	1148.91
1780.44	1179.63
1781.99	1099.76
1783.54	901.11
1785.09	940.02
1786.64	1120.24
1788.19	1021.94
1789.73	817.14
1791.28	1015.79
1792.83	1236.97
1794.37	1103.86
1795.92	1177.58
1797.46	1179.63
1799.01	1351.66
1800.55	1271.79
1802.09	1339.37
1803.64	1112.05
1805.18	1476.59
1806.72	1064.94
1808.26	1021.94
1809.80	1042.42
1811.34	1093.62
1812.88	1028.08
1814.42	1157.10
1815.96	1306.60
1817.50	849.91
1819.04	1216.49
1820.57	1028.08
1822.11	964.59
1823.65	1263.60
1825.18	1062.90
1826.72	1222.64
1828.25	1253.36
1829.78	1165.29
1831.32	886.77
1832.85	1118.19
1834.38	1404.91
1835.92	1271.79
1837.45	1023.98
1838.98	1218.54
1840.51	1083.38
1842.04	1363.95
1843.57	1232.88
1845.10	1361.90
1846.62	1206.25
1848.15	888.82
1849.68	1007.60
1851.21	1388.52
1852.73	860.15
1854.26	946.16
1855.78	1366.00
1857.31	1421.29
1858.83	983.03
1860.36	1232.88
1861.88	1093.62
1863.40	1423.34
1864.92	1148.91
1866.45	1376.24
1867.97	978.93
1869.49	1241.07
1871.01	1376.23
1872.53	1409.00
1874.05	1322.99
1875.57	1144.81
1877.08	911.35
1878.60	1253.36
1880.12	980.98
1881.64	1146.86
1883.15	733.17
1884.67	1222.64
1886.18	1142.77
1887.70	970.74
1889.21	950.26
1890.72	1052.66
1892.24	1224.69
1893.75	843.76
1895.26	1128.43
1896.77	1208.30
1898.28	907.25
1899.79	1171.44
1901.30	1132.53
1902.81	1091.57
1904.32	1142.77
1905.83	980.98
1907.34	980.98
1908.85	1042.42
1910.35	1142.77
1911.86	1206.25
1913.37	991.22
1914.87	1073.14
1916.38	1138.67
1917.88	1361.90
1919.39	1286.12
1920.89	1060.85
1922.39	1052.66
1923.89	886.77
1925.40	1005.55
1926.90	1030.13
1928.40	907.25
1929.90	1173.49
1931.40	1267.69
1932.90	1075.18
1934.40	978.93
1935.90	987.12
1937.39	860.15
1938.89	1251.31
1940.39	1220.59
1941.89	1144.81
1943.38	1015.79
1944.88	741.36
1946.37	1116.14
1947.87	1206.25
1949.36	1095.66
1950.85	1013.74
1952.35	856.05
1953.84	743.41
1955.33	960.50
1956.82	978.93
1958.31	733.17
1959.80	1376.24
1961.29	1210.35
1962.78	1026.03
1964.27	913.39
1965.76	1185.77
1967.25	980.98
1968.74	1296.36
1970.22	1069.04
1971.71	1187.82
1973.20	999.41
1974.68	985.07
1976.17	858.10
1977.65	1308.65
1979.14	1019.89
1980.62	1030.13
1982.10	1279.98
1983.58	1224.69
1985.07	901.11
1986.55	995.31
1988.03	1964.00
1989.51	1040.37
1990.99	1097.71
1992.47	917.49
1993.95	823.28
1995.43	851.95
1996.91	1187.82
1998.38	1077.23
1999.86	1302.51
2001.34	1087.47
2002.81	980.98
2004.29	1132.53
2005.76	1126.38
2007.24	952.31
2008.71	1001.46
2010.19	917.49
2011.66	1273.84
2013.13	923.63
2014.60	1245.16
2016.08	813.04
2017.55	1023.98
2019.02	1200.11
2020.49	1064.94
2021.96	960.50
2023.43	1370.09
2024.90	1193.97
2026.36	761.84
2027.83	600.05
2029.30	1150.96
2030.77	880.63
2032.23	1214.45
2033.70	1212.40
2035.16	1062.90
2036.63	1140.72
2038.09	1200.11
2039.56	1132.53
2041.02	915.44
2042.48	888.82
2043.95	1003.50
2045.41	1058.80
2046.87	1028.08
2048.33	976.88
2049.79	849.91
2051.25	1140.72
2052.71	1101.81
2054.17	1107.95
2055.63	1034.22
2057.09	948.21
2058.54	962.55
2060.00	927.73
2061.46	1163.25
2062.91	983.02
2064.37	1093.62
2065.82	1275.88
2067.28	1210.35
2068.73	763.89
2070.19	903.15
2071.64	983.03
2073.09	1173.49
2074.54	798.71
2076.00	1165.29
2077.45	1312.75
2078.90	1112.05
2080.35	1011.70
2081.80	694.26
2083.25	972.79
2084.70	1249.26
2086.14	940.02
2087.59	909.30
2089.04	1064.94
2090.49	1187.82
2091.93	931.83
2093.38	1480.68
2094.83	1101.81
2096.27	985.07
2097.71	804.85
2099.16	753.65
2100.60	1015.79
2102.05	856.05
2103.49	1187.82
2104.93	1050.61
2106.37	884.72
2107.81	860.15
2109.25	1095.66
2110.69	1169.39
2112.13	970.74
2113.57	1138.67
2115.01	942.07
2116.45	952.31
2117.89	1148.91
2119.33	1083.38
2120.76	864.24
2122.20	665.59
2123.63	1382.38
2125.07	897.01
2126.51	1083.38
2127.94	1214.45
2129.37	1218.54
2130.81	1042.42
2132.24	1032.18
2133.67	1003.50
2135.11	1091.57
2136.54	999.41
2137.97	876.53
2139.40	1161.20
2140.83	901.11
2142.26	1077.23
2143.69	1118.19
2145.12	925.68
2146.55	1079.28
2147.97	616.44
2149.40	1046.51
2150.83	993.26
2152.25	1148.91
2153.68	950.26
2155.11	1322.99
2156.53	1009.65
2157.96	856.05
2159.38	1347.56
2160.80	800.76
2162.23	749.56
2163.65	937.97
2165.07	958.45
2166.49	1140.72
2167.91	999.41
2169.33	892.91
2170.75	864.24
2172.17	1034.22
2173.59	1093.62
2175.01	808.95
2176.43	899.06
2177.85	796.66
2179.27	536.57
2180.68	978.93
2182.10	757.75
2183.52	911.35
2184.93	917.49
2186.35	1296.36
2187.76	1009.65
2189.18	821.24
2190.59	780.28
2192.00	1103.86
2193.42	761.84
2194.83	974.83
2196.24	1093.62
2197.65	854.00
2199.06	2263.01
2200.47	1157.10
2201.88	960.50
2203.29	911.35
2204.70	940.02
2206.11	843.76
2207.52	1023.98
2208.93	890.87
2210.33	976.88
2211.74	749.56
2213.15	823.28
2214.55	1019.89
2215.96	1155.05
2217.36	763.89
2218.77	645.11
2220.17	837.62
2221.57	954.35
2222.98	948.21
2224.38	868.34
2225.78	880.63
2227.18	755.70
2228.58	899.06
2229.99	868.34
2231.39	735.22
2232.79	677.88
2234.18	772.08
2235.58	819.19
2236.98	931.83
2238.38	835.57
2239.78	950.26
2241.17	940.02
2242.57	923.63
2243.97	880.63
2245.36	864.24
2246.76	946.16
2248.15	831.48
2249.55	794.61
2250.94	1017.84
2252.33	851.95
2253.73	1073.14
2255.12	1036.27
2256.51	944.11
2257.90	819.19
2259.29	905.20
2260.68	747.51
2262.07	954.35
2263.46	876.53
2264.85	878.58
2266.24	753.65
2267.63	927.73
2269.02	931.83
2270.40	759.80
2271.79	911.35
2273.18	1040.37
2274.56	882.67
2275.95	833.52
2277.33	1017.84
2278.72	993.26
2280.10	741.36
2281.49	864.24
2282.87	915.44
2284.25	808.95
2285.63	821.24
2287.02	1007.60
2288.40	985.07
2289.78	632.82
2291.16	526.33
2292.54	907.25
2293.92	587.77
2295.30	1294.32
2296.68	878.58
2298.05	759.80
2299.43	694.26
2300.81	763.89
2302.19	636.92
2303.56	718.84
2304.94	907.25
2306.31	921.59
2307.69	905.20
2309.06	751.60
2310.44	847.86
2311.81	649.21
2313.19	1181.68
2314.56	829.43
2315.93	919.54
2317.30	829.43
2318.67	948.21
2320.04	819.19
2321.41	935.92
2322.78	944.11
2324.15	591.86
2325.52	847.86
2326.89	841.72
2328.26	950.26
2329.63	776.18
2331.00	710.65
2332.36	493.56
2333.73	800.76
2335.09	868.34
2336.46	821.24
2337.83	557.05
2339.19	591.86
2340.55	749.56
2341.92	1005.55
2343.28	724.98
2344.64	991.22
2346.01	532.47
2347.37	851.95
2348.73	739.32
2350.09	890.87
2351.45	802.80
2352.81	542.71
2354.17	39878.05
2355.53	872.43
2356.89	10620.77
2358.25	643.06
2359.61	751.60
2360.96	550.90
2362.32	1019.89
2363.68	630.77
2365.03	786.42
2366.39	724.98
2367.74	821.24
2369.10	780.28
2370.45	745.46
2371.81	899.06
2373.16	788.47
2374.51	663.54
2375.86	358.39
2377.22	819.19
2378.57	391.16
2379.92	774.13
2381.27	841.72
2382.62	851.95
2383.97	575.48
2385.32	978.93
2386.67	860.15
2388.02	823.28
2389.37	770.04
2390.71	1048.56
2392.06	614.39
2393.41	755.70
2394.75	776.18
2396.10	817.14
2397.44	763.89
2398.79	940.02
2400.13	976.88
2401.48	706.55
2402.82	534.52
2404.17	839.67
2405.51	925.68
2406.85	649.21
2408.19	716.79
2409.53	514.04
2410.87	878.58
2412.22	471.03
2413.56	620.53
2414.89	856.05
2416.23	1183.73
2417.57	653.30
2418.91	819.19
2420.25	817.14
2421.59	905.20
2422.92	761.84
2424.26	735.22
2425.60	847.86
2426.93	837.62
2428.27	831.48
2429.60	872.43
2430.94	616.44
2432.27	849.91
2433.60	763.89
2434.94	716.79
2436.27	972.79
2437.60	733.17
2438.93	563.19
2440.27	972.79
2441.60	722.93
2442.93	782.32
2444.26	1071.09
2445.59	485.37
2446.92	796.66
2448.24	649.21
2449.57	690.17
2450.90	837.62
2452.23	710.65
2453.55	733.17
2454.88	604.15
2456.21	782.32
2457.53	1026.03
2458.86	645.11
2460.18	813.04
2461.51	641.01
2462.83	733.17
2464.15	497.66
2465.48	737.27
2466.80	745.46
2468.12	376.83
2469.44	727.03
2470.76	804.85
2472.09	749.56
2473.41	403.45
2474.73	911.35
2476.05	770.04
2477.36	905.20
2478.68	548.86
2480.00	929.78
2481.32	632.82
2482.64	817.14
2483.95	739.32
2485.27	956.40
2486.59	700.41
2487.90	710.65
2489.22	811.00
2490.53	733.17
2491.85	786.42
2493.16	788.47
2494.47	796.66
2495.79	600.05
2497.10	651.25
2498.41	694.26
2499.72	708.60
2501.03	772.08
2502.35	849.91
2503.66	540.66
2504.97	532.47
2506.28	534.52
2507.59	794.61
2508.89	421.88
2510.20	755.70
2511.51	591.86
2512.82	741.36
2514.12	96.25
2515.43	866.29
2516.74	884.72
2518.04	1552.36
2519.35	692.21
2520.65	794.61
2521.96	796.66
2523.26	675.83
2524.57	729.08
2525.87	733.17
2527.17	759.80
2528.47	632.82
2529.78	860.15
2531.08	761.84
2532.38	1019.89
2533.68	960.50
2534.98	851.95
2536.28	641.01
2537.58	784.37
2538.88	800.76
2540.18	876.53
2541.47	1097.71
2542.77	856.05
2544.07	714.74
2545.37	614.39
2546.66	786.42
2547.96	825.33
2549.25	182.27
2550.55	745.46
2551.84	731.12
2553.14	747.51
2554.43	921.59
2555.72	923.63
2557.02	839.67
2558.31	612.34
2559.60	555.00
2560.89	819.19
2562.18	868.34
2563.48	1001.46
2564.77	595.96
2566.06	729.08
2567.35	641.01
2568.63	716.79
2569.92	712.69
2571.21	854.00
2572.50	587.77
2573.79	718.84
2575.07	839.67
2576.36	858.10
2577.65	585.72
2578.93	555.00
2580.22	1116.14
2581.50	907.25
2582.79	1994.72
2584.07	753.65
2585.36	886.77
2586.64	632.82
2587.92	862.19
2589.20	704.50
2590.49	649.21
2591.77	630.77
2593.05	628.73
2594.33	667.64
2595.61	894.96
2596.89	700.41
2598.17	886.77
2599.45	794.61
2600.73	854.00
2602.00	700.41
2603.28	661.49
2604.56	903.15
2605.84	690.17
2607.11	1040.37
2608.39	894.96
2609.67	772.08
2610.94	1064.94
2612.22	751.60
2613.49	307.20
2614.76	598.01
2616.04	911.35
2617.31	620.53
2618.58	636.92
2619.86	602.10
2621.13	886.77
2622.40	559.10
2623.67	751.60
2624.94	260.09
2626.21	864.24
2627.48	559.10
2628.75	690.17
2630.02	745.46
2631.29	634.87
2632.56	702.45
2633.82	743.41
2635.09	761.84
2636.36	794.61
2637.63	509.94
2638.89	755.70
2640.16	825.33
2641.42	905.20
2642.69	882.67
2643.95	663.54
2645.22	653.30
2646.48	692.21
2647.74	712.69
2649.01	784.37
2650.27	698.36
2651.53	720.89
2652.79	661.49
2654.05	813.04
2655.31	806.90
2656.57	718.84
2657.83	774.13
2659.09	901.11
2660.35	655.35
2661.61	1009.65
2662.87	2863.06
2664.13	985.07
2665.38	909.30
2666.64	940.02
2667.90	677.88
2669.15	1064.94
2670.41	659.45
2671.67	692.21
2672.92	958.45
2674.17	980.98
2675.43	956.40
2676.68	1001.46
2677.94	925.68
2679.19	968.69
2680.44	1003.50
2681.69	1028.08
2682.95	1005.55
2684.20	1046.51
2685.45	1363.95
2686.70	1075.18
2687.95	1019.89
2689.20	970.74
2690.45	919.54
2691.70	1153.01
2692.94	1075.18
2694.19	1128.43
2695.44	1409.00
2696.69	1112.05
2697.93	1148.91
2699.18	1495.02
2700.43	1349.61
2701.67	1503.21
2702.92	1353.71
2704.16	1665.00
2705.41	1699.81
2706.65	1671.14
2707.89	1564.65
2709.14	1720.29
2710.38	1413.10
2711.62	1853.41
2712.86	2013.15
2714.11	1882.08
2715.35	1986.53
2716.59	1781.73
2717.83	1824.74
2719.07	2013.15
2720.31	2234.33
2721.55	2320.35
2722.78	2279.39
2724.02	2387.93
2725.26	2461.66
2726.50	2492.38
2727.73	2725.85
2728.97	2426.84
2730.21	2109.41
2731.44	2500.57
2732.68	2256.86
2733.91	2277.34
2735.15	2283.49
2736.38	2156.51
2737.62	2236.38
2738.85	2103.26
2740.08	2271.20
2741.32	2193.37
2742.55	1904.61
2743.78	2031.59
2745.01	1994.72
2746.24	2082.78
2747.47	1832.93
2748.70	813.04
2749.93	2078.69
2751.16	2217.95
2752.39	1957.86
2753.62	2193.37
2754.85	2095.07
2756.08	2131.94
2757.30	2062.30
2758.53	2029.54
2759.76	2183.13
2760.98	2248.67
2762.21	1890.28
2763.43	1542.12
2764.66	1757.16
2765.88	1918.95
2767.11	1875.94
2768.33	1783.78
2769.55	2166.75
2770.78	1888.23
2772.00	1662.95
2773.22	1763.30
2774.44	1783.78
2775.67	1884.13
2776.89	1527.78
2778.11	1796.07
2779.33	1787.88
2780.55	1816.55
2781.77	1615.85
2782.99	1521.64
2784.20	1812.45
2785.42	1751.01
2786.64	1998.82
2787.86	1837.03
2789.07	1830.88
2790.29	1877.99
2791.51	1617.90
2792.72	2029.54
2793.94	1468.39
2795.15	1892.32
2796.37	1642.47
2797.58	1970.15
2798.80	1730.53
2800.01	1783.78
2801.22	2146.27
2802.44	1880.04
2803.65	1841.12
2804.86	1888.23
2806.07	2430.94
2807.28	1998.82
2808.49	2275.29
2809.70	2404.32
2810.91	2236.38
2812.12	2267.10
2813.33	2519.00
2814.54	2736.09
2815.75	2254.81
2816.96	2125.79
2818.16	2426.84
2819.37	2400.22
2820.58	2809.81
2821.78	2609.11
2822.99	2979.79
2824.20	2922.45
2825.40	2944.98
2826.61	3151.82
2827.81	3010.51
2829.01	3151.82
2830.22	3651.53
2831.42	3338.19
2832.62	3524.55
2833.83	3370.96
2835.03	4005.83
2836.23	4104.13
2837.43	3934.15
2838.63	4020.16
2839.83	3979.20
2841.03	4267.97
2842.23	4399.04
2843.43	4607.93
2844.63	4431.80
2845.83	4609.98
2847.03	4448.19
2848.22	4497.34
2849.42	4708.28
2850.62	4853.69
2851.81	5023.67
2853.01	5154.74
2854.21	5511.08
2855.40	5453.74
2856.60	5042.10
2857.79	6258.59
2858.99	6244.26
2860.18	6373.28
2861.37	6877.08
2862.57	6948.76
2863.76	7135.12
2864.95	7675.79
2866.14	7487.37
2867.33	8896.38
2868.52	9344.88
2869.72	10471.26
2870.91	11112.28
2872.10	12058.44
2873.28	12894.01
2874.47	12740.41
2875.66	13455.15
2876.85	15820.56
2878.04	16144.14
2879.23	16174.86
2880.41	17180.41
2881.60	16865.02
2882.79	17274.62
2883.97	18142.96
2885.16	18720.48
2886.34	17813.23
2887.53	17716.98
2888.71	17751.79
2889.90	17207.03
2891.08	17161.98
2892.26	16912.13
2893.45	16457.48
2894.63	16711.43
2895.81	16555.78
2896.99	15943.44
2898.17	15572.75
2899.36	15787.79
2900.54	15365.91
2901.72	13852.46
2902.90	14583.59
2904.08	14376.74
2905.26	14559.01
2906.43	14315.30
2907.61	13840.17
2908.79	14141.22
2909.97	13608.75
2911.14	13485.87
2912.32	13745.97
2913.50	13653.81
2914.67	13283.13
2915.85	14266.15
2917.02	14397.22
2918.20	15163.16
2919.37	15673.10
2920.55	16574.21
2921.72	16084.75
2922.90	18964.19
2924.07	19797.71
2925.24	22103.73
2926.41	24360.59
2927.58	24999.55
2928.76	26926.69
2929.93	27022.95
2931.10	28968.52
2932.27	29582.91
2933.44	30182.96
2934.61	30479.92
2935.78	28137.04
2936.95	29259.33
2938.11	29265.47
2939.28	28417.61
2940.45	26578.54
2941.62	25962.10
2942.78	23441.05
2943.95	22386.35
2945.12	21601.97
2946.28	21229.24
2947.45	19363.54
2948.61	17772.27
2949.78	17551.09
2950.94	16340.74
2952.10	14804.77
2953.27	14554.91
2954.43	13758.25
2955.59	12830.52
2956.76	12416.83
2957.92	12076.87
2959.08	11706.19
2960.24	11358.03
2961.40	11024.22
2962.56	11091.80
2963.72	11200.34
2964.88	11206.48
2966.04	11538.26
2967.20	11409.23
2968.36	11657.04
2969.52	11685.71
2970.67	12007.24
2971.83	12418.88
2972.99	13233.97
2974.14	13211.45
2975.30	13535.03
2976.46	12842.81
2977.61	14317.35
2978.77	13586.22
2979.92	13057.85
2981.08	13793.07
2982.23	13408.05
2983.38	13403.96
2984.54	13207.35
2985.69	12756.80
2986.84	12384.07
2987.99	11110.23
2989.15	11315.03
2990.30	10266.47
2991.45	9070.45
2992.60	9342.83
2993.75	9187.19
2994.90	8624.00
2996.05	8261.51
2997.20	7258.00
2998.35	7643.02
2999.49	6911.89
3000.64	6483.87
3001.79	6277.02
3002.94	6000.55
3004.08	5502.89
3005.23	5439.41
3006.38	5496.75
3007.52	5144.50
3008.67	4773.82
3009.81	4687.80
3010.96	4458.43
3012.10	4493.24
3013.25	4310.97
3014.39	4237.25
3015.53	4169.66
3016.67	4071.36
3017.82	4097.99
3018.96	3948.48
3020.10	3692.49
3021.24	3895.24
3022.38	3909.57
3023.52	3864.52
3024.66	3860.42
3025.80	3954.63
3026.94	3897.28
3028.08	3510.22
3029.22	3954.63
3030.36	3510.22
3031.50	3938.24
3032.63	3809.22
3033.77	3581.90
3034.91	3635.14
3036.04	3649.48
3037.18	3729.35
3038.32	3776.45
3039.45	3604.42
3040.59	3727.30
3041.72	4220.86
3042.86	3790.79
3043.99	3848.13
3045.12	4061.12
3046.26	3864.52
3047.39	3911.62
3048.52	3690.44
3049.65	3796.93
3050.78	3809.22
3051.92	4112.32
3053.05	3813.32
3054.18	3813.32
3055.31	4081.60
3056.44	4126.66
3057.57	4112.32
3058.70	4046.79
3059.82	4054.98
3060.95	4134.85
3062.08	3803.08
3063.21	3524.55
3064.34	4159.42
3065.46	4394.94
3066.59	4267.97
3067.71	4249.54
3068.84	4349.89
3069.97	4403.13
3071.09	4259.77
3072.22	4454.33
3073.34	4532.15
3074.46	4573.11
3075.59	4442.04
3076.71	4282.30
3077.83	4747.19
3078.96	4425.66
3080.08	4773.82
3081.20	4669.37
3082.32	4628.41
3083.44	4315.07
3084.56	4777.91
3085.68	4763.58
3086.80	4956.08
3087.92	4972.47
3089.04	4958.13
3090.16	4863.93
3091.28	5046.20
3092.40	4972.47
3093.51	4980.66
3094.63	4814.77
3095.75	5253.04
3096.87	5062.58
3097.98	5027.76
3099.10	5289.90
3100.21	4597.69
3101.33	5134.26
3102.44	5220.27
3103.56	5248.94
3104.67	5492.65
3105.79	5410.73
3106.90	5855.14
3108.01	5480.36
3109.12	5470.12
3110.24	5568.43
3111.35	5808.04
3112.46	5623.72
3113.57	6059.94
3114.68	5509.04
3115.79	5748.65
3116.90	6236.06
3118.01	6426.53
3119.12	6223.78
3120.23	6264.74
3121.34	6045.60
3122.45	6272.93
3123.56	6463.39
3124.66	6139.81
3125.77	6510.49
3126.88	6399.90
3127.98	7149.46
3129.09	6416.29
3130.20	7069.59
3131.30	6586.27
3132.41	7128.98
3133.51	7155.60
3134.61	6766.49
3135.72	7208.85
3136.82	6846.36
3137.93	7638.92
3139.03	7339.92
3140.13	7274.39
3141.23	7536.53
3142.33	7509.90
3143.44	7595.92
3144.54	7645.07
3145.64	7614.35
3146.74	7524.24
3147.84	7618.44
3148.94	7882.63
3150.04	7884.68
3151.14	8384.38
3152.23	8667.00
3153.33	8249.22
3154.43	8587.13
3155.53	8449.92
3156.63	8857.46
3157.72	8701.82
3158.82	8898.42
3159.91	8869.75
3161.01	9203.57
3162.11	8202.11
3163.20	9150.32
3164.30	8976.25
3165.39	7159.70
3166.48	9006.97
3167.58	9082.74
3168.67	9144.18
3169.76	9455.47
3170.86	9260.91
3171.95	9447.28
3173.04	9408.37
3174.13	9547.63
3175.22	9525.10
3176.31	9457.52
3177.40	9668.46
3178.49	9748.33
3179.58	9705.32
3180.67	9525.10
3181.76	10231.65
3182.85	10213.22
3183.94	10266.47
3185.03	10071.91
3186.11	9162.61
3187.20	10245.99
3188.29	9938.79
3189.37	10250.08
3190.46	10262.37
3191.55	10289.00
3192.63	10088.29
3193.72	10110.82
3194.80	10510.18
3195.89	10534.75
3196.97	10516.32
3198.05	10964.82
3199.14	10477.41
3200.22	10846.04
3201.30	10768.22
3202.38	10749.79
3203.47	10704.73
3204.55	10981.21
3205.63	11378.51
3206.71	10288.99
3207.79	10725.21
3208.87	11235.16
3209.95	11208.53
3211.03	11433.81
3212.11	11337.56
3213.19	10608.48
3214.27	10803.04
3215.34	10964.82
3216.42	11345.75
3217.50	10868.57
3218.58	11466.58
3219.65	11067.22
3220.73	11548.50
3221.80	11552.59
3222.88	11595.60
3223.96	11257.68
3225.03	11640.65
3226.10	11456.34
3227.18	12078.92
3228.25	11452.24
3229.33	12222.28
3230.40	11456.34
3231.47	11798.35
3232.54	11601.74
3233.62	11775.82
3234.69	11949.90
3235.76	12291.91
3236.83	12343.11
3237.90	12472.13
3238.97	11763.53
3240.04	11456.34
3241.11	11910.99
3242.18	12029.77
3243.25	12107.59
3244.32	10512.22
3245.39	11820.88
3246.45	12578.62
3247.52	12115.78
3248.59	12050.25
3249.66	12199.75
3250.72	12085.06
3251.79	12461.89
3252.85	12123.97
3253.92	12736.32
3254.98	12105.54
3256.05	12638.02
3257.11	12513.09
3258.18	12334.92
3259.24	12255.05
3260.30	12275.52
3261.37	12009.29
3262.43	12246.85
3263.49	11953.99
3264.55	12271.43
3265.62	12191.56
3266.68	12197.70
3267.74	12556.10
3268.80	12300.10
3269.86	12253.00
3270.92	11720.53
3271.98	12312.39
3273.04	12439.36
3274.10	12099.40
3275.16	11861.84
3276.21	12220.23
3277.27	11405.14
3278.33	12150.60
3279.39	9893.74
3280.44	12138.31
3281.50	11726.67
3282.56	11571.02
3283.61	11640.65
3284.67	11761.48
3285.72	12277.57
3286.78	11052.89
3287.83	11822.92
3288.88	11722.57
3289.94	12304.20
3290.99	11640.65
3292.04	10585.95
3293.10	11726.67
3294.15	11460.43
3295.20	12437.31
3296.25	11867.98
3297.30	12001.10
3298.36	11515.73
3299.41	11876.17
3300.46	11478.86
3301.51	11204.44
3302.56	11609.93
3303.61	11644.75
3304.65	12031.82
3305.70	11575.12
3306.75	11329.36
3307.80	11611.98
3308.85	11855.69
3309.89	11601.74
3310.94	11966.28
3311.99	11675.47
3313.03	11579.22
3314.08	11593.55
3315.12	11452.24
3316.17	11181.91
3317.21	11743.05
3318.26	12279.62
3319.30	11829.07
3320.35	12019.53
3321.39	12009.29
3322.43	12351.30
3323.48	11964.23
3324.52	12097.35
3325.56	11116.37
3326.60	12007.24
3327.64	11906.89
3328.68	11927.37
3329.73	11994.95
3330.77	12068.68
3331.81	11997.00
3332.85	11749.20
3333.88	11947.85
3334.92	11726.67
3335.96	11990.86
3337.00	11829.07
3338.04	12545.86
3339.08	12238.66
3340.11	12031.82
3341.15	11769.68
3342.19	11775.82
3343.22	12072.78
3344.26	12070.73
3345.30	12132.17
3346.33	12369.73
3347.37	11777.87
3348.40	12042.06
3349.43	11691.85
3350.47	12265.28
3351.50	11972.43
3352.54	11829.07
3353.57	12455.75
3354.60	12193.61
3355.63	12355.40
3356.67	12050.25
3357.70	12310.34
3358.73	10631.01
3359.76	12021.58
3360.79	11992.90
3361.82	12158.79
3362.85	11466.58
3363.88	11804.49
3364.91	11734.86
3365.94	11849.55
3366.97	12072.78
3367.99	11896.65
3369.02	11970.38
3370.05	11157.33
3371.08	12230.47
3372.10	11560.78
3373.13	12091.21
3374.16	11867.98
3375.18	11933.51
3376.21	12044.10
3377.23	12015.43
3378.26	11913.03
3379.28	11999.05
3380.31	11886.41
3381.33	12205.89
3382.35	12351.30
3383.38	11741.00
3384.40	11968.33
3385.42	11675.47
3386.45	12164.93
3387.47	12185.41
3388.49	11923.27
3389.51	11499.34
3390.53	12052.30
3391.55	11994.95
3392.57	12103.50
3393.59	11861.84
3394.61	12564.29
3395.63	11902.79
3396.65	11886.41
3397.67	11104.09
3398.69	11890.51
3399.70	11560.78
3400.72	11814.73
3401.74	12519.23
3402.76	11210.58
3403.77	11980.62
3404.79	12216.13
3405.80	11976.52
3406.82	11734.86
3407.83	11165.53
3408.85	11622.22
3409.86	11585.36
3410.88	12281.67
3411.89	12128.07
3412.91	12025.67
3413.92	12078.92
3414.93	11710.29
3415.94	11669.33
3416.96	11218.77
3417.97	11755.34
3418.98	11923.27
3419.99	14987.04
3421.00	12474.18
3422.01	11894.60
3423.02	11966.28
3424.03	11425.62
3425.04	11769.68
3426.05	11980.62
3427.06	12607.30
3428.07	12584.77
3429.08	12328.77
3430.09	12066.63
3431.09	12166.98
3432.10	12347.20
3433.11	12595.01
3434.12	12343.11
3435.12	11972.43
3436.13	12179.27
3437.13	11951.95
3438.14	11673.42
3439.14	11749.20
3440.15	11446.10
3441.15	11698.00
3442.16	11769.68
3443.16	11886.41
3444.16	11341.65
3445.17	11468.62
3446.17	11544.40
3447.17	11454.29
3448.17	11659.09
3449.18	11497.30
3450.18	11958.09
3451.18	11902.79
3452.18	11931.47
3453.18	11763.53
3454.18	11710.29
3455.18	11575.12
3456.18	11870.03
3457.18	11843.40
3458.18	11482.96
3459.17	11052.89
3460.17	11065.18
3461.17	10938.20
3462.17	11308.88
3463.17	11282.26
3464.16	10919.77
3465.16	10710.88
3466.15	10682.21
3467.15	11009.88
3468.15	10737.50
3469.14	10874.71
3470.14	10825.56
3471.13	10944.35
3472.13	10692.44
3473.12	10671.97
3474.11	10444.64
3475.11	10383.20
3476.10	10065.77
3477.09	10395.49
3478.08	10323.81
3479.08	10319.71
3480.07	9938.79
3481.06	10037.09
3482.05	9750.38
3483.04	9809.77
3484.03	9836.39
3485.02	9715.56
3486.01	10436.45
3487.00	9508.72
3487.99	9043.83
3488.98	9701.23
3489.97	9332.59
3490.95	9269.11
3491.94	9527.15
3492.93	9334.64
3493.92	9504.62
3494.90	8748.92
3495.89	9150.32
3496.88	8990.58
3497.86	8675.20
3498.85	9267.06
3499.83	8945.53
3500.82	9154.42
3501.80	9011.06
3502.79	8875.90
3503.77	8736.63
3504.75	8714.11
3505.74	8828.79
3506.72	8718.20
3507.70	8873.85
3508.68	8664.96
3509.67	8755.07
3510.65	8460.16
3511.63	8550.27
3512.61	8558.46
3513.59	8142.72
3514.57	7878.54
3515.55	8048.52
3516.53	8099.72
3517.51	8310.66
3518.49	8609.66
3519.47	7954.31
3520.45	7616.40
3521.42	7636.88
3522.40	7579.53
3523.38	7899.02
3524.36	7759.75
3525.33	7862.15
3526.31	7896.97
3527.29	7520.14
3528.26	7354.26
3529.24	7737.23
3530.21	7559.05
3531.19	7505.81
3532.16	7546.76
3533.14	7327.63
3534.11	7643.02
3535.08	7233.43
3536.06	7413.65
3537.03	7554.96
3538.00	7339.92
3538.98	7214.99
3539.95	7171.99
3540.92	6920.09
3541.89	6989.72
3542.86	6922.13
3543.83	7092.12
3544.80	6125.47
3545.77	6580.12
3546.74	6580.12
3547.71	6705.05
3548.68	6569.88
3549.65	6377.37
3550.62	6539.16
3551.59	6602.65
3552.56	6870.94
3553.52	6473.63
3554.49	6487.96
3555.46	6193.06
3556.42	6139.81
3557.39	6064.04
3558.36	6217.63
3559.32	5435.31
3560.29	5928.87
3561.25	5695.40
3562.22	5734.31
3563.18	5965.73
3564.15	5191.60
3565.11	5685.16
3566.07	5597.10
3567.04	5502.89
3568.00	5529.52
3568.96	5248.94
3569.92	5357.49
3570.89	5394.35
3571.85	5545.90
3572.81	5595.05
3573.77	5558.19
3574.73	5285.81
3575.69	5197.74
3576.65	5119.92
3577.61	4718.52
3578.57	4923.32
3579.53	5017.52
3580.49	4788.15
3581.45	5044.15
3582.40	4925.36
3583.36	4550.59
3584.32	4990.90
3585.28	4962.23
3586.23	4978.61
3587.19	4730.81
3588.15	4483.00
3589.10	4878.26
3590.06	4724.66
3591.01	4257.73
3591.97	4444.09
3592.92	4745.14
3593.88	4734.90
3594.83	4505.53
3595.78	4472.76
3596.74	4474.81
3597.69	4349.89
3598.64	4278.21
3599.60	4433.85
3600.55	4368.32
3601.50	4163.52
3602.45	4171.71
3603.40	4495.29
3604.35	4333.50
3605.31	4255.68
3606.26	4192.19
3607.21	3979.20
3608.16	4159.42
3609.10	4003.78
3610.05	3872.71
3611.00	3745.73
3611.95	4120.51
3612.90	3817.41
3613.85	3698.63
3614.79	3997.63
3615.74	4007.87
3616.69	3321.81
3617.63	3911.62
3618.58	3721.16
3619.53	3698.63
3620.47	3547.08
3621.42	3524.55
3622.36	3407.82
3623.31	6170.53
3624.25	3399.63
3625.20	3581.90
3626.14	3755.97
3627.08	3311.57
3628.03	3364.81
3628.97	3348.43
3629.91	3327.95
3630.85	3436.49
3631.80	3610.57
3632.74	3592.14
3633.68	3096.53
3634.62	3117.01
3635.56	3284.94
3636.50	3145.68
3637.44	3188.69
3638.38	3323.85
3639.32	3555.27
3640.26	2729.94
3641.20	3164.11
3642.14	3114.96
3643.08	3080.14
3644.01	3358.67
3644.95	3248.08
3645.89	3301.33
3646.83	3065.81
3647.76	2936.79
3648.70	2748.37
3649.63	2744.28
3650.57	2742.23
3651.51	2639.83
3652.44	2707.41
3653.38	2678.74
3654.31	2717.65
3655.24	2832.34
3656.18	2402.27
3657.11	2957.27
3658.05	2475.99
3658.98	2332.64
3659.91	2625.50
3660.84	2394.08
3661.78	2281.44
3662.71	2230.24
3663.64	2197.47
3664.57	2166.75
3665.50	2428.89
3666.43	2246.62
3667.36	1984.48
3668.29	2013.15
3669.22	1824.74
3670.15	1894.37
3671.08	1650.66
3672.01	2170.85
3672.94	2324.44
3673.86	2029.54
3674.79	1945.57
3675.72	1501.16
3676.65	1935.33
3677.57	1697.77
3678.50	1761.25
3679.43	1607.66
3680.35	1548.26
3681.28	1613.80
3682.20	1791.97
3683.13	1538.02
3684.05	1832.93
3684.98	1548.26
3685.90	1562.60
3686.83	1490.92
3687.75	1992.67
3688.67	1345.52
3689.60	1322.99
3690.52	1300.46
3691.44	1183.73
3692.36	1214.45
3693.28	1335.28
3694.21	1253.36
3695.13	1101.81
3696.05	1359.85
3696.97	1075.18
3697.89	915.44
3698.81	1032.18
3699.73	1185.77
3700.65	946.16
3701.57	962.55
3702.48	1220.59
3703.40	892.91
3704.32	1144.81
3705.24	1259.50
3706.16	1202.16
3707.07	1001.46
3707.99	1032.18
3708.91	1036.27
3709.82	903.15
3710.74	741.36
3711.66	825.33
3712.57	901.11
3713.49	1023.98
3714.40	858.10
3715.31	561.14
3716.23	954.35
3717.14	759.80
3718.06	1011.70
3718.97	751.60
3719.88	735.22
3720.80	1083.38
3721.71	0.00
3722.62	819.19
3723.53	0.00
3724.44	720.89
3725.35	0.00
3726.26	673.78
3727.18	17000.19
3728.09	544.76
3729.00	774.13
3729.91	403.45
3730.81	380.92
3731.72	813.04
3732.63	555.00
3733.54	423.93
3734.45	694.26
3735.36	759.80
3736.26	798.71
3737.17	481.27
3738.08	598.01
3738.99	423.93
3739.89	522.23
3740.80	432.12
3741.70	452.60
3742.61	604.15
3743.51	663.54
3744.42	536.57
3745.32	477.18
3746.23	282.62
3747.13	473.08
3748.04	477.18
3748.94	430.07
3749.84	368.63
3750.74	602.10
3751.65	421.88
3752.55	522.23
3753.45	530.42
3754.35	360.44
3755.25	444.41
3756.16	337.91
3757.06	489.46
3757.96	198.65
3758.86	415.74
3759.76	425.98
3760.66	458.75
3761.55	491.51
3762.45	499.70
3763.35	540.66
3764.25	511.99
3765.15	442.36
3766.05	741.36
3766.94	516.09
3767.84	348.15
3768.74	385.02
3769.63	536.57
3770.53	387.07
3771.43	282.62
3772.32	323.58
3773.22	464.89
3774.11	280.57
3775.01	411.64
3775.90	444.41
3776.80	286.72
3777.69	598.01
3778.58	415.74
3779.48	518.14
3780.37	511.99
3781.26	432.12
3782.16	116.73
3783.05	-63.49
3783.94	346.11
3784.83	305.15
3785.72	598.01
3786.61	247.80
3787.50	352.25
3788.39	325.63
3789.28	413.69
3790.17	137.21
3791.06	460.79
3791.95	432.12
3792.84	243.71
3793.73	286.72
3794.62	401.40
3795.51	448.51
3796.39	438.27
3797.28	290.81
3798.17	370.68
3799.06	464.89
3799.94	458.74
3800.83	481.27
3801.71	344.06
3802.60	-38.91
3803.48	516.09
3804.37	344.06
3805.25	346.11
3806.14	284.67
3807.02	96.25
3807.91	327.67
3808.79	153.60
3809.67	563.19
3810.56	425.98
3811.44	305.15
3812.32	149.50
3813.20	299.00
3814.09	389.11
3814.97	251.90
3815.85	501.75
3816.73	405.50
3817.61	176.13
3818.49	264.19
3819.37	221.18
3820.25	337.91
3821.13	421.88
3822.01	202.75
3822.89	174.08
3823.77	106.49
3824.65	344.06
3825.52	225.28
3826.40	208.89
3827.28	438.27
3828.16	294.91
3829.03	282.62
3829.91	-81.92
3830.79	403.45
3831.66	362.49
3832.54	315.39
3833.41	686.07
3834.29	45.06
3835.16	376.83
3836.04	256.00
3836.91	251.90
3837.79	487.42
3838.66	364.54
3839.53	208.89
3840.41	290.81
3841.28	638.97
3842.15	313.34
3843.02	264.19
3843.90	450.55
3844.77	485.37
3845.64	231.42
3846.51	378.87
3847.38	503.80
3848.25	366.59
3849.12	147.45
3849.99	-8.19
3850.86	464.89
3851.73	319.48
3852.60	180.22
3853.47	372.73
3854.34	348.15
3855.21	284.67
3856.07	36.86
3856.94	45.06
3857.81	356.35
3858.68	245.76
3859.54	335.87
3860.41	196.60
3861.28	286.72
3862.14	200.70
3863.01	272.38
3863.87	380.92
3864.74	61.44
3865.60	342.01
3866.47	305.15
3867.33	151.55
3868.19	520.18
3869.06	233.47
3869.92	546.81
3870.78	331.77
3871.65	323.58
3872.51	434.17
3873.37	-315.39
3874.23	36.86
3875.10	280.57
3875.96	262.14
3876.82	116.73
3877.68	325.63
3878.54	219.13
3879.40	335.87
3880.26	151.55
3881.12	274.43
3881.98	327.67
3882.84	313.34
3883.70	143.36
3884.55	368.63
3885.41	176.13
3886.27	565.24
3887.13	315.39
3887.99	-49.15
3888.84	536.57
3889.70	249.85
3890.56	241.66
3891.41	440.31
3892.27	264.19
3893.12	206.84
3893.98	90.11
3894.83	350.20
3895.69	329.72
3896.54	200.70
3897.40	450.55
3898.25	360.44
3899.11	403.45
3899.96	-51.20
3900.81	253.95
3901.66	215.04
3902.52	243.71
3903.37	417.79
3904.22	387.07
3905.07	370.68
3905.92	389.11
3906.78	276.48
3907.63	241.66
