476.77	-36.86
476.84	-36.86
476.91	-36.86
476.98	55.30
477.04	-34.82
477.11	6.14
477.18	96.25
477.25	-131.07
477.32	18.43
477.39	-102.40
477.45	139.26
477.52	104.45
477.59	-61.44
477.66	22.53
477.73	-88.06
477.80	102.40
477.86	8.19
477.93	32.77
478.00	-79.87
478.07	-36.86
478.14	30.72
478.21	-26.62
478.27	30.72
478.34	43.01
478.41	53.25
478.48	-53.25
478.55	20.48
478.62	-10.24
478.68	14.34
478.75	-49.15
478.82	-106.49
478.89	-174.08
478.96	4.10
479.02	-110.59
479.09	133.12
479.16	-157.69
479.23	-122.88
479.30	-71.68
479.37	30.72
479.43	-73.73
479.50	8.19
479.57	-18.43
479.64	-65.53
479.71	-53.25
479.77	75.77
479.84	-10.24
479.91	30.72
479.98	102.40
480.05	98.30
480.11	34.82
480.18	-90.11
480.25	-10.24
480.32	-12.29
480.39	-133.12
480.45	-26.62
480.52	63.49
480.59	102.40
480.66	38.91
480.73	14.34
480.79	53.25
480.86	-45.06
480.93	4.10
481.00	4.10
481.07	-67.58
481.13	-94.21
481.20	32.77
481.27	-96.25
481.34	-10.24
481.41	0.00
481.47	10.24
481.54	-57.34
481.61	49.15
481.68	12.29
481.74	24.58
481.81	57.34
481.88	-49.15
481.95	-67.58
482.02	-38.91
482.08	-63.49
482.15	-169.98
482.22	10.24
482.29	-69.63
482.35	-53.25
482.42	-10.24
482.49	34.82
482.56	-16.38
482.63	14.34
482.69	79.87
482.76	10.24
482.83	4.10
482.90	51.20
482.96	-32.77
483.03	63.49
483.10	71.68
483.17	151.55
483.24	32.77
483.30	-22.53
483.37	32.77
483.44	-26.62
483.51	-24.58
483.57	-90.11
483.64	83.97
483.71	-92.16
483.78	81.92
483.84	16.38
483.91	-16.38
483.98	38.91
484.05	16.38
484.11	16.38
484.18	114.69
484.25	6.14
484.32	20.48
484.38	10.24
484.45	55.30
484.52	-26.62
484.59	-34.82
484.65	2.05
484.72	30.72
484.79	79.87
484.86	10.24
484.92	83.97
484.99	-131.07
485.06	-32.77
485.13	-2.05
485.19	-22.53
485.26	20.48
485.33	-169.98
485.40	-14.34
485.46	8.19
485.53	-69.63
485.60	-59.39
485.67	-135.17
485.73	57.34
485.80	0.00
485.87	26.62
485.94	112.64
486.00	22.53
486.07	12.29
486.14	30.72
486.20	-22.53
486.27	45.06
486.34	-114.69
486.41	92.16
486.47	26.62
486.54	-202.75
486.61	-133.12
486.68	81.92
486.74	20.48
486.81	77.82
486.88	-67.58
486.94	24.58
487.01	8.19
487.08	61.44
487.15	-20.48
487.21	147.45
487.28	-30.72
487.35	79.87
487.41	-94.21
487.48	83.97
487.55	-55.30
487.62	-16.38
487.68	14.34
487.75	98.30
487.82	34.82
487.88	-18.43
487.95	-24.58
488.02	94.21
488.09	40.96
488.15	-118.78
488.22	-75.77
488.29	-180.22
488.35	114.69
488.42	-28.67
488.49	-43.01
488.56	4.10
488.62	57.34
488.69	-2.05
488.76	20.48
488.82	34.82
488.89	137.21
488.96	-108.54
489.02	-12.29
489.09	14.34
489.16	110.59
489.22	47.10
489.29	-43.01
489.36	-65.53
489.43	151.55
489.49	-92.16
489.56	77.82
489.63	14.34
489.69	-61.44
489.76	-4.10
489.83	-55.30
489.89	-2.05
489.96	-131.07
490.03	71.68
490.09	-14.34
490.16	30.72
490.23	0.00
490.29	-71.68
490.36	124.93
490.43	-63.49
490.50	-26.62
490.56	-124.93
490.63	-81.92
490.70	57.34
490.76	36.86
490.83	53.25
490.90	4.10
490.96	18.43
491.03	20.48
491.10	-94.21
491.16	59.39
491.23	40.96
491.30	-69.63
491.36	120.83
491.43	108.54
491.50	57.34
491.56	212.99
491.63	145.41
491.70	290.81
491.76	337.91
491.83	651.25
491.90	688.12
491.96	497.66
492.03	524.28
492.10	477.18
492.16	675.83
492.23	557.05
492.30	397.31
492.36	540.66
492.43	323.58
492.50	319.48
492.56	217.08
492.63	192.51
492.70	276.48
492.76	260.09
492.83	190.46
492.89	24.58
492.96	55.30
493.03	69.63
493.09	-51.20
493.16	-16.38
493.23	-65.54
493.29	-63.49
493.36	-28.67
493.43	-16.38
493.49	-63.49
493.56	-26.62
493.63	18.43
493.69	0.00
493.76	-34.82
493.82	53.25
493.89	137.21
493.96	57.34
494.02	38.91
494.09	110.59
494.16	-20.48
494.22	-10.24
494.29	-12.29
494.36	-116.73
494.42	34.82
494.49	-14.34
494.55	22.53
494.62	-34.82
494.69	98.30
494.75	32.77
494.82	30.72
494.89	55.30
494.95	-53.25
495.02	18.43
495.08	77.82
495.15	38.91
495.22	-28.67
495.28	-4.10
495.35	8.19
495.42	-2.05
495.48	-104.45
495.55	83.97
495.61	67.58
495.68	16.38
495.75	6.14
495.81	22.53
495.88	8.19
495.94	-18.43
496.01	40.96
496.08	-63.49
496.14	-18.43
496.21	6.14
496.28	141.31
496.34	-45.06
496.41	63.49
496.47	10.24
496.54	-38.91
496.61	92.16
496.67	92.16
496.74	102.40
496.80	71.68
496.87	-26.62
496.94	47.10
497.00	24.58
497.07	135.17
497.13	-4.10
497.20	-112.64
497.27	34.82
497.33	-45.06
497.40	4.10
497.46	88.06
497.53	83.97
497.60	14.34
497.66	30.72
497.73	133.12
497.79	51.20
497.86	-81.92
497.93	88.06
497.99	28.67
498.06	38.91
498.12	-20.48
498.19	77.82
498.25	53.25
498.32	147.45
498.39	0.00
498.45	59.39
498.52	184.32
498.58	75.77
498.65	26.62
498.72	-43.01
498.78	88.06
498.85	22.53
498.91	137.21
498.98	14.34
499.04	-8.19
499.11	34.82
499.18	79.87
499.24	-122.88
499.31	28.67
499.37	40.96
499.44	71.68
499.50	-86.01
499.57	114.69
499.64	81.92
499.70	-28.67
499.77	-24.58
499.83	96.25
499.90	32.77
499.96	100.35
500.03	83.97
500.09	-30.72
500.16	75.77
500.23	71.68
500.29	20.48
500.36	32.77
500.42	51.20
500.49	-79.87
500.55	24.58
500.62	77.82
500.68	63.49
500.75	-2.05
500.82	120.83
500.88	227.32
500.95	200.70
501.01	452.60
501.08	1279.98
501.14	1902.56
501.21	1912.80
501.27	3119.06
501.34	3313.61
501.41	3532.75
501.47	4468.67
501.54	5259.18
501.60	4206.53
501.67	4392.89
501.73	3160.02
501.80	3291.09
501.86	2834.39
501.93	2648.02
501.99	2613.21
502.06	1519.59
502.12	1026.03
502.19	722.93
502.26	503.80
502.32	178.17
502.39	81.92
502.45	114.69
502.52	71.68
502.58	102.40
502.65	51.20
502.71	71.68
502.78	-16.38
502.84	-20.48
502.91	106.49
502.97	122.88
503.04	61.44
503.10	40.96
503.17	18.43
503.23	-14.34
503.30	-20.48
503.37	-61.44
503.43	63.49
503.50	38.91
503.56	0.00
503.63	57.34
503.69	108.54
503.76	-75.77
503.82	90.11
503.89	-6.14
503.95	0.00
504.02	88.06
504.08	-6.14
504.15	67.58
504.21	51.20
504.28	2.05
504.34	-14.34
504.41	49.15
504.47	34.82
504.54	106.49
504.60	159.74
504.67	55.30
504.73	137.21
504.80	174.08
504.86	59.39
504.93	133.12
504.99	30.72
505.06	30.72
505.12	36.86
505.19	151.55
505.25	6.14
505.32	-53.25
505.38	59.39
505.45	141.31
505.51	38.91
505.58	-43.01
505.64	-20.48
505.71	40.96
505.77	38.91
505.84	-24.58
505.90	-96.25
505.97	-20.48
506.03	20.48
506.10	0.00
506.16	2.05
506.23	-34.82
506.29	51.20
506.36	88.06
506.42	118.78
506.49	36.86
506.55	102.40
506.62	-22.53
506.68	30.72
506.75	96.25
506.81	-32.77
506.87	0.00
506.94	-32.77
507.00	141.31
507.07	55.30
507.13	38.91
507.20	-45.06
507.26	79.87
507.33	145.41
507.39	45.06
507.46	30.72
507.52	-20.48
507.59	20.48
507.65	69.63
507.72	2.05
507.78	47.10
507.85	-47.10
507.91	18.43
507.97	73.73
508.04	-59.39
508.10	22.53
508.17	-96.25
508.23	-24.58
508.30	12.29
508.36	28.67
508.43	-51.20
508.49	-18.43
508.56	28.67
508.62	-38.91
508.69	-8.19
508.75	-10.24
508.81	43.01
508.88	-151.55
508.94	-112.64
509.01	4.10
509.07	77.82
509.14	-22.53
509.20	-129.02
509.27	-2.05
509.33	-38.91
509.39	26.62
509.46	-28.67
509.52	28.67
509.59	71.68
509.65	-6.14
509.72	184.32
509.78	43.01
509.85	69.63
509.91	45.06
509.97	73.73
510.04	73.73
510.10	20.48
510.17	40.96
510.23	88.06
510.30	-30.72
510.36	-14.34
510.42	-2.05
510.49	-106.49
510.55	137.21
510.62	-24.58
510.68	75.77
510.75	118.78
510.81	49.15
510.88	120.83
510.94	96.25
511.00	47.10
511.07	-6.14
511.13	-157.69
511.20	77.82
511.26	149.50
511.32	34.82
511.39	126.97
511.45	51.20
511.52	20.48
511.58	-61.44
511.65	53.25
511.71	102.40
511.77	106.49
511.84	20.48
511.90	-61.44
511.97	79.87
512.03	-16.38
512.09	100.35
512.16	75.77
512.22	28.67
512.29	28.67
512.35	2.05
512.42	47.10
512.48	-20.48
512.54	57.34
512.61	-71.68
512.67	167.93
512.74	61.44
512.80	53.25
512.86	6.14
512.93	55.30
512.99	116.73
513.06	157.69
513.12	-20.48
513.18	-63.49
513.25	40.96
513.31	47.10
513.38	122.88
513.44	-122.88
513.50	57.34
513.57	102.40
513.63	-86.01
513.69	88.06
513.76	157.69
513.82	-12.29
513.89	65.53
513.95	143.36
514.01	131.07
514.08	71.68
514.14	-94.21
514.21	51.20
514.27	-38.91
514.33	26.62
514.40	110.59
514.46	-131.07
514.53	51.20
514.59	116.73
514.65	-24.58
514.72	2.05
514.78	-36.86
514.84	-73.73
514.91	47.10
514.97	59.39
515.04	36.86
515.10	159.74
515.16	-2.05
515.23	92.16
515.29	75.77
515.35	18.43
515.42	-40.96
515.48	55.30
515.54	116.73
515.61	94.21
515.67	83.97
515.74	-8.19
515.80	24.58
515.86	90.11
515.93	-10.24
515.99	-65.53
516.05	22.53
516.12	69.63
516.18	-49.15
516.24	90.11
516.31	53.25
516.37	24.58
516.44	-92.16
516.50	53.25
516.56	-61.44
516.63	12.29
516.69	180.22
516.75	-14.34
516.82	-6.14
516.88	16.38
516.94	100.35
517.01	-40.96
517.07	45.06
517.13	20.48
517.20	26.62
517.26	110.59
517.32	-2.05
517.39	133.12
517.45	45.06
517.52	223.23
517.58	126.97
517.64	45.06
517.71	49.15
517.77	6.14
517.83	124.93
517.90	143.36
517.96	153.60
518.02	86.01
518.09	61.44
518.15	24.58
518.21	104.45
518.28	-110.59
518.34	-53.25
518.40	118.78
518.47	169.98
518.53	-57.34
518.59	143.36
518.66	83.97
518.72	63.49
518.78	14.34
518.85	167.93
518.91	-133.12
518.97	-38.91
519.03	112.64
519.10	34.82
519.16	-59.39
519.22	14.34
519.29	10.24
519.35	32.77
519.41	98.30
519.48	57.34
519.54	40.96
519.60	94.21
519.67	110.59
519.73	18.43
519.79	-36.86
519.86	131.07
519.92	57.34
519.98	-59.39
520.05	75.77
520.11	18.43
520.17	-51.20
520.23	81.92
520.30	20.48
520.36	63.49
520.42	24.58
520.49	206.84
520.55	-24.58
520.61	-77.82
520.68	94.21
520.74	135.17
520.80	90.11
520.87	32.77
520.93	49.15
520.99	92.16
521.05	2.05
521.12	194.56
521.18	57.34
521.24	18.43
521.31	-77.82
521.37	149.50
521.43	16.38
521.49	108.54
521.56	-2.05
521.62	-47.10
521.68	-14.34
521.75	30.72
521.81	-36.86
521.87	-6.14
521.93	18.43
522.00	126.97
522.06	28.67
522.12	26.62
522.19	-124.93
522.25	94.21
522.31	-59.39
522.37	-24.58
522.44	-67.58
522.50	-28.67
522.56	163.84
522.63	112.64
522.69	-55.30
522.75	-12.29
522.81	-2.05
522.88	-67.58
522.94	61.44
523.00	32.77
523.06	-45.06
523.13	-43.01
523.19	61.44
523.25	-24.58
523.32	-6.14
523.38	-2.05
523.44	43.01
523.50	-18.43
523.57	-65.53
523.63	16.38
523.69	-2.05
523.75	-20.48
523.82	32.77
523.88	-161.79
523.94	-61.44
524.00	-38.91
524.07	-8.19
524.13	51.20
524.19	-133.12
524.25	-32.77
524.32	-18.43
524.38	55.30
524.44	104.45
524.50	75.77
524.57	-2.05
524.63	-28.67
524.69	-47.10
524.75	-172.03
524.82	69.63
524.88	-63.49
524.94	-120.83
525.00	-67.58
525.07	-32.77
525.13	75.77
525.19	-4.10
525.25	-14.34
525.32	-18.43
525.38	-65.54
525.44	24.58
525.50	-83.97
525.57	-38.91
525.63	4.10
525.69	-88.06
525.75	-110.59
525.82	26.62
525.88	-112.64
525.94	40.96
526.00	71.68
526.07	-57.34
526.13	40.96
526.19	-28.67
526.25	8.19
526.31	108.54
526.38	-47.10
526.44	-10.24
526.50	-108.54
526.56	0.00
526.63	16.38
526.69	-104.45
526.75	-59.39
526.81	-2.05
526.87	81.92
526.94	-129.02
527.00	-69.63
527.06	8.19
527.12	-116.73
527.19	16.38
527.25	-40.96
527.31	-57.34
527.37	-8.19
527.43	-57.34
527.50	-34.82
527.56	4.10
527.62	45.06
527.68	-63.49
527.75	-24.58
527.81	-4.10
527.87	-106.49
527.93	-10.24
527.99	-16.38
528.06	-83.97
528.12	98.30
528.18	22.53
528.24	-12.29
528.30	-40.96
528.37	10.24
528.43	114.69
528.49	-16.38
528.55	-8.19
528.61	32.77
528.68	45.06
528.74	34.82
528.80	-51.20
528.86	-102.40
528.92	-75.77
528.99	71.68
529.05	43.01
529.11	-83.97
529.17	73.73
529.23	-10.24
529.29	20.48
529.36	-139.26
529.42	40.96
529.48	98.30
529.54	4.10
529.60	139.26
529.67	0.00
529.73	6.14
529.79	-40.96
529.85	-83.97
529.91	-81.92
529.98	-8.19
530.04	4.10
530.10	-30.72
530.16	-90.11
530.22	-63.49
530.28	57.34
530.35	-92.16
530.41	10.24
530.47	0.00
530.53	-122.88
530.59	-8.19
530.65	-69.63
530.72	-32.77
530.78	36.86
530.84	22.53
530.90	-153.60
530.96	-67.58
531.02	-20.48
531.09	4.10
531.15	63.49
531.21	18.43
531.27	-51.20
531.33	24.58
531.39	71.68
531.46	38.91
531.52	57.34
531.58	73.73
531.64	40.96
531.70	63.49
531.76	-86.01
531.83	-151.55
531.89	-32.77
531.95	-26.62
532.01	-18.43
532.07	32.77
532.13	-20.48
532.19	2.05
532.26	-20.48
532.32	-106.49
532.38	-83.97
532.44	24.58
532.50	-133.12
532.56	-73.73
532.63	-55.30
532.69	45.06
532.75	-24.58
532.81	-153.60
532.87	28.67
532.93	-38.91
532.99	-108.54
533.06	40.96
533.12	110.59
533.18	12.29
533.24	-2.05
533.30	-67.58
533.36	4.10
533.42	-14.34
533.48	47.10
533.55	-2.05
533.61	-88.06
533.67	-147.45
533.73	-86.01
533.79	-20.48
533.85	-6.14
533.91	-96.25
533.98	-65.53
534.04	-65.54
534.10	-102.40
534.16	-4.10
534.22	73.73
534.28	77.82
534.34	-47.10
534.40	-71.68
534.47	-69.63
534.53	47.10
534.59	-116.73
534.65	-169.98
534.71	-55.30
534.77	-53.25
534.83	-83.97
534.89	-2.05
534.95	-26.62
535.02	-2.05
535.08	-116.73
535.14	8.19
535.20	-4.10
535.26	-24.58
535.32	16.38
535.38	-57.34
535.44	32.77
535.50	20.48
535.57	-38.91
535.63	-104.45
535.69	114.69
535.75	-114.69
535.81	-161.79
535.87	-102.40
535.93	-12.29
535.99	-36.86
536.05	-71.68
536.11	-4.10
536.18	8.19
536.24	79.87
536.30	-75.77
536.36	73.73
536.42	-77.82
536.48	0.00
536.54	-6.14
536.60	-47.10
536.66	-20.48
536.72	79.87
536.79	-51.20
536.85	2.05
536.91	73.73
536.97	-73.73
537.03	-12.29
537.09	61.44
537.15	-26.62
537.21	-36.86
537.27	-22.53
537.33	-14.34
537.39	-18.43
537.45	-65.54
537.52	-79.87
537.58	-106.49
537.64	-8.19
537.70	-79.87
537.76	34.82
537.82	-4.10
537.88	-2.05
537.94	55.30
538.00	0.00
538.06	-79.87
538.12	-32.77
538.18	20.48
538.24	-32.77
538.31	-16.38
538.37	-26.62
538.43	-49.15
538.49	-88.06
538.55	12.29
538.61	-26.62
538.67	38.91
538.73	2.05
538.79	12.29
538.85	92.16
538.91	-4.10
538.97	16.38
539.03	-38.91
539.09	-22.53
539.15	28.67
539.21	-75.77
539.28	-18.43
539.34	-12.29
539.40	96.25
539.46	-32.77
539.52	-12.29
539.58	-100.35
539.64	22.53
539.70	14.34
539.76	-22.53
539.82	-47.10
539.88	34.82
539.94	-114.69
540.00	-16.38
540.06	-83.97
540.12	112.64
540.18	38.91
540.24	26.62
540.30	4.10
540.36	75.77
540.42	24.58
540.49	20.48
540.55	-40.96
540.61	-10.24
540.67	141.31
540.73	65.53
540.79	202.75
540.85	83.97
540.91	-38.91
540.97	108.54
541.03	-6.14
541.09	210.94
541.15	45.06
541.21	149.50
541.27	116.73
541.33	-40.96
541.39	63.49
541.45	49.15
541.51	110.59
541.57	8.19
541.63	51.20
541.69	53.25
541.75	38.91
541.81	20.48
541.87	86.01
541.93	118.78
541.99	-69.63
542.05	-4.10
542.11	49.15
542.17	71.68
542.23	-24.58
542.29	167.93
542.35	165.89
542.41	106.49
542.47	79.87
542.53	57.34
542.59	321.53
542.65	49.15
542.71	57.34
542.77	157.69
542.83	106.49
542.89	114.69
542.95	6.14
543.01	102.40
543.07	55.30
543.13	118.78
543.19	114.69
543.25	106.49
543.31	133.12
543.37	40.96
543.43	219.13
543.49	75.77
543.55	129.02
543.61	34.82
543.67	116.73
543.73	75.77
543.79	118.78
543.85	124.93
543.91	227.32
543.97	110.59
544.03	57.34
544.09	114.69
544.15	77.82
544.21	102.40
544.27	112.64
544.33	36.86
544.39	-20.48
544.45	159.74
544.51	100.35
544.57	210.94
544.63	65.54
544.69	16.38
544.75	110.59
544.81	65.53
544.87	182.27
544.93	30.72
544.99	190.46
545.05	34.82
545.11	141.31
545.17	40.96
545.23	63.49
545.29	96.25
545.35	-12.29
545.41	30.72
545.47	110.59
545.53	36.86
545.59	126.97
545.65	157.69
545.71	-49.15
545.77	188.41
545.83	75.77
545.89	174.08
545.95	200.70
546.01	184.32
546.07	10.24
546.13	88.06
546.19	186.37
546.25	67.58
546.31	49.15
546.37	90.11
546.42	4.10
546.48	102.40
546.54	10.24
546.60	32.77
546.66	71.68
546.72	71.68
546.78	-4.10
546.84	256.00
546.90	59.39
546.96	122.88
547.02	-22.53
547.08	18.43
547.14	94.21
547.20	2.05
547.26	43.01
547.32	159.74
547.38	100.35
547.44	110.59
547.50	-28.67
547.56	114.69
547.62	10.24
547.67	-36.86
547.73	49.15
547.79	118.78
547.85	61.44
547.91	100.35
547.97	194.56
548.03	0.00
548.09	49.15
548.15	124.93
548.21	186.37
548.27	88.06
548.33	57.34
548.39	14.34
548.45	83.97
548.51	32.77
548.56	40.96
548.62	208.89
548.68	67.58
548.74	174.08
548.80	8.19
548.86	108.54
548.92	-4.10
548.98	139.26
549.04	61.44
549.10	98.30
549.16	77.82
549.22	26.62
549.28	40.96
549.34	118.78
549.39	67.58
549.45	36.86
549.51	18.43
549.57	200.70
549.63	55.30
549.69	65.54
549.75	108.54
549.81	81.92
549.87	88.06
549.93	-38.91
549.99	36.86
550.04	163.84
550.10	-2.05
550.16	147.45
550.22	-65.53
550.28	98.30
550.34	-24.58
550.40	122.88
550.46	120.83
550.52	83.97
550.58	30.72
550.64	120.83
550.69	143.36
550.75	147.45
550.81	94.21
550.87	319.48
550.93	-4.10
550.99	131.07
551.05	-28.67
551.11	223.23
551.17	153.60
551.23	135.17
551.28	-67.58
551.34	-61.44
551.40	8.19
551.46	151.55
551.52	-16.38
551.58	206.84
551.64	100.35
551.70	126.97
551.76	96.25
551.81	55.30
551.87	-8.19
551.93	22.53
551.99	26.62
552.05	45.06
552.11	-53.25
552.17	86.01
552.23	131.07
552.28	210.94
552.34	104.45
552.40	79.87
552.46	157.69
552.52	102.40
552.58	126.97
552.64	133.12
552.70	-18.43
552.75	20.48
552.81	49.15
552.87	-24.58
552.93	124.93
552.99	65.54
553.05	-47.10
553.11	202.75
553.17	223.23
553.22	118.78
553.28	53.25
553.34	55.30
553.40	311.29
553.46	96.25
553.52	-32.77
553.58	106.49
553.63	108.54
553.69	100.35
553.75	94.21
553.81	86.01
553.87	86.01
553.93	18.43
553.99	71.68
554.04	190.46
554.10	92.16
554.16	94.21
554.22	61.44
554.28	120.83
554.34	63.49
554.40	208.89
554.45	-6.14
554.51	16.38
554.57	243.71
554.63	-32.77
554.69	100.35
554.75	28.67
554.80	118.78
554.86	284.67
554.92	-2.05
554.98	247.80
555.04	86.01
555.10	180.22
555.16	116.73
555.21	169.98
555.27	90.11
555.33	69.63
555.39	-16.38
555.45	122.88
555.51	161.79
555.56	-28.67
555.62	110.59
555.68	129.02
555.74	81.92
555.80	6.14
555.86	120.83
555.91	43.01
555.97	147.45
556.03	184.32
556.09	49.15
556.15	147.45
556.20	22.53
556.26	182.27
556.32	36.86
556.38	102.40
556.44	122.88
556.50	92.16
556.55	212.99
556.61	143.36
556.67	163.84
556.73	67.58
556.79	106.49
556.84	-2.05
556.90	94.21
556.96	176.13
557.02	106.49
557.08	51.20
557.14	55.30
557.19	137.21
557.25	53.25
557.31	157.69
557.37	67.58
557.43	229.37
557.48	151.55
557.54	116.73
557.60	83.97
557.66	143.36
557.72	120.83
557.77	143.36
557.83	102.40
557.89	61.44
557.95	92.16
558.01	145.41
558.06	26.62
558.12	165.89
558.18	63.49
558.24	75.77
558.30	73.73
558.35	69.63
558.41	51.20
558.47	241.66
558.53	112.64
558.59	112.64
558.64	14.34
558.70	223.23
558.76	221.18
558.82	110.59
558.88	90.11
558.93	118.78
558.99	55.30
559.05	67.58
559.11	24.58
559.16	102.40
559.22	114.69
559.28	116.73
559.34	67.58
559.40	239.61
559.45	-32.77
559.51	139.26
559.57	65.54
559.63	61.44
559.68	147.45
559.74	133.12
559.80	196.61
559.86	47.10
559.92	106.49
559.97	-36.86
560.03	38.91
560.09	90.11
560.15	100.35
560.20	172.03
560.26	194.56
560.32	124.93
560.38	172.03
560.43	32.77
560.49	-36.86
560.55	155.65
560.61	65.53
560.66	159.74
560.72	98.30
560.78	129.02
560.84	53.25
560.90	-24.58
560.95	180.22
561.01	188.41
561.07	178.17
561.13	71.68
561.18	10.24
561.24	284.67
561.30	51.20
561.36	124.93
561.41	55.30
561.47	4.10
561.53	40.96
561.59	182.27
561.64	143.36
561.70	272.38
561.76	61.44
561.82	163.84
561.87	116.73
561.93	204.80
561.99	129.02
562.05	65.53
562.10	75.77
562.16	73.73
562.22	126.97
562.27	110.59
562.33	67.58
562.39	75.77
562.45	196.61
562.50	61.44
562.56	106.49
562.62	167.93
562.68	155.65
562.73	186.37
562.79	94.21
562.85	43.01
562.91	112.64
562.96	161.79
563.02	61.44
563.08	165.89
563.13	122.88
563.19	137.21
563.25	-36.86
563.31	268.28
563.36	149.50
563.42	159.74
563.48	159.74
563.53	40.96
563.59	-4.10
563.65	161.79
563.71	159.74
563.76	43.01
563.82	182.27
563.88	36.86
563.94	36.86
563.99	18.43
564.05	77.82
564.11	208.89
564.16	96.25
564.22	16.38
564.28	110.59
564.33	47.10
564.39	102.40
564.45	8.19
564.51	108.54
564.56	231.42
564.62	110.59
564.68	333.82
564.73	133.12
564.79	106.49
564.85	167.93
564.91	20.48
564.96	34.82
565.02	51.20
565.08	217.08
565.13	38.91
565.19	102.40
565.25	100.35
565.30	59.39
565.36	126.97
565.42	51.20
565.47	139.26
565.53	178.17
565.59	100.35
565.65	-28.67
565.70	88.06
565.76	73.73
565.82	92.16
565.87	120.83
565.93	114.69
565.99	6.14
566.04	14.34
566.10	40.96
566.16	124.93
566.21	86.01
566.27	69.63
566.33	59.39
566.38	194.56
566.44	90.11
566.50	212.99
566.55	151.55
566.61	122.88
566.67	118.78
566.73	124.93
566.78	55.30
566.84	129.02
566.90	206.84
566.95	77.82
567.01	55.30
567.07	153.60
567.12	73.73
567.18	69.63
567.24	-55.30
567.29	116.73
567.35	49.15
567.41	114.69
567.46	75.77
567.52	112.64
567.58	165.89
567.63	200.70
567.69	122.88
567.75	147.45
567.80	110.59
567.86	77.82
567.91	188.41
567.97	233.47
568.03	30.72
568.08	149.50
568.14	221.18
568.20	204.80
568.25	-8.19
568.31	190.46
568.37	163.84
568.42	28.67
568.48	102.40
568.54	-32.77
568.59	174.08
568.65	49.15
568.71	61.44
568.76	290.81
568.82	30.72
568.88	55.30
568.93	22.53
568.99	69.63
569.04	-98.30
569.10	178.17
569.16	194.56
569.21	98.30
569.27	110.59
569.33	110.59
569.38	112.64
569.44	12.29
569.50	83.97
569.55	-71.68
569.61	174.08
569.66	77.82
569.72	75.77
569.78	122.88
569.83	-47.10
569.89	69.63
569.95	210.94
570.00	122.88
570.06	38.91
570.11	43.01
570.17	90.11
570.23	190.46
570.28	133.12
570.34	135.17
570.40	116.73
570.45	-38.91
570.51	141.31
570.56	34.82
570.62	92.16
570.68	276.48
570.73	77.82
570.79	86.01
570.85	96.25
570.90	276.48
570.96	137.21
571.01	79.87
571.07	167.93
571.13	-10.24
571.18	178.17
571.24	172.03
571.29	165.89
571.35	40.96
571.41	182.27
571.46	28.67
571.52	73.73
571.57	176.13
571.63	-8.19
571.69	180.22
571.74	100.35
571.80	61.44
571.85	69.63
571.91	206.84
571.97	57.34
572.02	104.45
572.08	26.62
572.13	153.60
572.19	90.11
572.25	75.77
572.30	61.44
572.36	77.82
572.41	198.65
572.47	282.62
572.53	92.16
572.58	165.89
572.64	161.79
572.69	120.83
572.75	114.69
572.80	122.88
572.86	108.54
572.92	188.41
572.97	133.12
573.03	198.65
573.08	100.35
573.14	221.18
573.20	147.45
573.25	110.59
573.31	6.14
573.36	94.21
573.42	-43.01
573.47	221.18
573.53	129.02
573.59	61.44
573.64	159.74
573.70	77.82
573.75	120.83
573.81	126.97
573.86	45.06
573.92	147.45
573.98	253.95
574.03	155.65
574.09	135.17
574.14	118.78
574.20	292.86
574.25	40.96
574.31	266.24
574.37	139.26
574.42	167.93
574.48	180.22
574.53	18.43
574.59	6.14
574.64	49.15
574.70	100.35
574.75	65.53
574.81	88.06
574.87	36.86
574.92	75.77
574.98	208.89
575.03	202.75
575.09	98.30
575.14	124.93
575.20	67.58
575.25	131.07
575.31	61.44
575.37	81.92
575.42	178.17
575.48	59.39
575.53	126.97
575.59	210.94
575.64	94.21
575.70	167.93
575.75	129.02
575.81	118.78
575.86	258.04
575.92	69.63
575.98	194.56
576.03	108.54
576.09	-36.86
576.14	135.17
576.20	133.12
576.25	163.84
576.31	65.53
576.36	83.97
576.42	151.55
576.47	157.69
576.53	12.29
576.58	163.84
576.64	143.36
576.69	83.97
576.75	40.96
576.81	133.12
576.86	69.63
576.92	165.89
576.97	59.39
577.03	-38.91
577.08	73.73
577.14	151.55
577.19	88.06
577.25	92.16
577.30	47.10
577.36	155.65
577.41	43.01
577.47	100.35
577.52	151.55
577.58	6.14
577.63	186.37
577.69	200.70
577.74	6.14
577.80	124.93
577.85	268.28
577.91	157.69
577.96	196.60
578.02	159.74
578.07	155.65
578.13	192.51
578.18	2.05
578.24	147.45
578.29	163.84
578.35	63.49
578.40	206.84
578.46	186.37
578.51	225.28
578.57	210.94
578.62	112.64
578.68	83.97
578.73	118.78
578.79	20.48
578.84	172.03
578.90	241.66
578.95	57.34
579.01	157.69
579.06	73.73
579.12	102.40
579.17	151.55
579.23	139.26
579.28	51.20
579.34	100.35
579.39	198.65
579.45	153.60
579.50	163.84
579.56	149.50
579.61	139.26
579.67	2.05
579.72	124.93
579.78	139.26
579.83	149.50
579.89	73.73
579.94	12.29
580.00	22.53
580.05	63.49
580.11	215.04
580.16	10.24
580.22	135.17
580.27	116.73
580.32	165.89
580.38	174.08
580.43	192.51
580.49	104.45
580.54	174.08
580.60	145.41
580.65	149.50
580.71	110.59
580.76	249.85
580.82	92.16
580.87	106.49
580.93	196.61
580.98	180.22
581.04	71.68
581.09	172.03
581.14	256.00
581.20	165.89
581.25	63.49
581.31	67.58
581.36	182.27
581.42	200.70
581.47	98.30
581.53	141.31
581.58	176.13
581.64	182.27
581.69	71.68
581.75	178.17
581.80	24.58
581.85	221.18
581.91	169.98
581.96	145.41
582.02	139.26
582.07	110.59
582.13	151.55
582.18	233.47
582.24	-67.58
582.29	116.73
582.34	153.60
582.40	10.24
582.45	176.13
582.51	184.32
582.56	200.70
582.62	110.59
582.67	256.00
582.73	260.09
582.78	192.51
582.83	231.42
582.89	155.65
582.94	153.60
583.00	151.55
583.05	260.09
583.11	110.59
583.16	180.22
583.21	301.05
583.27	30.72
583.32	83.97
583.38	264.19
583.43	172.03
583.49	272.38
583.54	126.97
583.59	270.33
583.65	200.70
583.70	239.61
583.76	210.94
583.81	161.79
583.87	278.52
583.92	71.68
583.97	247.80
584.03	172.03
584.08	215.04
584.14	235.52
584.19	198.65
584.24	184.32
584.30	235.52
584.35	114.69
584.41	235.52
584.46	307.20
584.52	106.49
584.57	327.68
584.62	286.72
584.68	198.65
584.73	229.37
584.79	270.33
584.84	141.31
584.89	342.01
584.95	239.61
585.00	98.30
585.06	339.96
585.11	229.37
585.16	249.85
585.22	129.02
585.27	163.84
585.33	176.13
585.38	108.54
585.43	131.07
585.49	172.03
585.54	200.70
585.60	192.51
585.65	290.81
585.70	233.47
585.76	141.31
585.81	176.13
585.87	223.23
585.92	352.25
585.97	225.28
586.03	299.00
586.08	139.26
586.13	200.70
586.19	481.27
586.24	399.35
586.30	313.34
586.35	413.69
586.40	393.21
586.46	356.35
586.51	542.71
586.57	575.48
586.62	518.14
586.67	473.08
586.73	276.48
586.78	544.76
586.83	585.72
586.89	630.77
586.94	559.10
587.00	540.66
587.05	591.86
587.10	421.88
587.16	765.94
587.21	999.41
587.26	1253.36
587.32	2785.24
587.37	10356.58
587.42	34592.24
587.48	63104.06
587.53	62909.50
587.59	62121.04
587.64	62149.71
587.69	63061.05
587.75	63099.97
587.80	62266.44
587.85	62321.74
587.91	63116.35
587.96	63132.73
588.01	61721.68
588.07	62477.38
588.12	63276.09
588.17	63114.30
588.23	62866.50
588.28	62149.71
588.34	62921.79
588.39	63290.43
588.44	62137.42
588.50	62522.44
588.55	62905.41
588.60	48157.99
588.66	8810.36
588.71	647.16
588.76	610.29
588.82	571.38
588.87	585.72
588.92	456.70
588.98	532.47
589.03	368.63
589.08	387.07
589.14	327.68
589.19	227.32
589.24	227.32
589.30	405.50
589.35	253.95
589.40	172.03
589.46	194.56
589.51	153.60
589.56	77.82
589.62	268.28
589.67	88.06
589.72	147.45
589.78	288.76
589.83	278.52
589.88	208.89
589.94	120.83
589.99	106.49
590.04	231.42
590.10	108.54
590.15	155.65
590.20	206.84
590.26	299.00
590.31	284.67
590.36	145.41
590.42	161.79
590.47	196.61
590.52	135.17
590.58	227.32
590.63	135.17
590.68	137.21
590.74	96.25
590.79	247.80
590.84	63.49
590.89	194.56
590.95	188.41
591.00	92.16
591.05	272.38
591.11	131.07
591.16	96.25
591.21	153.60
591.27	221.18
591.32	88.06
591.37	284.67
591.43	124.93
591.48	368.63
591.53	135.17
591.58	235.52
591.64	153.60
591.69	81.92
591.74	-12.29
591.80	114.69
591.85	256.00
591.90	67.58
591.96	112.64
592.01	98.30
592.06	131.07
592.11	151.55
592.17	212.99
592.22	215.04
592.27	90.11
592.33	92.16
592.38	141.31
592.43	184.32
592.48	243.71
592.54	122.88
592.59	161.79
592.64	186.37
592.70	192.51
592.75	129.02
592.80	198.65
592.85	182.27
592.91	178.17
592.96	200.70
593.01	245.76
593.07	106.49
593.12	120.83
593.17	233.47
593.22	206.84
593.28	178.17
593.33	133.12
593.38	77.82
593.44	266.24
593.49	149.50
593.54	217.08
593.59	204.80
593.65	235.52
593.70	292.86
593.75	147.45
593.80	118.78
593.86	108.54
593.91	104.45
593.96	288.76
594.01	151.55
594.07	122.88
594.12	212.99
594.17	186.37
594.23	83.97
594.28	266.24
594.33	106.49
594.38	112.64
594.44	219.13
594.49	219.13
594.54	139.26
594.59	106.49
594.65	124.93
594.70	159.74
594.75	253.95
594.80	167.93
594.86	235.52
594.91	126.97
594.96	253.95
595.01	303.10
595.07	38.91
595.12	43.01
595.17	303.10
595.22	163.84
595.28	49.15
595.33	122.88
595.38	190.46
595.43	34.82
595.49	233.47
595.54	147.45
595.59	110.59
595.64	272.38
595.69	38.91
595.75	272.38
595.80	184.32
595.85	190.46
595.90	163.84
595.96	100.35
596.01	251.90
596.06	292.86
596.11	190.46
596.17	225.28
596.22	262.14
596.27	215.04
596.32	126.97
596.38	112.64
596.43	208.89
596.48	145.41
596.53	272.38
596.58	280.57
596.64	110.59
596.69	210.94
596.74	337.91
596.79	184.32
596.85	225.28
596.90	24.58
596.95	305.15
597.00	188.41
597.05	339.96
597.11	241.66
597.16	112.64
597.21	129.02
597.26	194.56
597.31	196.60
597.37	112.64
597.42	79.87
597.47	186.37
597.52	104.45
597.57	100.35
597.63	231.42
597.68	202.75
597.73	96.25
597.78	36.86
597.84	28.67
597.89	126.97
597.94	208.89
597.99	149.50
598.04	139.26
598.10	321.53
598.15	141.31
598.20	118.78
598.25	309.24
598.30	98.30
598.36	69.63
598.41	55.30
598.46	90.11
598.51	98.30
598.56	26.62
598.61	83.97
598.67	229.37
598.72	256.00
598.77	182.27
598.82	194.56
598.87	247.80
598.93	256.00
598.98	215.04
599.03	112.64
599.08	188.41
599.13	280.57
599.19	229.37
599.24	90.11
599.29	256.00
599.34	90.11
599.39	237.56
599.44	135.17
599.50	182.27
599.55	147.45
599.60	264.19
599.65	61.44
599.70	212.99
599.75	303.10
599.81	229.37
599.86	264.19
599.91	210.94
599.96	231.42
600.01	149.50
600.07	165.89
600.12	149.50
600.17	309.24
600.22	79.87
600.27	143.36
600.32	198.65
600.38	34.82
600.43	212.99
600.48	241.66
600.53	233.47
600.58	157.69
600.63	133.12
600.68	0.00
600.74	116.73
600.79	423.93
600.84	110.59
600.89	184.32
600.94	131.07
600.99	266.24
601.05	301.05
601.10	188.41
601.15	290.81
601.20	77.82
601.25	165.89
601.30	241.66
601.35	180.22
601.41	333.82
601.46	112.64
601.51	182.27
601.56	395.26
601.61	194.56
601.66	188.41
601.71	186.37
601.77	266.24
601.82	81.92
601.87	32.77
601.92	184.32
601.97	112.64
602.02	178.17
602.07	106.49
602.13	141.31
602.18	206.84
602.23	116.73
602.28	-38.91
602.33	182.27
602.38	262.14
602.43	104.45
602.48	116.73
602.54	192.51
602.59	178.17
602.64	174.08
602.69	221.18
602.74	204.80
602.79	239.61
602.84	143.36
602.89	260.09
602.95	182.27
603.00	253.95
603.05	167.93
603.10	167.93
603.15	155.65
603.20	204.80
603.25	331.77
603.30	196.61
603.36	163.84
603.41	206.84
603.46	88.06
603.51	100.35
603.56	110.59
603.61	196.61
603.66	67.58
603.71	94.21
603.76	219.13
603.82	198.65
603.87	98.30
603.92	251.90
603.97	36.86
604.02	59.39
604.07	227.32
604.12	165.89
604.17	147.45
604.22	129.02
604.28	270.33
604.33	264.19
604.38	96.25
604.43	305.15
604.48	14.34
604.53	180.22
604.58	114.69
604.63	225.28
604.68	161.79
604.73	317.44
604.78	104.45
604.84	139.26
604.89	133.12
604.94	237.56
604.99	98.30
605.04	135.17
605.09	327.68
605.14	382.97
605.19	28.67
605.24	219.13
605.29	116.73
605.34	131.07
605.40	77.82
605.45	167.93
605.50	249.85
605.55	311.29
605.60	172.03
605.65	149.50
605.70	221.18
605.75	256.00
605.80	174.08
605.85	131.07
605.90	145.41
605.95	178.17
606.00	163.84
606.06	196.61
606.11	129.02
606.16	81.92
606.21	186.37
606.26	98.30
606.31	247.80
606.36	243.71
606.41	215.04
606.46	188.41
606.51	159.74
606.56	260.09
606.61	40.96
606.66	90.11
606.71	96.25
606.76	126.97
606.81	192.51
606.87	262.14
606.92	237.56
606.97	217.08
607.02	124.93
607.07	71.68
607.12	116.73
607.17	151.55
607.22	215.04
607.27	200.70
607.32	272.38
607.37	165.89
607.42	303.10
607.47	151.55
607.52	141.31
607.57	194.56
607.62	96.25
607.67	204.80
607.72	342.01
607.77	247.80
607.83	227.32
607.88	186.37
607.93	151.55
607.98	176.13
608.03	184.32
608.08	120.83
608.13	313.34
608.18	212.99
608.23	151.55
608.28	272.38
608.33	301.05
608.38	30.72
608.43	147.45
608.48	196.61
608.53	176.13
608.58	141.31
608.63	100.35
608.68	169.98
608.73	223.23
608.78	92.16
608.83	268.28
608.88	313.34
608.93	51.20
608.98	186.37
609.03	202.75
609.08	247.80
609.13	108.54
609.18	172.03
609.23	356.35
609.28	301.05
609.33	157.69
609.38	231.42
609.43	190.46
609.48	53.25
609.53	167.93
609.58	186.37
609.63	184.32
609.69	69.63
609.74	194.56
609.79	245.76
609.84	188.41
609.89	147.45
609.94	153.60
609.99	249.85
610.04	135.17
610.09	241.66
610.14	104.45
610.19	71.68
610.24	169.98
610.29	169.98
610.34	131.07
610.39	200.70
610.44	217.08
610.49	243.71
610.54	106.49
610.59	219.13
610.64	272.38
610.69	126.97
610.74	223.23
610.79	208.89
610.84	294.91
610.89	231.42
610.94	266.24
610.99	221.18
611.04	176.13
611.09	161.79
611.14	79.87
611.18	190.46
611.23	227.32
611.28	151.55
611.33	157.69
611.38	198.65
611.43	151.55
611.48	296.96
611.53	198.65
611.58	309.24
611.63	268.28
611.68	159.74
611.73	266.24
611.78	182.27
611.83	137.21
611.88	174.08
611.93	227.32
611.98	221.18
612.03	71.68
612.08	227.32
612.13	231.42
612.18	184.32
612.23	231.42
612.28	284.67
612.33	161.79
612.38	147.45
612.43	305.15
612.48	215.04
612.53	251.90
612.58	192.51
612.63	196.61
612.68	161.79
612.73	210.94
612.78	124.93
612.83	131.07
612.88	290.81
612.93	370.68
612.97	192.51
613.02	200.70
613.07	264.19
613.12	290.81
613.17	172.03
613.22	104.45
613.27	167.93
613.32	245.76
613.37	59.39
613.42	204.80
613.47	157.69
613.52	165.89
613.57	200.70
613.62	325.63
613.67	102.40
613.72	217.08
613.77	241.66
613.82	108.54
613.87	235.52
613.92	182.27
613.96	245.76
614.01	202.75
614.06	221.18
614.11	280.57
614.16	194.56
614.21	190.46
614.26	245.76
614.31	198.65
614.36	225.28
614.41	88.06
614.46	315.39
614.51	260.09
614.56	210.94
614.61	81.92
614.66	126.97
614.70	282.62
614.75	92.16
614.80	135.17
614.85	108.54
614.90	86.01
614.95	231.42
615.00	212.99
615.05	206.84
615.10	167.93
615.15	163.84
615.20	131.07
615.25	165.89
615.30	161.79
615.34	305.15
615.39	57.34
615.44	352.25
615.49	153.60
615.54	145.41
615.59	153.60
615.64	86.01
615.69	163.84
615.74	180.22
615.79	221.18
615.84	151.55
615.89	96.25
615.93	221.18
615.98	247.80
616.03	327.67
616.08	131.07
616.13	233.47
616.18	239.61
616.23	264.19
616.28	157.69
616.33	157.69
616.38	186.37
616.42	235.52
616.47	202.75
616.52	161.79
616.57	280.57
616.62	249.85
616.67	282.62
616.72	198.65
616.77	98.30
616.82	184.32
616.87	301.05
616.91	270.33
616.96	333.82
617.01	204.80
617.06	182.27
617.11	167.93
617.16	182.27
617.21	239.61
617.26	292.86
617.31	296.96
617.35	-34.82
617.40	133.12
617.45	210.94
617.50	172.03
617.55	387.07
617.60	231.42
617.65	237.56
617.70	163.84
617.74	86.01
617.79	149.50
617.84	159.74
617.89	169.98
617.94	176.13
617.99	172.03
618.04	290.81
618.09	129.02
618.13	135.17
618.18	227.32
618.23	131.07
618.28	110.59
618.33	116.73
618.38	266.24
618.43	208.89
618.48	233.47
618.52	129.02
618.57	268.28
618.62	280.57
618.67	296.96
618.72	194.56
618.77	192.51
618.82	90.11
618.86	321.53
618.91	333.82
618.96	323.58
619.01	337.91
619.06	219.13
619.11	210.94
619.16	182.27
619.20	61.44
619.25	215.04
619.30	276.48
619.35	114.69
619.40	112.64
619.45	243.71
619.49	253.95
619.54	225.28
619.59	276.48
619.64	178.17
619.69	215.04
619.74	256.00
619.79	147.45
619.83	126.97
619.88	155.65
619.93	182.27
619.98	294.91
620.03	262.14
620.08	188.41
620.12	206.84
620.17	239.61
620.22	268.28
620.27	247.80
620.32	118.78
620.37	151.55
620.41	206.84
620.46	141.31
620.51	116.73
620.56	206.84
620.61	296.96
620.66	323.58
620.70	342.01
620.75	264.19
620.80	69.63
620.85	155.65
620.90	243.71
620.95	229.37
620.99	153.60
621.04	141.31
621.09	178.17
621.14	184.32
621.19	157.69
621.23	327.68
621.28	157.69
621.33	53.25
621.38	360.44
621.43	124.93
621.48	344.06
621.52	120.83
621.57	256.00
621.62	296.96
621.67	331.77
621.72	221.18
621.76	51.20
621.81	397.31
621.86	155.65
621.91	274.43
621.96	184.32
622.00	104.45
622.05	245.76
622.10	202.75
622.15	217.08
622.20	292.86
622.24	303.10
622.29	249.85
622.34	354.30
622.39	245.76
622.44	264.19
622.48	172.03
622.53	198.65
622.58	161.79
622.63	247.80
622.68	286.72
622.72	163.84
622.77	348.15
622.82	231.42
622.87	100.35
622.92	264.19
622.96	137.21
623.01	110.59
623.06	212.99
623.11	303.10
623.15	120.83
623.20	215.04
623.25	231.42
623.30	88.06
623.35	172.03
623.39	124.93
623.44	221.18
623.49	333.82
623.54	116.73
623.58	141.31
623.63	45.06
623.68	174.08
623.73	196.61
623.78	378.87
623.82	182.27
623.87	221.18
623.92	342.01
623.97	223.23
624.01	223.23
624.06	245.76
624.11	38.91
624.16	215.04
624.21	-71.68
624.25	118.78
624.30	106.49
624.35	276.48
624.40	311.29
624.44	260.09
624.49	184.32
624.54	194.56
624.59	186.37
624.63	221.18
624.68	258.04
624.73	331.77
624.78	331.77
624.82	258.04
624.87	204.80
624.92	266.24
624.97	151.55
625.01	190.46
625.06	303.10
625.11	268.28
625.16	243.71
625.20	143.36
625.25	182.27
625.30	253.95
625.35	161.79
625.39	284.67
625.44	169.98
625.49	247.80
625.54	348.15
625.58	202.75
625.63	180.22
625.68	96.25
625.73	118.78
625.77	172.03
625.82	202.75
625.87	208.89
625.92	65.54
625.96	237.56
626.01	272.38
626.06	180.22
626.10	258.04
626.15	161.79
626.20	264.19
626.25	313.34
626.29	110.59
626.34	196.61
626.39	124.93
626.44	329.72
626.48	206.84
626.53	210.94
626.58	151.55
626.62	389.11
626.67	133.12
626.72	276.48
626.77	251.90
626.81	131.07
626.86	227.32
626.91	237.56
626.96	98.30
627.00	366.59
627.05	165.89
627.10	126.97
627.14	145.41
627.19	129.02
627.24	112.64
627.29	126.97
627.33	223.23
627.38	227.32
627.43	307.20
627.47	98.30
627.52	235.52
627.57	192.51
627.62	145.41
627.66	157.69
627.71	157.69
627.76	346.11
627.80	323.58
627.85	200.70
627.90	192.51
627.94	212.99
627.99	143.36
628.04	192.51
628.09	200.70
628.13	237.56
628.18	262.14
628.23	296.96
628.27	94.21
628.32	147.45
628.37	131.07
628.41	131.07
628.46	354.30
628.51	309.24
628.55	202.75
628.60	139.26
628.65	163.84
628.70	147.45
628.74	167.93
628.79	176.13
628.84	219.13
628.88	202.75
628.93	129.02
628.98	174.08
629.02	12.29
629.07	145.41
629.12	245.76
629.16	206.84
629.21	112.64
629.26	264.19
629.30	378.87
629.35	208.89
629.40	210.94
629.44	313.34
629.49	217.08
629.54	212.99
629.58	59.39
629.63	198.65
629.68	194.56
629.72	253.95
629.77	176.13
629.82	231.42
629.86	190.46
629.91	303.10
629.96	188.41
630.00	204.80
630.05	206.84
630.10	161.79
630.14	292.86
630.19	290.81
630.24	280.57
630.28	247.80
630.33	217.08
630.38	51.20
630.42	94.21
630.47	143.36
630.52	282.62
630.56	233.47
630.61	270.33
630.66	268.28
630.70	225.28
630.75	387.07
630.80	65.54
630.84	262.14
630.89	264.19
630.94	172.03
630.98	227.32
631.03	139.26
631.07	264.19
631.12	315.39
631.17	141.31
631.21	106.49
631.26	309.24
631.31	270.33
631.35	137.21
631.40	217.08
631.45	256.00
631.49	204.80
631.54	212.99
631.59	221.18
631.63	233.47
631.68	256.00
631.72	239.61
631.77	90.11
631.82	169.98
631.86	122.88
631.91	268.28
631.96	303.10
632.00	194.56
632.05	331.77
632.09	241.66
632.14	280.57
632.19	280.57
632.23	163.84
632.28	290.81
632.33	337.91
632.37	182.27
632.42	188.41
632.46	198.65
632.51	296.96
632.56	241.66
632.60	288.76
632.65	200.70
632.70	294.91
632.74	260.09
632.79	325.63
632.83	71.68
632.88	104.45
632.93	180.22
632.97	204.80
633.02	202.75
633.06	139.26
633.11	204.80
633.16	190.46
633.20	305.15
633.25	116.73
633.29	126.97
633.34	239.61
633.39	153.60
633.43	305.15
633.48	217.08
633.52	329.72
633.57	268.28
633.62	290.81
633.66	176.13
633.71	178.17
633.75	124.93
633.80	208.89
633.85	262.14
633.89	178.17
633.94	112.64
633.98	237.56
634.03	301.05
634.08	176.13
634.12	219.13
634.17	167.93
634.21	137.21
634.26	221.18
634.31	161.79
634.35	241.66
634.40	278.52
634.44	358.39
634.49	325.63
634.54	157.69
634.58	231.42
634.63	284.67
634.67	151.55
634.72	210.94
634.76	98.30
634.81	210.94
634.86	251.90
634.90	129.02
634.95	272.38
634.99	145.41
635.04	116.73
635.08	350.20
635.13	124.93
635.18	151.55
635.22	196.61
635.27	200.70
635.31	108.54
635.36	83.97
635.40	235.52
635.45	323.58
635.50	221.18
635.54	165.89
635.59	219.13
635.63	260.09
635.68	194.56
635.72	200.70
635.77	256.00
635.81	262.14
635.86	122.88
635.91	245.76
635.95	145.41
636.00	362.49
636.04	382.97
636.09	346.11
636.13	299.00
636.18	284.67
636.22	108.54
636.27	247.80
636.32	176.13
636.36	262.14
636.41	112.64
636.45	192.51
636.50	294.91
636.54	88.06
636.59	77.82
636.63	337.91
636.68	258.04
636.73	305.15
636.77	339.96
636.82	376.83
636.86	270.33
636.91	32.77
636.95	200.70
637.00	278.52
637.04	141.31
637.09	124.93
637.13	290.81
637.18	274.43
637.22	346.11
637.27	200.70
637.31	83.97
637.36	258.04
637.41	321.53
637.45	237.56
637.50	167.93
637.54	165.89
637.59	143.36
637.63	169.98
637.68	217.08
637.72	182.27
637.77	178.17
637.81	307.20
637.86	122.88
637.90	294.91
637.95	157.69
637.99	200.70
638.04	137.21
638.08	229.37
638.13	176.13
638.17	239.61
638.22	301.05
638.26	229.37
638.31	137.21
638.35	106.49
638.40	161.79
638.45	286.72
638.49	260.09
638.54	288.76
638.58	321.53
638.63	190.46
638.67	110.59
638.72	256.00
638.76	182.27
638.81	194.56
638.85	106.49
638.90	26.62
638.94	182.27
638.99	258.04
639.03	40.96
639.08	206.84
639.12	190.46
639.17	34.82
639.21	53.25
639.26	221.18
639.30	253.95
639.35	139.26
639.39	311.29
639.44	215.04
639.48	380.92
639.53	155.65
639.57	231.42
639.62	141.31
639.66	172.03
639.70	290.81
639.75	182.27
639.79	155.65
639.84	200.70
639.88	309.24
639.93	194.56
639.97	202.75
640.02	270.33
640.06	292.86
640.11	12.29
640.15	225.28
640.20	184.32
640.24	202.75
640.29	227.32
640.33	266.24
640.38	217.08
640.42	258.04
640.47	200.70
640.51	266.24
640.56	296.96
640.60	315.39
640.65	280.57
640.69	137.21
640.73	122.88
640.78	182.27
640.82	200.70
640.87	186.37
640.91	268.28
640.96	274.43
641.00	118.78
641.05	186.37
641.09	227.32
641.14	165.89
641.18	327.67
641.23	325.63
641.27	174.08
641.32	221.18
641.36	61.44
641.40	139.26
641.45	55.30
641.49	284.67
641.54	145.41
641.58	245.76
641.63	104.45
641.67	1048.56
641.72	167.93
641.76	329.72
641.80	231.42
641.85	364.54
641.89	131.07
641.94	122.88
641.98	94.21
642.03	186.37
642.07	274.43
642.12	174.08
642.16	153.60
642.20	346.11
642.25	143.36
642.29	176.13
642.34	153.60
642.38	253.95
642.43	153.60
642.47	256.00
642.52	317.44
642.56	333.82
642.60	63.49
642.65	280.57
642.69	245.76
642.74	157.69
642.78	219.13
642.83	313.34
642.87	315.39
642.91	294.91
642.96	354.30
643.00	73.73
643.05	253.95
643.09	321.53
643.14	233.47
643.18	274.43
643.22	157.69
643.27	223.23
643.31	221.18
643.36	217.08
643.40	202.75
643.45	161.79
643.49	282.62
643.53	247.80
643.58	284.67
643.62	215.04
643.67	290.81
643.71	200.70
643.75	303.10
643.80	217.08
643.84	180.22
643.89	206.84
643.93	239.61
643.97	333.82
644.02	260.09
644.06	194.56
644.11	208.89
644.15	237.56
644.19	206.84
644.24	192.51
644.28	260.09
644.33	161.79
644.37	262.14
644.42	352.25
644.46	178.17
644.50	174.08
644.55	301.05
644.59	270.33
644.63	79.87
644.68	206.84
644.72	354.30
644.77	180.22
644.81	299.00
644.85	145.41
644.90	282.62
644.94	315.39
644.99	342.01
645.03	382.97
645.07	200.70
645.12	225.28
645.16	159.74
645.21	325.63
645.25	186.37
645.29	219.13
645.34	319.48
645.38	196.61
645.42	303.10
645.47	245.76
645.51	139.26
645.56	106.49
645.60	122.88
645.64	206.84
645.69	161.79
645.73	346.11
645.77	180.22
645.82	225.28
645.86	233.47
645.91	305.15
645.95	167.93
645.99	272.38
646.04	196.61
646.08	188.41
646.12	159.74
646.17	309.24
646.21	294.91
646.26	290.81
646.30	83.97
646.34	319.48
646.39	239.61
646.43	194.56
646.47	200.70
646.52	145.41
646.56	372.73
646.60	180.22
646.65	225.28
646.69	311.29
646.73	163.84
646.78	172.03
646.82	245.76
646.87	243.71
646.91	258.04
646.95	344.06
647.00	235.52
647.04	235.52
647.08	190.46
647.13	212.99
647.17	131.07
647.21	256.00
647.26	217.08
647.30	270.33
647.34	264.19
647.39	165.89
647.43	196.61
647.47	147.45
647.52	186.37
647.56	159.74
647.60	382.97
647.65	249.85
647.69	178.17
647.73	260.09
647.78	346.11
647.82	217.08
647.86	311.29
647.91	276.48
647.95	192.51
647.99	264.19
648.04	260.09
648.08	331.77
648.12	217.08
648.17	321.53
648.21	169.98
648.25	292.86
648.30	284.67
648.34	71.68
648.38	157.69
648.43	235.52
648.47	194.56
648.51	288.76
648.56	112.64
648.60	229.37
648.64	278.52
648.69	268.28
648.73	231.42
648.77	96.25
648.82	212.99
648.86	100.35
648.90	159.74
648.95	317.44
648.99	204.80
649.03	274.43
649.07	219.13
649.12	165.89
649.16	286.72
649.20	206.84
649.25	184.32
649.29	180.22
649.33	264.19
649.38	139.26
649.42	206.84
649.46	122.88
649.51	208.89
649.55	169.98
649.59	352.25
649.63	225.28
649.68	112.64
649.72	135.17
649.76	94.21
649.81	122.88
649.85	360.44
649.89	229.37
649.93	196.61
649.98	262.14
650.02	202.75
650.06	317.44
650.11	251.90
650.15	194.56
650.19	348.15
650.24	423.93
650.28	278.52
650.32	182.27
650.36	79.87
650.41	210.94
650.45	186.37
650.49	245.76
650.54	284.67
650.58	157.69
650.62	145.41
650.66	239.61
650.71	307.20
650.75	47.10
650.79	122.88
650.83	210.94
650.88	126.97
650.92	182.27
650.96	180.22
651.01	284.67
651.05	380.92
651.09	133.12
651.13	270.33
651.18	270.33
651.22	221.18
651.26	282.62
651.30	245.76
651.35	280.57
651.39	63.49
651.43	110.59
651.48	229.37
651.52	278.52
651.56	301.05
651.60	210.94
651.65	131.07
651.69	235.52
651.73	204.80
651.77	344.06
651.82	339.96
651.86	258.04
651.90	274.43
651.94	264.19
651.99	299.00
652.03	393.21
652.07	233.47
652.11	176.13
652.16	227.32
652.20	126.97
652.24	126.97
652.28	262.14
652.33	196.61
652.37	186.37
652.41	110.59
652.45	313.34
652.50	208.89
652.54	346.11
652.58	311.29
652.62	313.34
652.67	65.54
652.71	231.42
652.75	145.41
652.79	342.01
652.84	174.08
652.88	235.52
652.92	141.31
652.96	260.09
653.00	151.55
653.05	260.09
653.09	215.04
653.13	331.77
653.17	151.55
653.22	104.45
653.26	159.74
653.30	196.61
653.34	120.83
653.39	137.21
653.43	282.62
653.47	221.18
653.51	235.52
653.55	270.33
653.60	258.04
653.64	192.51
653.68	73.73
653.72	217.08
653.77	118.78
653.81	245.76
653.85	325.63
653.89	239.61
653.93	225.28
653.98	337.91
654.02	243.71
654.06	210.94
654.10	319.48
654.14	153.60
654.19	221.18
654.23	110.59
654.27	202.75
654.31	161.79
654.35	210.94
654.40	337.91
654.44	206.84
654.48	315.39
654.52	202.75
654.57	120.83
654.61	194.56
654.65	202.75
654.69	272.38
654.73	198.65
654.78	163.84
654.82	411.64
654.86	266.24
654.90	346.11
654.94	184.32
654.98	221.18
655.03	221.18
655.07	192.51
655.11	172.03
655.15	301.05
655.19	221.18
655.24	311.29
655.28	133.12
655.32	325.63
655.36	94.21
655.40	165.89
655.45	120.83
655.49	163.84
655.53	292.86
655.57	290.81
655.61	135.17
655.65	253.95
655.70	321.53
655.74	268.28
655.78	198.65
655.82	299.00
655.86	116.73
655.91	198.65
655.95	239.61
655.99	184.32
656.03	231.42
656.07	219.13
656.11	194.56
656.16	180.22
656.20	194.56
656.24	253.95
656.28	309.24
656.32	182.27
656.36	196.61
656.41	262.14
656.45	266.24
656.49	243.71
656.53	364.54
656.57	229.37
656.61	284.67
656.66	264.19
656.70	215.04
656.74	290.81
656.78	552.95
656.82	219.13
656.86	301.05
656.91	249.85
656.95	264.19
656.99	249.85
657.03	237.56
657.07	368.63
657.11	194.56
657.15	165.89
657.20	251.90
657.24	192.51
657.28	155.65
657.32	143.36
657.36	200.70
657.40	245.76
657.44	292.86
657.49	186.37
657.53	223.23
657.57	206.84
657.61	196.61
657.65	139.26
657.69	227.32
657.73	163.84
657.78	133.12
657.82	174.08
657.86	190.46
657.90	153.60
657.94	266.24
657.98	120.83
658.02	102.40
658.07	296.96
658.11	165.89
658.15	229.37
658.19	237.56
658.23	346.11
658.27	176.13
658.31	188.41
658.35	229.37
658.40	311.29
658.44	102.40
658.48	370.68
658.52	167.93
658.56	229.37
658.60	258.04
658.64	262.14
658.68	249.85
658.73	376.83
658.77	311.29
658.81	301.05
658.85	227.32
658.89	370.68
658.93	301.05
658.97	372.73
659.01	372.73
659.06	237.56
659.10	206.84
659.14	317.44
659.18	342.01
659.22	225.28
659.26	292.86
659.30	266.24
659.34	110.59
659.38	194.56
659.42	243.71
659.47	245.76
659.51	235.52
659.55	233.47
659.59	219.13
659.63	276.48
659.67	296.96
659.71	235.52
659.75	229.37
659.79	290.81
659.83	346.11
659.88	200.70
659.92	301.05
659.96	374.78
660.00	274.43
660.04	233.47
660.08	276.48
660.12	311.29
660.16	331.77
660.20	378.87
660.24	423.93
660.28	266.24
660.33	274.43
660.37	251.90
660.41	307.20
660.45	245.76
660.49	262.14
660.53	313.34
660.57	348.15
660.61	329.72
660.65	270.33
660.69	233.47
660.73	169.98
660.77	288.76
660.82	192.51
660.86	309.24
660.90	391.16
660.94	256.00
660.98	354.30
661.02	270.33
661.06	237.56
661.10	227.32
661.14	321.53
661.18	208.89
661.22	217.08
661.26	204.80
661.30	262.14
661.34	274.43
661.39	235.52
661.43	215.04
661.47	247.80
661.51	182.27
661.55	284.67
661.59	178.17
661.63	339.96
661.67	290.81
661.71	194.56
661.75	393.21
661.79	327.67
661.83	262.14
661.87	239.61
661.91	274.43
661.95	190.46
661.99	153.60
662.03	182.27
662.08	204.80
662.12	260.09
662.16	391.16
662.20	352.25
662.24	266.24
662.28	337.91
662.32	231.42
662.36	319.48
662.40	247.80
662.44	296.96
662.48	202.75
662.52	260.09
662.56	235.52
662.60	309.24
662.64	366.59
662.68	276.48
662.72	231.42
662.76	225.28
662.80	212.99
662.84	241.66
662.88	311.29
662.92	223.23
662.96	292.86
663.00	364.54
663.04	182.27
663.09	245.76
663.13	284.67
663.17	163.84
663.21	180.22
663.25	290.81
663.29	194.56
663.33	206.84
663.37	237.56
663.41	407.55
663.45	409.59
663.49	235.52
663.53	448.51
663.57	344.06
663.61	325.63
663.65	212.99
663.69	245.76
663.73	174.08
663.77	356.35
663.81	364.54
663.85	264.19
663.89	262.14
663.93	208.89
663.97	313.34
664.01	352.25
664.05	131.07
664.09	317.44
664.13	325.63
664.17	208.89
664.21	196.61
664.25	165.89
664.29	325.63
664.33	307.20
664.37	180.22
664.41	274.43
664.45	200.70
664.49	264.19
664.53	204.80
664.57	251.90
664.61	309.24
664.65	118.78
664.69	301.05
664.73	313.34
664.77	309.24
664.81	174.08
664.85	303.10
664.89	202.75
664.93	227.32
664.97	274.43
665.01	149.50
665.05	182.27
665.09	186.37
665.13	151.55
665.17	235.52
665.21	342.01
665.25	212.99
665.29	217.08
665.33	249.85
665.37	182.27
665.41	196.61
665.45	231.42
665.49	249.85
665.53	239.61
665.57	100.35
665.61	296.96
665.65	411.64
665.69	239.61
665.73	151.55
665.77	415.74
665.81	251.90
665.85	382.97
665.89	430.07
665.92	395.26
665.96	432.12
666.00	161.79
666.04	231.42
666.08	288.76
666.12	276.48
666.16	294.91
666.20	274.43
666.24	354.30
666.28	268.28
666.32	274.43
666.36	403.45
666.40	126.97
666.44	208.89
666.48	126.97
666.52	454.65
666.56	200.70
666.60	430.07
666.64	221.18
666.68	346.11
666.72	272.38
666.76	313.34
666.80	249.85
666.84	266.24
666.88	233.47
666.91	270.33
666.95	432.12
666.99	274.43
667.03	239.61
667.07	235.52
667.11	358.39
667.15	348.15
667.19	286.72
667.23	331.77
667.27	241.66
667.31	335.87
667.35	333.82
667.39	356.35
667.43	358.39
667.47	456.70
667.51	481.27
667.55	755.70
667.58	555.00
667.62	694.26
667.66	1638.38
667.70	3049.43
667.74	5318.57
667.78	8232.83
667.82	12007.24
667.86	14204.71
667.90	15929.10
667.94	17397.49
667.98	19513.05
668.02	24561.29
668.06	25230.98
668.10	18517.73
668.13	14208.81
668.17	13942.57
668.21	15501.08
668.25	16520.96
668.29	15464.21
668.33	14024.49
668.37	12433.22
668.41	12087.11
668.45	12779.32
668.49	13506.35
668.53	13782.83
668.57	13389.62
668.60	13172.54
668.64	13236.02
668.68	12234.57
668.72	11417.43
668.76	10465.12
668.80	9088.89
668.84	8167.30
668.88	7315.34
668.92	6653.85
668.96	5791.66
669.00	5042.10
669.03	4132.80
669.07	3471.31
669.11	2832.34
669.15	2426.84
669.19	2162.66
669.23	1710.05
669.27	1386.47
669.31	1175.53
669.35	974.83
669.39	878.58
669.42	780.28
669.46	653.30
669.50	634.87
669.54	448.51
669.58	301.05
669.62	380.92
669.66	452.60
669.70	489.46
669.74	356.35
669.78	395.26
669.81	282.62
669.85	417.79
669.89	327.68
669.93	274.43
669.97	247.80
670.01	186.37
670.05	468.98
670.09	296.96
670.12	249.85
670.16	186.37
670.20	294.91
670.24	366.59
670.28	292.86
670.32	270.33
670.36	368.63
670.40	184.32
670.43	106.49
670.47	229.37
670.51	178.17
670.55	231.42
670.59	186.37
670.63	167.93
670.67	225.28
670.71	280.57
670.74	251.90
670.78	243.71
670.82	278.52
670.86	352.25
670.90	237.56
670.94	206.84
670.98	219.13
671.01	460.79
671.05	284.67
671.09	71.68
671.13	335.87
671.17	198.65
671.21	235.52
671.25	274.43
671.28	249.85
671.32	241.66
671.36	376.83
671.40	239.61
671.44	405.50
671.48	299.00
671.52	184.32
671.55	444.41
671.59	272.38
671.63	350.20
671.67	249.85
671.71	307.20
671.75	237.56
671.79	307.20
671.82	333.82
671.86	264.19
671.90	235.52
671.94	215.04
