476.77	36.86
476.84	36.86
476.91	36.86
476.98	-24.58
477.04	-22.53
477.11	511.99
477.18	368.63
477.25	202.75
477.32	540.66
477.39	57.34
477.45	94.21
477.52	239.61
477.59	413.69
477.66	301.05
477.73	86.01
477.80	323.58
477.86	49.15
477.93	204.80
478.00	540.66
478.07	251.90
478.14	73.73
478.21	88.06
478.27	456.70
478.34	59.39
478.41	436.22
478.48	51.20
478.55	493.56
478.62	415.74
478.68	495.61
478.75	-14.34
478.82	616.44
478.89	587.77
478.96	172.03
479.02	233.47
479.09	-45.06
479.16	57.34
479.23	546.81
479.30	514.04
479.37	126.97
479.43	380.92
479.50	397.31
479.57	262.14
479.64	679.93
479.71	137.21
479.77	104.45
479.84	118.78
479.91	135.17
479.98	-22.53
480.05	-2.05
480.11	354.30
480.18	602.10
480.25	88.06
480.32	540.66
480.39	475.13
480.45	219.13
480.52	8.19
480.59	292.86
480.66	301.05
480.73	581.62
480.79	-2.05
480.86	135.17
480.93	4.10
481.00	415.74
481.07	514.04
481.13	651.25
481.20	69.63
481.27	210.94
481.34	604.15
481.41	239.61
481.47	552.95
481.54	221.18
481.61	466.94
481.68	116.73
481.74	325.63
481.81	71.68
481.88	131.07
481.95	565.24
482.02	120.83
482.08	466.94
482.15	546.81
482.22	129.02
482.29	626.68
482.35	561.14
482.42	122.88
482.49	-116.73
482.56	104.45
482.63	12.29
482.69	104.45
482.76	624.63
482.83	196.61
482.90	-16.38
482.96	333.82
483.03	163.84
483.10	575.48
483.17	26.62
483.24	169.98
483.30	524.28
483.37	419.83
483.44	-14.34
483.51	-172.03
483.57	493.56
483.64	51.20
483.71	348.15
483.78	536.57
483.84	622.58
483.91	387.07
483.98	366.59
484.05	466.94
484.11	595.96
484.18	483.32
484.25	376.83
484.32	59.39
484.38	79.87
484.45	-51.20
484.52	595.96
484.59	434.17
484.65	380.92
484.72	200.70
484.79	28.67
484.86	462.84
484.92	610.29
484.99	325.63
485.06	83.97
485.13	51.20
485.19	423.93
485.26	77.82
485.33	239.61
485.40	-114.69
485.46	669.69
485.53	419.83
485.60	161.79
485.67	55.30
485.73	231.42
485.80	466.94
485.87	71.68
485.94	112.64
486.00	548.86
486.07	526.33
486.14	569.34
486.20	77.82
486.27	612.34
486.34	337.91
486.41	61.44
486.47	423.93
486.54	292.86
486.61	552.95
486.68	6.14
486.74	219.13
486.81	452.60
486.88	20.48
486.94	153.60
487.01	53.25
487.08	399.35
487.15	36.86
487.21	167.93
487.28	12.29
487.35	561.14
487.41	385.02
487.48	114.69
487.55	372.73
487.62	90.11
487.68	137.21
487.75	112.64
487.82	432.12
487.88	-8.19
487.95	538.62
488.02	270.33
488.09	684.02
488.15	208.89
488.22	438.27
488.29	401.40
488.35	671.73
488.42	292.86
488.49	403.45
488.56	358.39
488.62	38.91
488.69	100.35
488.76	88.06
488.82	172.03
488.89	313.34
488.96	626.68
489.02	389.11
489.09	413.69
489.16	22.53
489.22	126.97
489.29	161.79
489.36	-43.01
489.43	204.80
489.49	458.74
489.56	151.55
489.63	608.25
489.69	514.04
489.76	270.33
489.83	421.88
489.89	-10.24
489.96	493.56
490.03	-38.91
490.09	544.76
490.16	-47.10
490.23	468.98
490.29	663.54
490.36	167.93
490.43	411.64
490.50	22.53
490.56	51.20
490.63	86.01
490.70	430.07
490.76	573.43
490.83	100.35
490.90	520.18
490.96	141.31
491.03	73.73
491.10	225.28
491.16	526.33
491.23	464.89
491.30	161.79
491.36	108.54
491.43	258.04
491.50	462.84
491.56	165.89
491.63	708.60
491.70	665.59
491.76	968.69
491.83	792.56
491.90	872.43
491.96	946.16
492.03	767.99
492.10	1021.94
492.16	993.26
492.23	899.06
492.30	692.21
492.36	835.57
492.43	679.93
492.50	778.23
492.56	628.73
492.63	387.07
492.70	665.59
492.76	684.02
492.83	329.72
492.89	348.15
492.96	432.12
493.03	532.47
493.09	557.05
493.16	323.58
493.23	583.67
493.29	184.32
493.36	376.83
493.43	387.07
493.49	321.53
493.56	428.03
493.63	14.34
493.69	522.23
493.76	274.43
493.82	28.67
493.89	192.51
493.96	585.72
494.02	161.79
494.09	-12.29
494.16	112.64
494.22	370.68
494.29	618.49
494.36	622.58
494.42	81.92
494.49	376.83
494.55	501.75
494.62	63.49
494.69	321.53
494.75	-24.58
494.82	569.34
494.89	358.39
494.95	671.73
495.02	313.34
495.08	356.35
495.15	301.05
495.22	362.49
495.28	49.15
495.35	112.64
495.42	565.24
495.48	477.18
495.55	14.34
495.61	526.33
495.68	20.48
495.75	565.24
495.81	-94.21
495.88	401.40
495.94	587.77
496.01	423.93
496.08	184.32
496.14	143.36
496.21	577.53
496.28	354.30
496.34	149.50
496.41	477.18
496.47	180.22
496.54	534.52
496.61	145.41
496.67	-43.01
496.74	409.59
496.80	210.94
496.87	141.31
496.94	137.21
497.00	583.67
497.07	464.89
497.13	331.77
497.20	595.96
497.27	34.82
497.33	602.10
497.40	425.98
497.46	546.81
497.53	14.34
497.60	559.10
497.66	149.50
497.73	40.96
497.79	403.45
497.86	641.01
497.93	-38.91
497.99	536.57
498.06	471.03
498.12	241.66
498.19	458.75
498.25	489.46
498.32	460.79
498.39	649.21
498.45	364.54
498.52	120.83
498.58	112.64
498.65	507.90
498.72	528.38
498.78	317.44
498.85	540.66
498.91	-92.16
498.98	391.16
499.04	309.24
499.11	501.75
499.18	116.73
499.24	669.69
499.31	538.62
499.37	440.31
499.44	561.14
499.50	43.01
499.57	608.25
499.64	655.35
499.70	458.74
499.77	172.03
499.83	348.15
499.90	174.08
499.96	423.93
500.03	581.62
500.09	520.18
500.16	284.67
500.23	358.39
500.29	501.75
500.36	264.19
500.42	520.18
500.49	524.28
500.55	0.00
500.62	208.89
500.68	548.86
500.75	26.62
500.82	483.32
500.88	272.38
500.95	817.14
501.01	772.08
501.08	1699.81
501.14	2551.77
501.21	2957.27
501.27	4245.44
501.34	4532.15
501.41	4677.56
501.47	6068.13
501.54	7479.18
501.60	5775.27
501.67	5799.85
501.73	4356.03
501.80	4272.06
501.86	3952.58
501.93	3588.04
501.99	3524.55
502.06	2236.38
502.12	1628.14
502.19	1128.43
502.26	927.73
502.32	602.10
502.39	489.46
502.45	608.25
502.52	657.40
502.58	532.47
502.65	129.02
502.71	309.24
502.78	624.63
502.84	677.88
502.91	2.05
502.97	45.06
503.04	108.54
503.10	579.58
503.17	370.68
503.23	440.31
503.30	233.47
503.37	432.12
503.43	292.86
503.50	362.49
503.56	575.48
503.63	2.05
503.69	176.13
503.76	503.80
503.82	143.36
503.89	493.56
503.95	356.35
504.02	649.21
504.08	309.24
504.15	552.95
504.21	276.48
504.28	233.47
504.34	479.22
504.41	225.28
504.47	565.24
504.54	583.67
504.60	520.18
504.67	540.66
504.73	794.61
504.80	395.26
504.86	552.95
504.93	286.72
504.99	534.52
505.06	626.68
505.12	100.35
505.19	81.92
505.25	688.12
505.32	225.28
505.38	143.36
505.45	565.24
505.51	348.15
505.58	190.46
505.64	552.95
505.71	546.81
505.77	571.38
505.84	569.34
505.90	131.07
505.97	612.34
506.03	190.46
506.10	569.34
506.16	489.46
506.23	528.38
506.29	198.65
506.36	98.30
506.42	256.00
506.49	440.31
506.55	362.49
506.62	610.29
506.68	571.38
506.75	604.15
506.81	536.57
506.87	434.17
506.94	45.06
507.00	262.14
507.07	497.66
507.13	368.63
507.20	645.11
507.26	61.44
507.33	67.58
507.39	167.93
507.46	393.21
507.52	147.45
507.59	100.35
507.65	624.63
507.72	526.33
507.78	98.30
507.85	503.80
507.91	200.70
507.97	575.48
508.04	-32.77
508.10	157.69
508.17	499.70
508.23	114.69
508.30	585.72
508.36	270.33
508.43	677.88
508.49	204.80
508.56	460.79
508.62	546.81
508.69	98.30
508.75	610.29
508.81	454.65
508.88	178.17
508.94	657.40
509.01	45.06
509.07	677.88
509.14	321.53
509.20	59.39
509.27	438.27
509.33	350.20
509.39	602.10
509.46	505.85
509.52	358.39
509.59	481.27
509.65	518.14
509.72	139.26
509.78	638.97
509.85	571.38
509.91	495.61
509.97	417.79
510.04	520.18
510.10	608.25
510.17	479.22
510.23	514.04
510.30	223.23
510.36	423.93
510.42	303.10
510.49	270.33
510.55	245.76
510.62	425.98
510.68	262.14
510.75	339.96
510.81	649.21
510.88	94.21
510.94	331.77
511.00	389.11
511.07	83.97
511.13	595.96
511.20	149.50
511.26	522.23
511.32	516.09
511.39	247.80
511.45	36.86
511.52	151.55
511.58	489.46
511.65	417.79
511.71	26.62
511.77	339.96
511.84	415.74
511.90	-14.34
511.97	100.35
512.03	280.57
512.09	348.15
512.16	622.58
512.22	391.16
512.29	65.53
512.35	14.34
512.42	251.90
512.48	434.17
512.54	534.52
512.61	507.90
512.67	591.86
512.74	329.72
512.80	428.03
512.86	131.07
512.93	591.86
512.99	94.21
513.06	483.32
513.12	483.32
513.18	215.04
513.25	133.12
513.31	438.27
513.38	112.64
513.44	376.83
513.50	249.85
513.57	67.58
513.63	505.85
513.69	395.26
513.76	366.59
513.82	583.67
513.89	378.87
513.95	118.78
514.01	350.20
514.08	36.86
514.14	444.41
514.21	428.03
514.27	309.24
514.33	487.42
514.40	561.14
514.46	-8.19
514.53	473.08
514.59	104.45
514.65	282.62
514.72	137.21
514.78	550.90
514.84	118.78
514.91	579.58
514.97	497.66
515.04	667.64
515.10	151.55
515.16	290.81
515.23	524.28
515.29	331.77
515.35	477.18
515.42	630.77
515.48	536.57
515.54	114.69
515.61	552.95
515.67	452.60
515.74	741.36
515.80	333.82
515.86	210.94
515.93	12.29
515.99	94.21
516.05	575.48
516.12	589.82
516.18	634.87
516.24	526.33
516.31	149.50
516.37	563.19
516.44	561.14
516.50	464.89
516.56	358.39
516.63	280.57
516.69	106.49
516.75	651.25
516.82	462.84
516.88	229.37
516.94	593.91
517.01	186.37
517.07	147.45
517.13	219.13
517.20	112.64
517.26	366.59
517.32	479.22
517.39	290.81
517.45	509.94
517.52	106.49
517.58	532.47
517.64	610.29
517.71	188.41
517.77	299.00
517.83	528.38
517.90	245.76
517.96	319.48
518.02	573.43
518.09	708.60
518.15	608.25
518.21	-92.16
518.28	38.91
518.34	485.37
518.40	-49.15
518.47	251.90
518.53	573.43
518.59	178.17
518.66	579.58
518.72	342.01
518.78	67.58
518.85	221.18
518.91	448.51
518.97	567.29
519.03	333.82
519.10	212.99
519.16	344.06
519.22	518.14
519.29	444.41
519.35	159.74
519.41	626.68
519.48	174.08
519.54	81.92
519.60	362.49
519.67	585.72
519.73	135.17
519.79	149.50
519.86	559.10
519.92	49.15
519.98	526.33
520.05	174.08
520.11	655.35
520.17	370.68
520.23	81.92
520.30	350.20
520.36	473.08
520.42	389.11
520.49	251.90
520.55	573.43
520.61	174.08
520.68	274.43
520.74	153.60
520.80	432.12
520.87	280.57
520.93	239.61
520.99	83.97
521.05	161.79
521.12	243.71
521.18	565.24
521.24	477.18
521.31	395.26
521.37	262.14
521.43	286.72
521.49	559.10
521.56	618.49
521.62	434.17
521.68	565.24
521.75	333.82
521.81	630.77
521.87	487.42
521.93	567.29
522.00	317.44
522.06	452.60
522.12	561.14
522.19	276.48
522.25	567.29
522.31	645.11
522.37	321.53
522.44	10.24
522.50	137.21
522.56	479.22
522.63	124.93
522.69	-49.15
522.75	315.39
522.81	63.49
522.88	534.52
522.94	507.90
523.00	112.64
523.06	473.08
523.13	589.82
523.19	200.70
523.25	-59.39
523.32	434.17
523.38	71.68
523.44	538.62
523.50	360.44
523.57	120.83
523.63	165.89
523.69	491.51
523.75	321.53
523.82	638.97
523.88	528.38
523.94	-49.15
524.00	161.79
524.07	212.99
524.13	317.44
524.19	-24.58
524.25	356.35
524.32	528.38
524.38	288.76
524.44	155.65
524.50	163.84
524.57	174.08
524.63	526.33
524.69	491.51
524.75	442.36
524.82	210.94
524.88	577.53
524.94	497.66
525.00	350.20
525.07	233.47
525.13	284.67
525.19	227.32
525.25	397.31
525.32	346.11
525.38	577.53
525.44	483.32
525.50	264.19
525.57	178.17
525.63	413.69
525.69	161.79
525.75	669.69
525.82	139.26
525.88	565.24
525.94	63.49
526.00	241.66
526.07	303.10
526.13	602.10
526.19	563.19
526.25	374.78
526.31	667.64
526.38	432.12
526.44	589.82
526.50	421.88
526.56	509.94
526.63	137.21
526.69	71.68
526.75	499.70
526.81	323.58
526.87	260.09
526.94	139.26
527.00	0.00
527.06	57.34
527.12	483.32
527.19	292.86
527.25	110.59
527.31	387.07
527.37	116.73
527.43	14.34
527.50	286.72
527.56	106.49
527.62	212.99
527.68	507.90
527.75	436.22
527.81	405.50
527.87	323.58
527.93	628.73
527.99	319.48
528.06	370.68
528.12	643.06
528.18	370.68
528.24	256.00
528.30	335.87
528.37	485.37
528.43	67.58
528.49	151.55
528.55	360.44
528.61	610.29
528.68	79.87
528.74	548.86
528.80	231.42
528.86	192.51
528.92	468.98
528.99	411.64
529.05	559.10
529.11	337.91
529.17	155.65
529.23	301.05
529.29	665.59
529.36	393.21
529.42	587.77
529.48	32.77
529.54	604.15
529.60	344.06
529.67	473.08
529.73	530.42
529.79	-81.92
529.85	106.49
529.91	311.29
529.98	518.14
530.04	167.93
530.10	129.02
530.16	573.43
530.22	309.24
530.28	600.05
530.35	485.37
530.41	466.94
530.47	153.60
530.53	321.53
530.59	344.06
530.65	176.13
530.72	501.75
530.78	71.68
530.84	192.51
530.90	518.14
530.96	563.19
531.02	475.13
531.09	456.70
531.15	387.07
531.21	399.35
531.27	587.77
531.33	587.77
531.39	108.54
531.46	71.68
531.52	344.06
531.58	169.98
531.64	79.87
531.70	376.83
531.76	559.10
531.83	415.74
531.89	-43.01
531.95	149.50
532.01	102.40
532.07	110.59
532.13	129.02
532.19	206.84
532.26	405.50
532.32	438.27
532.38	215.04
532.44	462.84
532.50	436.22
532.56	249.85
532.63	75.77
532.69	454.65
532.75	561.14
532.81	552.95
532.87	464.89
532.93	538.62
532.99	139.26
533.06	436.22
533.12	522.23
533.18	477.18
533.24	518.14
533.30	32.77
533.36	591.86
533.42	26.62
533.48	413.69
533.55	522.23
533.61	366.59
533.67	475.13
533.73	378.87
533.79	20.48
533.85	647.16
533.91	36.86
533.98	460.79
534.04	-40.96
534.10	272.38
534.16	342.01
534.22	-12.29
534.28	325.63
534.34	90.11
534.40	253.95
534.47	98.30
534.53	456.70
534.59	479.22
534.65	530.42
534.71	503.80
534.77	444.41
534.83	317.44
534.89	-2.05
534.95	348.15
535.02	456.70
535.08	688.12
535.14	174.08
535.20	129.02
535.26	262.14
535.32	458.74
535.38	135.17
535.44	258.04
535.50	585.72
535.57	585.72
535.63	280.57
535.69	94.21
535.75	303.10
535.81	706.55
535.87	235.52
535.93	215.04
535.99	81.92
536.05	557.05
536.11	505.85
536.18	92.16
536.24	133.12
536.30	638.97
536.36	509.94
536.42	26.62
536.48	270.33
536.54	268.28
536.60	124.93
536.66	419.83
536.72	509.94
536.79	643.06
536.85	522.23
536.91	161.79
536.97	30.72
537.03	548.86
537.09	503.80
537.15	49.15
537.21	172.03
537.27	305.15
537.33	378.87
537.39	-73.73
537.45	372.73
537.52	397.31
537.58	413.69
537.64	45.06
537.70	413.69
537.76	161.79
537.82	305.15
537.88	98.30
537.94	333.82
538.00	92.16
538.06	548.86
538.12	241.66
538.18	421.88
538.24	47.10
538.31	165.89
538.37	124.93
538.43	319.48
538.49	0.00
538.55	124.93
538.61	540.66
538.67	139.26
538.73	618.49
538.79	432.12
538.85	325.63
538.91	516.09
538.97	149.50
539.03	55.30
539.09	22.53
539.15	434.17
539.21	563.19
539.28	67.58
539.34	528.38
539.40	149.50
539.46	301.05
539.52	63.49
539.58	69.63
539.64	378.87
539.70	598.01
539.76	192.51
539.82	114.69
539.88	548.86
539.94	501.75
540.00	714.74
540.06	274.43
540.12	118.78
540.18	552.95
540.24	192.51
540.30	569.34
540.36	610.29
540.42	606.20
540.49	442.36
540.55	643.06
540.61	616.44
540.67	75.77
540.73	544.76
540.79	204.80
540.85	585.72
540.91	579.58
540.97	374.78
541.03	675.83
541.09	460.79
541.15	716.79
541.21	350.20
541.27	114.69
541.33	333.82
541.39	628.73
541.45	573.43
541.51	614.39
541.57	456.70
541.63	624.63
541.69	172.03
541.75	671.73
541.81	448.51
541.87	520.18
541.93	495.61
541.99	374.78
542.05	632.82
542.11	493.56
542.17	432.12
542.23	243.71
542.29	585.72
542.35	344.06
542.41	415.74
542.47	643.06
542.53	538.62
542.59	194.56
542.65	389.11
542.71	614.39
542.77	301.05
542.83	606.20
542.89	565.24
542.95	655.35
543.01	266.24
543.07	475.13
543.13	557.05
543.19	618.49
543.25	495.61
543.31	499.70
543.37	-59.39
543.43	174.08
543.49	2.05
543.55	319.48
543.61	188.41
543.67	514.04
543.73	520.18
543.79	229.37
543.85	421.88
543.91	249.85
543.97	282.62
544.03	276.48
544.09	464.89
544.15	364.54
544.21	415.74
544.27	333.82
544.33	483.32
544.39	348.15
544.45	385.02
544.51	577.53
544.57	321.53
544.63	559.10
544.69	346.11
544.75	425.98
544.81	458.74
544.87	372.73
544.93	516.09
544.99	475.13
545.05	264.19
545.11	190.46
545.17	305.15
545.23	497.66
545.29	317.44
545.35	387.07
545.41	137.21
545.47	600.05
545.53	362.49
545.59	321.53
545.65	294.91
545.71	61.44
545.77	30.72
545.83	735.22
545.89	143.36
545.95	182.27
546.01	212.99
546.07	159.74
546.13	387.07
546.19	559.10
546.25	559.10
546.31	557.05
546.37	532.47
546.42	399.35
546.48	450.55
546.54	471.03
546.60	428.03
546.66	622.58
546.72	276.48
546.78	124.93
546.84	352.25
546.90	587.77
546.96	649.21
547.02	604.15
547.08	368.63
547.14	622.58
547.20	643.06
547.26	673.78
547.32	434.17
547.38	606.20
547.44	589.82
547.50	307.20
547.56	489.46
547.62	630.77
547.67	294.91
547.73	366.59
547.79	407.55
547.85	352.25
547.91	323.58
547.97	442.36
548.03	356.35
548.09	380.92
548.15	505.85
548.21	337.91
548.27	542.71
548.33	647.16
548.39	514.04
548.45	634.87
548.51	477.18
548.56	628.73
548.62	636.92
548.68	788.47
548.74	231.42
548.80	462.84
548.86	430.07
548.92	600.05
548.98	417.79
549.04	303.10
549.10	286.72
549.16	360.44
549.22	399.35
549.28	344.06
549.34	657.40
549.39	741.36
549.45	561.14
549.51	534.52
549.57	249.85
549.63	636.92
549.69	567.29
549.75	534.52
549.81	421.88
549.87	524.28
549.93	475.13
549.99	729.08
550.04	638.97
550.10	370.68
550.16	131.07
550.22	499.70
550.28	145.41
550.34	618.49
550.40	442.36
550.46	327.67
550.52	714.74
550.58	438.27
550.64	573.43
550.69	718.84
550.75	282.62
550.81	643.06
550.87	174.08
550.93	548.86
550.99	511.99
551.05	669.69
551.11	421.88
551.17	196.61
551.23	466.94
551.28	348.15
551.34	212.99
551.40	423.93
551.46	659.45
551.52	165.89
551.58	477.18
551.64	636.92
551.70	466.94
551.76	362.49
551.81	319.48
551.87	514.04
551.93	260.09
551.99	653.30
552.05	364.54
552.11	43.01
552.17	462.84
552.23	763.89
552.28	608.25
552.34	335.87
552.40	591.86
552.46	530.42
552.52	247.80
552.58	217.08
552.64	313.34
552.70	411.64
552.75	245.76
552.81	720.88
552.87	692.21
552.93	495.61
552.99	694.26
553.05	651.25
553.11	473.08
553.17	499.70
553.22	401.40
553.28	362.49
553.34	649.21
553.40	360.44
553.46	391.16
553.52	137.21
553.58	651.25
553.63	622.58
553.69	583.67
553.75	624.63
553.81	616.44
553.87	698.36
553.93	573.43
553.99	299.00
554.04	655.35
554.10	636.92
554.16	602.10
554.22	731.12
554.28	296.96
554.34	448.51
554.40	167.93
554.45	663.54
554.51	452.60
554.57	368.63
554.63	401.40
554.69	460.79
554.75	401.40
554.80	579.58
554.86	233.47
554.92	581.62
554.98	241.66
555.04	477.18
555.10	348.15
555.16	495.61
555.21	493.56
555.27	141.31
555.33	378.87
555.39	706.55
555.45	139.26
555.51	106.49
555.56	157.69
555.62	600.05
555.68	131.07
555.74	380.92
555.80	628.73
555.86	579.58
555.91	317.44
555.97	575.48
556.03	651.25
556.09	143.36
556.15	548.86
556.20	583.67
556.26	229.37
556.32	598.01
556.38	595.96
556.44	528.38
556.50	397.31
556.55	374.78
556.61	307.20
556.67	362.49
556.73	196.61
556.79	698.36
556.84	120.83
556.90	653.30
556.96	733.17
557.02	329.72
557.08	499.70
557.14	366.59
557.19	403.45
557.25	671.73
557.31	708.60
557.37	77.82
557.43	245.76
557.48	593.91
557.54	174.08
557.60	511.99
557.66	245.76
557.72	262.14
557.77	684.02
557.83	612.34
557.89	618.49
557.95	212.99
558.01	247.80
558.06	516.09
558.12	669.69
558.18	448.51
558.24	264.19
558.30	720.89
558.35	495.61
558.41	538.62
558.47	411.64
558.53	622.58
558.59	311.29
558.64	585.72
558.70	589.81
558.76	509.94
558.82	559.10
558.88	495.61
558.93	528.38
558.99	624.63
559.05	215.04
559.11	403.45
559.16	268.28
559.22	294.91
559.28	389.11
559.34	548.86
559.40	579.58
559.45	299.00
559.51	468.98
559.57	667.64
559.63	571.38
559.68	643.06
559.74	479.22
559.80	327.67
559.86	407.55
559.92	724.98
559.97	184.32
560.03	360.44
560.09	374.78
560.15	176.13
560.20	368.63
560.26	145.41
560.32	671.73
560.38	303.10
560.43	657.40
560.49	172.03
560.55	415.74
560.61	600.05
560.66	354.30
560.72	243.71
560.78	444.41
560.84	159.74
560.90	227.32
560.95	542.71
561.01	389.11
561.07	178.17
561.13	626.68
561.18	489.46
561.24	10.24
561.30	413.69
561.36	499.70
561.41	247.80
561.47	223.23
561.53	694.26
561.59	464.89
561.64	643.06
561.70	628.73
561.76	561.14
561.82	389.11
561.87	612.34
561.93	634.87
561.99	587.77
562.05	313.34
562.10	522.23
562.16	575.48
562.22	595.96
562.27	294.91
562.33	385.02
562.39	552.95
562.45	245.76
562.50	303.10
562.56	489.46
562.62	212.99
562.68	550.90
562.73	419.83
562.79	542.71
562.85	395.26
562.91	243.71
562.96	311.29
563.02	638.97
563.08	589.82
563.13	628.73
563.19	407.55
563.25	579.58
563.31	495.61
563.36	511.99
563.42	210.94
563.48	688.12
563.53	665.59
563.59	446.46
563.65	309.24
563.71	608.25
563.76	299.00
563.82	63.49
563.88	626.68
563.94	684.02
563.99	477.18
564.05	284.67
564.11	526.33
564.16	190.46
564.22	514.04
564.28	397.31
564.33	368.63
564.39	679.93
564.45	516.09
564.51	686.07
564.56	643.06
564.62	585.72
564.68	147.45
564.73	745.46
564.79	657.40
564.85	307.20
564.91	522.23
564.96	724.98
565.02	200.70
565.08	401.40
565.13	485.37
565.19	718.84
565.25	647.16
565.30	434.17
565.36	751.60
565.42	675.83
565.47	581.62
565.53	219.13
565.59	559.10
565.65	761.84
565.70	503.80
565.76	657.40
565.82	587.77
565.87	647.16
565.93	370.68
565.99	737.27
566.04	454.65
566.10	714.74
566.16	442.36
566.21	587.77
566.27	663.54
566.33	716.79
566.38	219.13
566.44	192.51
566.50	538.62
566.55	671.73
566.61	151.55
566.67	462.84
566.73	616.44
566.78	659.45
566.84	253.95
566.90	444.41
566.95	374.78
567.01	548.86
567.07	536.57
567.12	374.78
567.18	604.15
567.24	733.17
567.29	667.64
567.35	319.48
567.41	391.16
567.46	321.53
567.52	544.76
567.58	198.65
567.63	587.77
567.69	694.26
567.75	307.20
567.80	763.89
567.86	452.60
567.91	307.20
567.97	759.80
568.03	540.66
568.08	663.54
568.14	825.33
568.20	464.89
568.25	661.49
568.31	653.30
568.37	612.34
568.42	626.68
568.48	579.58
568.54	712.69
568.59	311.29
568.65	575.48
568.71	489.46
568.76	292.86
568.82	401.40
568.88	286.72
568.93	567.29
568.99	190.46
569.04	593.91
569.10	352.25
569.16	624.63
569.21	389.11
569.27	524.28
569.33	456.70
569.38	505.85
569.44	460.79
569.50	311.29
569.55	624.63
569.61	165.89
569.66	342.01
569.72	399.35
569.78	337.91
569.83	712.69
569.89	155.65
569.95	636.92
570.00	612.34
570.06	466.94
570.11	182.27
570.17	520.18
570.23	428.03
570.28	122.88
570.34	133.12
570.40	583.67
570.45	583.67
570.51	677.88
570.56	440.31
570.62	614.39
570.68	489.46
570.73	552.95
570.79	268.28
570.85	569.34
570.90	352.25
570.96	681.97
571.01	319.48
571.07	761.84
571.13	221.18
571.18	196.61
571.24	126.97
571.29	641.01
571.35	421.88
571.41	624.63
571.46	303.10
571.52	442.36
571.57	264.19
571.63	116.73
571.69	649.21
571.74	481.27
571.80	505.85
571.85	851.96
571.91	669.69
571.97	481.27
572.02	585.72
572.08	485.37
572.13	620.53
572.19	598.01
572.25	280.57
572.30	522.23
572.36	528.38
572.41	354.30
572.47	215.04
572.53	591.86
572.58	346.11
572.64	305.15
572.69	348.15
572.75	712.69
572.80	165.89
572.86	632.82
572.92	456.70
572.97	761.84
573.03	245.76
573.08	618.49
573.14	159.74
573.20	638.97
573.25	356.35
573.31	241.66
573.36	122.88
573.42	112.64
573.47	626.68
573.53	303.10
573.59	376.83
573.64	294.91
573.70	243.71
573.75	661.49
573.81	614.39
573.86	260.09
573.92	184.32
573.98	514.04
574.03	356.35
574.09	647.16
574.14	655.35
574.20	262.14
574.25	413.69
574.31	210.94
574.37	120.83
574.42	645.11
574.48	182.27
574.53	229.37
574.59	550.90
574.64	636.92
574.70	200.70
574.75	626.68
574.81	260.09
574.87	681.97
574.92	559.10
574.98	657.40
575.03	321.53
575.09	182.27
575.14	565.24
575.20	559.10
575.25	511.99
575.31	428.03
575.37	618.49
575.42	581.62
575.48	700.41
575.53	727.03
575.59	507.90
575.64	686.07
575.70	503.80
575.75	530.42
575.81	307.20
575.86	313.34
575.92	217.08
575.98	731.12
576.03	282.62
576.09	313.34
576.14	307.20
576.20	503.80
576.25	630.77
576.31	600.05
576.36	593.91
576.42	700.41
576.47	174.08
576.53	88.06
576.58	378.87
576.64	489.46
576.69	616.44
576.75	626.68
576.81	739.32
576.86	628.73
576.92	337.91
576.97	380.92
577.03	544.76
577.08	405.50
577.14	331.77
577.19	327.67
577.25	628.73
577.30	552.95
577.36	493.56
577.41	616.44
577.47	616.44
577.52	299.00
577.58	151.55
577.63	604.15
577.69	139.26
577.74	542.71
577.80	507.90
577.85	1097.71
577.91	337.91
577.96	219.13
578.02	450.55
578.07	22.53
578.13	712.69
578.18	276.48
578.24	483.32
578.29	380.92
578.35	649.21
578.40	325.63
578.46	329.72
578.51	446.46
578.57	286.72
578.62	665.59
578.68	552.95
578.73	522.23
578.79	555.00
578.84	395.26
578.90	587.77
578.95	200.70
579.01	653.30
579.06	401.40
579.12	462.84
579.17	395.26
579.23	352.25
579.28	569.34
579.34	264.19
579.39	653.30
579.45	491.51
579.50	352.25
579.56	247.80
579.61	243.71
579.67	239.61
579.72	532.47
579.78	710.65
579.83	712.69
579.89	272.38
579.94	563.19
580.00	638.97
580.05	600.05
580.11	462.84
580.16	176.13
580.22	473.08
580.27	636.92
580.32	116.73
580.38	270.33
580.43	391.16
580.49	608.25
580.54	520.18
580.60	374.78
580.65	636.92
580.71	602.10
580.76	227.32
580.82	509.94
580.87	446.46
580.93	393.21
580.98	200.70
581.04	591.86
581.09	446.46
581.14	178.17
581.20	397.31
581.25	436.22
581.31	581.62
581.36	471.03
581.42	516.09
581.47	573.43
581.53	292.86
581.58	585.72
581.64	256.00
581.69	649.21
581.75	389.11
581.80	681.97
581.85	307.20
581.91	696.31
581.96	673.78
582.02	632.82
582.07	598.01
582.13	86.01
582.18	421.88
582.24	782.32
582.29	610.29
582.34	634.87
582.40	280.57
582.45	737.27
582.51	284.67
582.56	440.31
582.62	573.43
582.67	614.39
582.73	364.54
582.78	692.21
582.83	403.45
582.89	679.93
582.94	708.60
583.00	520.18
583.05	444.41
583.11	694.26
583.16	323.58
583.21	468.98
583.27	360.44
583.32	444.41
583.38	212.99
583.43	624.63
583.49	645.11
583.54	436.22
583.59	321.53
583.65	612.34
583.70	591.86
583.76	645.11
583.81	423.93
583.87	626.68
583.92	372.73
583.97	817.14
584.03	507.90
584.08	280.57
584.14	454.65
584.19	466.94
584.24	489.46
584.30	552.95
584.35	645.11
584.41	669.69
584.46	454.65
584.52	313.34
584.57	380.92
584.62	589.82
584.68	266.24
584.73	509.94
584.79	415.74
584.84	622.58
584.89	724.98
584.95	522.23
585.00	712.69
585.06	399.35
585.11	509.94
585.16	479.22
585.22	567.29
585.27	684.02
585.33	675.83
585.38	280.57
585.43	571.38
585.49	647.16
585.54	688.12
585.60	706.55
585.65	436.22
585.70	665.59
585.76	569.34
585.81	819.19
585.87	655.35
585.92	770.04
585.97	657.40
586.03	659.45
586.08	813.04
586.13	696.31
586.19	589.82
586.24	575.48
586.30	825.33
586.35	882.67
586.40	817.14
586.46	944.11
586.51	817.14
586.57	847.86
586.62	757.75
586.67	722.93
586.73	815.09
586.78	921.59
586.83	856.05
586.89	696.31
586.94	763.89
587.00	935.92
587.05	825.33
587.10	1191.92
587.16	1128.43
587.21	1390.57
587.26	1755.11
587.32	3624.90
587.37	13872.94
587.42	46118.21
587.48	62878.78
587.53	62862.40
587.59	62198.86
587.64	62145.61
587.69	63192.12
587.75	63110.20
587.80	62446.66
587.85	62229.58
587.91	63175.74
587.96	63204.41
588.01	61369.43
588.07	62288.97
588.12	63003.71
588.17	62964.80
588.23	62721.09
588.28	61772.88
588.34	62673.99
588.39	63255.61
588.44	61838.42
588.50	62366.79
588.55	62628.93
588.60	63016.00
588.66	61822.03
588.71	62882.88
588.76	61908.05
588.82	62602.31
588.87	62327.88
588.92	46875.96
588.98	11087.70
589.03	798.71
589.08	727.03
589.14	792.56
589.19	675.83
589.24	825.33
589.30	583.67
589.35	675.83
589.40	372.73
589.46	331.77
589.51	731.12
589.56	767.99
589.62	706.55
589.67	616.44
589.72	579.58
589.78	489.46
589.83	741.36
589.88	608.25
589.94	638.97
589.99	780.28
590.04	495.61
590.10	557.05
590.15	731.12
590.20	612.34
590.26	681.97
590.31	229.37
590.36	319.48
590.42	387.07
590.47	342.01
590.52	665.59
590.58	722.93
590.63	593.91
590.68	458.75
590.74	706.55
590.79	546.81
590.84	630.77
590.89	432.12
590.95	468.98
591.00	415.74
591.05	454.65
591.11	311.29
591.16	774.13
591.21	190.46
591.27	614.39
591.32	430.07
591.37	579.58
591.43	704.50
591.48	243.71
591.53	614.39
591.58	845.81
591.64	309.24
591.69	520.18
591.74	753.65
591.80	165.89
591.85	587.77
591.90	479.22
591.96	610.29
592.01	387.07
592.06	419.83
592.11	544.76
592.17	489.46
592.22	352.25
592.27	450.55
592.33	743.41
592.38	530.42
592.43	751.60
592.48	352.25
592.54	731.12
592.59	593.91
592.64	864.24
592.70	522.23
592.75	759.80
592.80	550.90
592.85	317.44
592.91	763.89
592.96	581.62
593.01	511.99
593.07	761.84
593.12	681.97
593.17	548.86
593.22	333.82
593.28	688.12
593.33	485.37
593.38	595.96
593.44	440.31
593.49	405.50
593.54	587.77
593.59	792.56
593.65	419.83
593.70	391.16
593.75	534.52
593.80	219.13
593.86	579.58
593.91	276.48
593.96	391.16
594.01	493.56
594.07	573.43
594.12	337.91
594.17	612.34
594.23	653.30
594.28	454.65
594.33	686.07
594.38	712.69
594.44	696.31
594.49	264.19
594.54	360.44
594.59	727.03
594.65	759.80
594.70	387.07
594.75	432.12
594.80	491.51
594.86	552.95
594.91	602.10
594.96	548.86
595.01	669.69
595.07	598.01
595.12	698.36
595.17	501.75
595.22	313.34
595.28	342.01
595.33	501.75
595.38	647.16
595.43	442.36
595.49	661.49
595.54	436.22
595.59	262.14
595.64	419.83
595.69	630.77
595.75	364.54
595.80	577.53
595.85	673.78
595.90	569.34
595.96	399.35
596.01	612.34
596.06	526.33
596.11	774.13
596.17	376.83
596.22	520.18
596.27	569.34
596.32	350.20
596.38	292.86
596.43	620.53
596.48	587.77
596.53	442.36
596.58	428.03
596.64	544.76
596.69	290.81
596.74	212.99
596.79	507.90
596.85	708.60
596.90	497.66
596.95	608.25
597.00	694.26
597.05	321.53
597.11	555.00
597.16	612.34
597.21	577.53
597.26	651.25
597.31	643.06
597.37	544.76
597.42	471.03
597.47	671.73
597.52	694.26
597.57	479.22
597.63	509.94
597.68	333.82
597.73	595.96
597.78	620.53
597.84	299.00
597.89	630.77
597.94	454.65
597.99	417.79
598.04	694.26
598.10	428.03
598.15	382.97
598.20	800.76
598.25	317.44
598.30	757.75
598.36	471.03
598.41	780.28
598.46	471.03
598.51	495.61
598.56	622.58
598.61	401.40
598.67	430.07
598.72	454.65
598.77	632.82
598.82	505.85
598.87	548.86
598.93	602.10
598.98	311.29
599.03	696.31
599.08	378.87
599.13	583.67
599.19	503.80
599.24	432.12
599.29	645.11
599.34	649.21
599.39	114.69
599.44	778.23
599.50	493.56
599.55	620.53
599.60	143.36
599.65	745.46
599.70	542.71
599.75	727.03
599.81	278.52
599.86	669.69
599.91	282.62
599.96	587.77
600.01	270.33
600.07	321.53
600.12	614.39
600.17	636.92
600.22	616.44
600.27	686.07
600.32	411.64
600.38	704.50
600.43	397.31
600.48	704.50
600.53	514.04
600.58	542.71
600.63	372.73
600.68	811.00
600.74	622.58
600.79	92.16
600.84	694.26
600.89	538.62
600.94	602.10
600.99	651.25
601.05	389.11
601.10	423.93
601.15	475.13
601.20	587.77
601.25	575.48
601.30	731.12
601.35	598.01
601.41	296.96
601.46	491.51
601.51	542.71
601.56	561.14
601.61	561.14
601.66	552.95
601.71	350.20
601.77	319.48
601.82	167.93
601.87	661.49
601.92	784.37
601.97	333.82
602.02	745.46
602.07	722.93
602.13	772.08
602.18	253.95
602.23	653.30
602.28	753.65
602.33	716.79
602.38	374.78
602.43	278.52
602.48	479.22
602.54	444.41
602.59	237.56
602.64	208.89
602.69	307.20
602.74	219.13
602.79	737.27
602.84	657.40
602.89	645.11
602.95	557.05
603.00	595.96
603.05	716.79
603.10	692.21
603.15	378.87
603.20	393.21
603.25	493.56
603.30	604.15
603.36	686.07
603.41	419.83
603.46	446.46
603.51	307.20
603.56	569.34
603.61	385.02
603.66	767.99
603.71	391.16
603.76	804.85
603.82	649.21
603.87	307.20
603.92	686.07
603.97	704.50
604.02	692.21
604.07	643.06
604.12	786.42
604.17	342.01
604.22	659.45
604.28	581.62
604.33	432.12
604.38	841.72
604.43	618.49
604.48	428.03
604.53	489.46
604.58	292.86
604.63	331.77
604.68	595.96
604.73	339.96
604.78	354.30
604.84	733.17
604.89	491.51
604.94	421.88
604.99	622.58
605.04	661.49
605.09	671.73
605.14	292.86
605.19	681.97
605.24	276.48
605.29	729.08
605.34	702.45
605.40	419.83
605.45	772.08
605.50	641.01
605.55	241.66
605.60	567.29
605.65	301.05
605.70	475.13
605.75	747.51
605.80	741.36
605.85	471.03
605.90	724.98
605.95	653.30
606.00	710.65
606.06	391.16
606.11	743.41
606.16	548.86
606.21	505.85
606.26	579.58
606.31	483.32
606.36	593.91
606.41	481.27
606.46	522.23
606.51	425.98
606.56	417.79
606.61	655.35
606.66	780.28
606.71	767.99
606.76	284.67
606.81	763.89
606.87	419.83
606.92	405.50
606.97	366.59
607.02	755.70
607.07	598.01
607.12	724.98
607.17	372.73
607.22	579.58
607.27	600.05
607.32	419.83
607.37	659.45
607.42	624.63
607.47	464.89
607.52	391.16
607.57	686.07
607.62	577.53
607.67	409.59
607.72	395.26
607.77	368.63
607.83	456.70
607.88	479.22
607.93	157.69
607.98	681.97
608.03	753.65
608.08	655.35
608.13	636.92
608.18	180.22
608.23	600.05
608.28	663.54
608.33	497.66
608.38	581.62
608.43	411.64
608.48	585.72
608.53	872.43
608.58	538.62
608.63	468.98
608.68	358.39
608.73	671.73
608.78	653.30
608.83	573.43
608.88	311.29
608.93	702.45
608.98	319.48
609.03	755.70
609.08	610.29
609.13	546.81
609.18	688.12
609.23	794.61
609.28	462.84
609.33	610.29
609.38	712.69
609.43	540.66
609.48	333.82
609.53	348.15
609.58	430.07
609.63	288.76
609.69	665.59
609.74	555.00
609.79	294.91
609.84	555.00
609.89	681.97
609.94	571.38
609.99	344.06
610.04	276.48
610.09	202.75
610.14	727.03
610.19	421.88
610.24	714.74
610.29	737.27
610.34	581.62
610.39	636.92
610.44	544.76
610.49	387.07
610.54	696.31
610.59	456.70
610.64	681.97
610.69	663.54
610.74	309.24
610.79	663.54
610.84	589.81
610.89	331.77
610.94	90.11
610.99	634.87
611.04	575.48
611.09	346.11
611.14	665.59
611.18	618.49
611.23	559.10
611.28	581.62
611.33	532.47
611.38	583.67
611.43	509.94
611.48	550.90
611.53	772.08
611.58	522.23
611.63	534.52
611.68	681.97
611.73	575.48
611.78	382.97
611.83	559.10
611.88	477.18
611.93	641.01
611.98	460.79
612.03	114.69
612.08	278.52
612.13	614.39
612.18	366.59
612.23	686.07
612.28	460.79
612.33	493.56
612.38	600.05
612.43	575.48
612.48	704.50
612.53	761.84
612.58	604.15
612.63	262.14
612.68	389.11
612.73	542.71
612.78	550.90
612.83	434.17
612.88	313.34
612.93	530.42
612.97	473.08
613.02	550.90
613.07	534.52
613.12	585.72
613.17	458.74
613.22	471.03
613.27	620.53
613.32	385.02
613.37	776.18
613.42	657.40
613.47	722.93
613.52	679.93
613.57	448.51
613.62	350.20
613.67	626.68
613.72	714.74
613.77	307.20
613.82	813.04
613.87	647.16
613.92	643.06
613.96	221.18
614.01	532.47
614.06	393.21
614.11	323.58
614.16	622.58
614.21	503.80
614.26	722.93
614.31	741.36
614.36	389.11
614.41	704.50
614.46	782.32
614.51	825.33
614.56	493.56
614.61	399.35
614.66	466.94
614.70	585.72
614.75	722.93
614.80	698.36
614.85	686.07
614.90	342.01
614.95	407.55
615.00	428.03
615.05	489.46
615.10	667.64
615.15	452.60
615.20	796.66
615.25	657.40
615.30	315.39
615.34	659.45
615.39	532.47
615.44	311.29
615.49	622.58
615.54	311.29
615.59	630.77
615.64	651.25
615.69	528.38
615.74	659.45
615.79	675.83
615.84	694.26
615.89	382.97
615.93	714.74
615.98	589.82
616.03	419.83
616.08	653.30
616.13	761.84
616.18	333.82
616.23	477.18
616.28	350.20
616.33	294.91
616.38	616.44
616.42	550.90
616.47	528.38
616.52	643.06
616.57	616.44
616.62	653.30
616.67	448.51
616.72	575.48
616.77	770.04
616.82	657.40
616.87	180.22
616.91	395.26
616.96	587.77
617.01	557.05
617.06	796.66
617.11	729.08
617.16	591.86
617.21	450.55
617.26	542.71
617.31	804.85
617.35	657.40
617.40	514.04
617.45	663.54
617.50	669.69
617.55	649.21
617.60	509.94
617.65	419.83
617.70	647.16
617.74	376.83
617.79	827.38
617.84	595.96
617.89	557.05
617.94	346.11
617.99	499.70
618.04	477.18
618.09	722.93
618.13	784.37
618.18	395.26
618.23	618.49
618.28	651.25
618.33	843.76
618.38	733.17
618.43	493.56
618.48	456.70
618.52	815.09
618.57	499.70
618.62	206.84
618.67	321.53
618.72	712.69
618.77	483.32
618.82	374.78
618.86	319.48
618.91	581.62
618.96	501.75
619.01	575.48
619.06	763.89
619.11	651.25
619.16	663.54
619.20	313.34
619.25	548.86
619.30	606.20
619.35	530.42
619.40	636.92
619.45	323.58
619.49	479.22
619.54	686.07
619.59	604.15
619.64	659.45
619.69	671.73
619.74	643.06
619.79	714.74
619.83	694.26
619.88	403.45
619.93	739.32
619.98	833.52
620.03	661.49
620.08	675.83
620.12	765.94
620.17	413.69
620.22	526.33
620.27	661.49
620.32	708.60
620.37	624.63
620.41	589.82
620.46	503.80
620.51	696.31
620.56	804.85
620.61	409.59
620.66	772.08
620.70	333.82
620.75	735.22
620.80	659.45
620.85	409.59
620.90	428.03
620.95	481.27
620.99	665.59
621.04	780.28
621.09	524.28
621.14	763.89
621.19	739.32
621.23	419.83
621.28	772.08
621.33	739.32
621.38	268.28
621.43	710.65
621.48	604.15
621.52	659.45
621.57	395.26
621.62	538.62
621.67	534.52
621.72	745.46
621.76	847.86
621.81	770.04
621.86	825.33
621.91	696.31
621.96	593.91
622.00	395.26
622.05	649.21
622.10	458.75
622.15	624.63
622.20	391.16
622.24	122.88
622.29	649.21
622.34	403.45
622.39	460.79
622.44	819.19
622.48	804.85
622.53	606.20
622.58	366.59
622.63	270.33
622.68	591.86
622.72	509.94
622.77	751.60
622.82	632.82
622.87	333.82
622.92	587.77
622.96	581.62
623.01	598.01
623.06	548.86
623.11	606.20
623.15	765.94
623.20	749.56
623.25	495.61
623.30	593.91
623.35	743.41
623.39	372.73
623.44	806.90
623.49	352.25
623.54	356.35
623.58	528.38
623.63	604.15
623.68	675.83
623.73	507.90
623.78	301.05
623.82	774.13
623.87	770.04
623.92	808.95
623.97	606.20
624.01	647.16
624.06	708.60
624.11	284.67
624.16	413.69
624.21	624.63
624.25	729.08
624.30	593.91
624.35	405.50
624.40	792.56
624.44	546.81
624.49	579.58
624.54	722.93
624.59	509.94
624.63	761.84
624.68	616.44
624.73	405.50
624.78	393.21
624.82	407.55
624.87	751.60
624.92	741.36
624.97	565.24
625.01	395.26
625.06	378.87
625.11	415.74
625.16	393.21
625.20	339.96
625.25	397.31
625.30	577.53
625.35	348.15
625.39	391.16
625.44	669.69
625.49	540.66
625.54	475.13
625.58	770.04
625.63	464.89
625.68	727.03
625.73	657.40
625.77	544.76
625.82	780.28
625.87	391.16
625.92	405.50
625.96	751.60
626.01	131.07
626.06	532.47
626.10	569.34
626.15	663.54
626.20	739.32
626.25	540.66
626.29	675.83
626.34	485.37
626.39	624.63
626.44	532.47
626.48	741.36
626.53	356.35
626.58	618.49
626.62	346.11
626.67	589.82
626.72	509.94
626.77	399.35
626.81	563.19
626.86	749.56
626.91	555.00
626.96	733.17
627.00	307.20
627.05	569.34
627.10	778.23
627.14	608.25
627.19	563.19
627.24	215.04
627.29	434.17
627.33	684.02
627.38	638.97
627.43	559.10
627.47	446.46
627.52	444.41
627.57	511.99
627.62	552.95
627.66	757.75
627.71	507.90
627.76	419.83
627.80	401.40
627.85	587.77
627.90	677.88
627.94	475.13
627.99	733.17
628.04	835.57
628.09	743.41
628.13	604.15
628.18	720.89
628.23	380.92
628.27	372.73
628.32	333.82
628.37	411.64
628.41	471.03
628.46	372.73
628.51	440.31
628.55	765.94
628.60	593.91
628.65	628.73
628.70	454.65
628.74	643.06
628.79	612.34
628.84	354.30
628.88	583.67
628.93	638.97
628.98	681.97
629.02	702.45
629.07	657.40
629.12	698.36
629.16	735.22
629.21	350.20
629.26	577.53
629.30	479.22
629.35	419.83
629.40	479.22
629.44	413.69
629.49	616.44
629.54	428.03
629.58	464.89
629.63	571.38
629.68	419.83
629.72	616.44
629.77	688.12
629.82	583.67
629.86	802.80
629.91	518.14
629.96	755.70
630.00	671.73
630.05	614.39
630.10	690.17
630.14	737.27
630.19	499.70
630.24	405.50
630.28	550.90
630.33	352.25
630.38	409.59
630.42	618.49
630.47	462.84
630.52	546.81
630.56	659.45
630.61	774.13
630.66	315.39
630.70	684.02
630.75	378.87
630.80	378.87
630.84	405.50
630.89	819.19
630.94	487.42
630.98	704.50
631.03	360.44
631.07	522.23
631.12	741.36
631.17	727.03
631.21	571.38
631.26	618.49
631.31	694.26
631.35	421.88
631.40	284.67
631.45	555.00
631.49	440.31
631.54	800.76
631.59	686.07
631.63	557.05
631.68	475.13
631.72	464.89
631.77	565.24
631.82	684.02
631.86	454.65
631.91	378.87
631.96	290.81
632.00	722.93
632.05	380.92
632.09	630.77
632.14	761.84
632.19	722.93
632.23	696.31
632.28	645.11
632.33	647.16
632.37	475.13
632.42	788.47
632.46	454.65
632.51	618.49
632.56	487.42
632.60	432.12
632.65	790.52
632.70	733.17
632.74	481.27
632.79	337.91
632.83	172.03
632.88	595.96
632.93	649.21
632.97	436.22
633.02	655.35
633.06	720.88
633.11	655.35
633.16	901.11
633.20	294.91
633.25	524.28
633.29	747.51
633.34	718.84
633.39	696.31
633.43	423.93
633.48	446.46
633.52	466.94
633.57	675.83
633.62	608.25
633.66	593.91
633.71	651.25
633.75	620.53
633.80	575.48
633.85	759.80
633.89	593.91
633.94	352.25
633.98	567.29
634.03	301.05
634.08	557.05
634.12	440.31
634.17	657.40
634.21	628.73
634.26	475.13
634.31	731.12
634.35	559.10
634.40	778.23
634.44	503.80
634.49	575.48
634.54	667.64
634.58	632.82
634.63	528.38
634.67	538.62
634.72	415.74
634.76	747.51
634.81	415.74
634.86	720.89
634.90	729.08
634.95	616.44
634.99	450.55
635.04	770.04
635.08	710.65
635.13	806.90
635.18	782.32
635.22	583.67
635.27	641.01
635.31	716.79
635.36	401.40
635.40	659.45
635.45	567.29
635.50	477.18
635.54	321.53
635.59	419.83
635.63	581.62
635.68	718.84
635.72	698.36
635.77	806.90
635.81	499.70
635.86	477.18
635.91	552.95
635.95	671.73
636.00	438.27
636.04	366.59
636.09	438.27
636.13	688.12
636.18	301.05
636.22	651.25
636.27	532.47
636.32	546.81
636.36	645.11
636.41	645.11
636.45	540.66
636.50	483.32
636.54	681.97
636.59	559.10
636.63	329.72
636.68	499.70
636.73	524.28
636.77	540.66
636.82	399.35
636.86	845.81
636.91	690.17
636.95	249.85
637.00	323.58
637.04	374.78
637.09	606.20
637.13	733.17
637.18	653.30
637.22	286.72
637.27	522.23
637.31	677.88
637.36	303.10
637.41	772.08
637.45	516.09
637.50	466.94
637.54	722.93
637.59	747.51
637.63	696.31
637.68	612.34
637.72	645.11
637.77	329.72
637.81	319.48
637.86	778.23
637.90	405.50
637.95	587.77
637.99	577.53
638.04	569.34
638.08	438.27
638.13	411.64
638.17	641.01
638.22	425.98
638.26	602.10
638.31	694.26
638.35	677.88
638.40	811.00
638.45	319.48
638.49	739.32
638.54	430.07
638.58	280.57
638.63	591.86
638.67	767.99
638.72	557.05
638.76	550.90
638.81	409.59
638.85	731.12
638.90	643.06
638.94	626.68
638.99	473.08
639.03	827.38
639.08	335.87
639.12	413.69
639.17	503.80
639.21	763.89
639.26	380.92
639.30	538.62
639.35	477.18
639.39	520.18
639.44	448.51
639.48	417.79
639.53	626.68
639.57	720.88
639.62	585.72
639.66	827.38
639.70	360.44
639.75	712.69
639.79	583.67
639.84	743.41
639.88	585.72
639.93	526.33
639.97	399.35
640.02	491.51
640.06	346.11
640.11	735.22
640.15	466.94
640.20	542.71
640.24	755.70
640.29	718.84
640.33	256.00
640.38	743.41
640.42	763.89
640.47	706.55
640.51	366.59
640.56	509.94
640.60	663.54
640.65	358.39
640.69	641.01
640.73	690.17
640.78	698.36
640.82	604.15
640.87	466.94
640.91	628.73
640.96	555.00
641.00	634.87
641.05	360.44
641.09	714.74
641.14	462.84
641.18	428.03
641.23	503.80
641.27	890.87
641.32	669.69
641.36	511.99
641.40	471.03
641.45	542.71
641.49	342.01
641.54	479.22
641.58	385.02
641.63	690.17
641.67	559.10
641.72	362.49
641.76	559.10
641.80	454.65
641.85	329.72
641.89	825.33
641.94	610.29
641.98	305.15
642.03	442.36
642.07	641.01
642.12	473.08
642.16	753.65
642.20	751.60
642.25	724.98
642.29	675.83
642.34	530.42
642.38	595.96
642.43	671.73
642.47	659.45
642.52	380.92
642.56	366.59
642.60	468.98
642.65	393.21
642.69	755.70
642.74	604.15
642.78	708.60
642.83	395.26
642.87	767.99
642.91	489.46
642.96	516.09
643.00	378.87
643.05	618.49
643.09	706.55
643.14	735.22
643.18	532.47
643.22	737.27
643.27	442.36
643.31	348.15
643.36	542.71
643.40	669.69
643.45	677.88
643.49	657.40
643.53	567.29
643.58	827.38
643.62	759.80
643.67	456.70
643.71	667.64
643.75	704.50
643.80	665.59
643.84	636.92
643.89	608.25
643.93	839.67
643.97	591.86
644.02	571.38
644.06	464.89
644.11	468.98
644.15	483.32
644.19	806.90
644.24	534.52
644.28	819.19
644.33	434.17
644.37	831.48
644.42	411.64
644.46	706.55
644.50	774.13
644.55	366.59
644.59	509.94
644.63	765.94
644.68	544.76
644.72	458.74
644.77	702.45
644.81	675.83
644.85	641.01
644.90	407.55
644.94	417.79
644.99	718.84
645.03	280.57
645.07	737.27
645.12	759.80
645.16	620.53
645.21	440.31
645.25	385.02
645.29	573.43
645.34	342.01
645.38	446.46
645.42	276.48
645.47	319.48
645.51	511.99
645.56	739.32
645.60	729.08
645.64	548.86
645.69	462.84
645.73	346.11
645.77	759.80
645.82	534.52
645.86	618.49
645.91	419.83
645.95	550.90
645.99	419.83
646.04	460.79
646.08	712.69
646.12	657.40
646.17	589.82
646.21	671.73
646.26	630.77
646.30	702.45
646.34	739.32
646.39	423.93
646.43	718.84
646.47	817.14
646.52	333.82
646.56	204.80
646.60	585.72
646.65	753.65
646.69	448.51
646.73	696.31
646.78	475.13
646.82	843.76
646.87	761.84
646.91	727.03
646.95	458.75
647.00	737.27
647.04	595.96
647.08	849.91
647.13	712.69
647.17	876.53
647.21	507.90
647.26	716.79
647.30	577.53
647.34	745.46
647.39	704.50
647.43	565.24
647.47	415.74
647.52	667.64
647.56	595.96
647.60	274.43
647.65	450.55
647.69	571.38
647.73	364.54
647.78	823.28
647.82	632.82
647.86	454.65
647.91	339.96
647.95	679.93
647.99	598.01
648.04	585.72
648.08	235.52
648.12	460.79
648.17	321.53
648.21	358.39
648.25	421.88
648.30	548.86
648.34	737.27
648.38	897.01
648.43	530.42
648.47	428.03
648.51	385.02
648.56	720.88
648.60	692.21
648.64	671.73
648.69	700.41
648.73	935.92
648.77	718.84
648.82	700.41
648.86	643.06
648.90	757.75
648.95	645.11
648.99	585.72
649.03	413.69
649.07	702.45
649.12	579.58
649.16	897.01
649.20	712.69
649.25	782.32
649.29	575.48
649.33	319.48
649.38	647.16
649.42	610.29
649.46	765.94
649.51	368.63
649.55	606.20
649.59	800.76
649.63	428.03
649.68	747.51
649.72	511.99
649.76	641.01
649.81	536.57
649.85	458.74
649.89	432.12
649.93	856.05
649.98	358.39
650.02	511.99
650.06	423.93
650.11	428.03
650.15	511.99
650.19	514.04
650.24	331.77
650.28	733.17
650.32	342.01
650.36	759.80
650.41	344.06
650.45	411.64
650.49	548.86
650.54	299.00
650.58	407.55
650.62	671.73
650.66	423.93
650.71	692.21
650.75	620.53
650.79	763.89
650.83	419.83
650.88	851.95
650.92	479.22
650.96	530.42
651.01	806.90
651.05	368.63
651.09	503.80
651.13	583.67
651.18	438.27
651.22	372.73
651.26	477.18
651.30	591.86
651.35	501.75
651.39	765.94
651.43	464.89
651.48	825.33
651.52	583.67
651.56	323.58
651.60	602.10
651.65	569.34
651.69	528.38
651.73	516.09
651.77	395.26
651.82	442.36
651.86	301.05
651.90	606.20
651.94	663.54
651.99	477.18
652.03	532.47
652.07	630.77
652.11	569.34
652.16	385.02
652.20	616.44
652.24	688.12
652.28	305.15
652.33	839.67
652.37	477.18
652.41	575.48
652.45	376.83
652.50	694.26
652.54	641.01
652.58	780.28
652.62	389.11
652.67	563.19
652.71	333.82
652.75	745.46
652.79	319.48
652.84	456.70
652.88	710.65
652.92	636.92
652.96	573.43
653.00	663.54
653.05	471.03
653.09	792.56
653.13	419.83
653.17	571.38
653.22	731.12
653.26	237.56
653.30	317.44
653.34	565.24
653.39	735.22
653.43	292.86
653.47	479.22
653.51	507.90
653.55	563.19
653.60	487.42
653.64	665.59
653.68	894.96
653.72	630.77
653.77	743.41
653.81	309.24
653.85	331.77
653.89	606.20
653.93	511.99
653.98	331.77
654.02	729.08
654.06	395.26
654.10	753.65
654.14	749.56
654.19	268.28
654.23	329.72
654.27	702.45
654.31	440.31
654.35	636.92
654.40	600.05
654.44	794.61
654.48	278.52
654.52	716.79
654.57	552.95
654.61	671.73
654.65	546.81
654.69	493.56
654.73	636.92
654.78	669.69
654.82	397.31
654.86	485.37
654.90	438.27
654.94	587.77
654.98	337.91
655.03	833.52
655.07	339.96
655.11	720.88
655.15	464.89
655.19	718.84
655.24	409.59
655.28	444.41
655.32	317.44
655.36	665.59
655.40	444.41
655.45	763.89
655.49	509.94
655.53	724.98
655.57	430.07
655.61	704.50
655.65	604.15
655.70	645.11
655.74	251.90
655.78	382.97
655.82	436.22
655.86	655.35
655.91	595.96
655.95	526.33
655.99	501.75
656.03	880.63
656.07	581.62
656.11	536.57
656.16	370.68
656.20	835.57
656.24	237.56
656.28	385.02
656.32	724.98
656.36	892.91
656.41	729.08
656.45	636.92
656.49	487.42
656.53	456.70
656.57	466.94
656.61	483.32
656.66	552.95
656.70	827.38
656.74	813.04
656.78	655.35
656.82	782.32
656.86	675.83
656.91	581.62
656.95	458.74
656.99	634.87
657.03	823.28
657.07	544.76
657.11	452.60
657.15	772.08
657.20	675.83
657.24	473.08
657.28	573.43
657.32	741.36
657.36	485.37
657.40	303.10
657.44	702.45
657.49	731.12
657.53	624.63
657.57	702.45
657.61	518.14
657.65	643.06
657.69	753.65
657.73	667.64
657.78	706.55
657.82	415.74
657.86	741.36
657.90	616.44
657.94	634.87
657.98	452.60
658.02	960.50
658.07	731.12
658.11	739.32
658.15	755.70
658.19	731.12
658.23	589.82
658.27	354.30
658.31	671.73
658.35	712.69
658.40	628.73
658.44	661.49
658.48	393.21
658.52	679.93
658.56	610.29
658.60	673.78
658.64	606.20
658.68	514.04
658.73	438.27
658.77	698.36
658.81	419.83
658.85	739.32
658.89	530.42
658.93	436.22
658.97	561.14
659.01	598.01
659.06	395.26
659.10	665.59
659.14	348.15
659.18	520.18
659.22	450.55
659.26	530.42
659.30	487.42
659.34	686.07
659.38	352.25
659.42	786.42
659.47	600.05
659.51	790.52
659.55	620.53
659.59	741.36
659.63	591.86
659.67	739.32
659.71	716.79
659.75	450.55
659.79	452.60
659.83	638.97
659.88	778.23
659.92	550.90
659.96	845.81
660.00	432.12
660.04	794.61
660.08	657.40
660.12	602.10
660.16	829.43
660.20	686.07
660.24	542.71
660.28	735.22
660.33	901.11
660.37	620.53
660.41	288.76
660.45	643.06
660.49	327.67
660.53	632.82
660.57	446.46
660.61	718.84
660.65	417.79
660.69	563.19
660.73	679.93
660.77	643.06
660.82	425.98
660.86	618.49
660.90	385.02
660.94	712.69
660.98	567.29
661.02	575.48
661.06	620.53
661.10	770.04
661.14	600.05
661.18	651.25
661.22	348.15
661.26	618.49
661.30	636.92
661.34	471.03
661.39	280.57
661.43	536.57
661.47	907.25
661.51	540.66
661.55	540.66
661.59	602.10
661.63	481.27
661.67	372.73
661.71	456.70
661.75	436.22
661.79	673.78
661.83	575.48
661.87	776.18
661.91	602.10
661.95	608.25
661.99	477.18
662.03	753.65
662.08	538.62
662.12	577.53
662.16	569.34
662.20	483.32
662.24	491.51
662.28	399.35
662.32	540.66
662.36	595.96
662.40	776.18
662.44	612.34
662.48	577.53
662.52	387.07
662.56	573.43
662.60	643.06
662.64	563.19
662.68	520.18
662.72	524.28
662.76	579.58
662.80	657.40
662.84	454.65
662.88	389.11
662.92	378.87
662.96	690.17
663.00	579.58
663.04	753.65
663.09	475.13
663.13	339.96
663.17	688.12
663.21	649.21
663.25	479.22
663.29	403.45
663.33	724.98
663.37	428.03
663.41	847.86
663.45	444.41
663.49	767.99
663.53	567.29
663.57	483.32
663.61	380.92
663.65	-2914.26
663.69	262.14
663.73	702.45
663.77	495.61
663.81	563.19
663.85	718.84
663.89	761.84
663.93	874.48
663.97	456.70
664.01	569.34
664.05	741.36
664.09	606.20
664.13	417.79
664.17	638.97
664.21	638.97
664.25	458.74
664.29	610.29
664.33	645.11
664.37	438.27
664.41	487.42
664.45	710.65
664.49	417.79
664.53	423.93
664.57	741.36
664.61	526.33
664.65	567.29
664.69	458.74
664.73	446.46
664.77	684.02
664.81	456.70
664.85	583.67
664.89	471.03
664.93	923.63
664.97	561.14
665.01	749.56
665.05	620.53
665.09	561.14
665.13	692.21
665.17	649.21
665.21	862.19
665.25	497.66
665.29	471.03
665.33	702.45
665.37	737.27
665.41	499.70
665.45	720.88
665.49	622.58
665.53	522.23
665.57	776.18
665.61	811.00
665.65	761.84
665.69	579.58
665.73	870.39
665.77	573.43
665.81	737.27
665.85	382.97
665.89	841.72
665.92	587.77
665.96	407.55
666.00	706.55
666.04	796.66
666.08	516.09
666.12	647.16
666.16	544.76
666.20	854.00
666.24	661.49
666.28	415.74
666.32	555.00
666.36	591.86
666.40	677.88
666.44	423.93
666.48	454.65
666.52	442.36
666.56	669.69
666.60	475.13
666.64	770.04
666.68	573.43
666.72	802.80
666.76	849.91
666.80	729.08
666.84	790.52
666.88	524.28
666.91	794.61
666.95	491.51
666.99	866.29
667.03	565.24
667.07	806.90
667.11	528.38
667.15	432.12
667.19	651.25
667.23	696.31
667.27	751.60
667.31	868.34
667.35	643.06
667.39	733.17
667.43	663.54
667.47	835.57
667.51	612.34
667.55	909.30
667.58	849.91
667.62	1300.46
667.66	2185.18
667.70	4175.81
667.74	7188.37
667.78	11216.72
667.82	15795.98
667.86	19087.07
667.90	21341.88
667.94	23236.25
667.98	25880.18
668.02	33371.65
668.06	33572.35
668.10	25343.61
668.13	18865.89
668.17	18568.93
668.21	20412.10
668.25	21903.03
668.29	20504.26
668.33	18798.31
668.37	16631.55
668.41	16172.81
668.45	17159.93
668.49	18253.55
668.53	18814.69
668.57	17602.29
668.60	17751.79
668.64	17436.41
668.68	16566.02
668.72	15441.68
668.76	13866.80
668.80	12410.69
668.84	11128.66
668.88	9848.68
668.92	8667.00
668.96	7198.61
669.00	6606.75
669.03	5576.62
669.07	4423.61
669.11	3778.50
669.15	3074.00
669.19	2738.13
669.23	2097.12
669.27	1775.59
669.31	1560.55
669.35	1331.18
669.39	1228.78
669.42	1077.23
669.46	921.59
669.50	759.80
669.54	858.10
669.58	874.48
669.62	782.32
669.66	460.79
669.70	509.94
669.74	782.32
669.78	727.03
669.81	831.48
669.85	438.27
669.89	487.42
669.93	712.69
669.97	800.76
670.01	518.14
670.05	909.30
670.09	389.11
670.12	548.86
670.16	509.94
670.20	606.20
670.24	552.95
670.28	417.79
670.32	653.30
670.36	397.31
670.40	655.35
670.43	450.55
670.47	651.25
670.51	317.44
670.55	376.83
670.59	479.22
670.63	520.18
670.67	462.84
670.71	589.82
670.74	626.68
670.78	518.14
670.82	550.90
670.86	532.47
670.90	800.76
670.94	718.84
670.98	557.05
671.01	258.04
671.05	440.31
671.09	677.88
671.13	530.42
671.17	333.82
671.21	622.58
671.25	696.31
671.28	655.35
671.32	399.35
671.36	499.70
671.40	385.02
671.44	475.13
671.48	452.60
671.52	679.93
671.55	352.25
671.59	536.57
671.63	462.84
671.67	790.52
671.71	618.49
671.75	587.77
671.79	317.44
671.82	442.36
671.86	681.97
671.90	356.35
671.94	538.62
