476.77	-4.10
476.84	-4.10
476.91	-4.10
476.98	-2.05
477.04	55.30
477.11	114.69
477.18	26.62
477.25	-92.16
477.32	-4.10
477.39	77.82
477.45	-30.72
477.52	83.97
477.59	98.30
477.66	20.48
477.73	-75.77
477.80	-40.96
477.86	24.58
477.93	-90.11
478.00	-28.67
478.07	24.58
478.14	34.82
478.21	2.05
478.27	-110.59
478.34	79.87
478.41	-30.72
478.48	22.53
478.55	-63.49
478.62	-172.03
478.68	100.35
478.75	65.53
478.82	-47.10
478.89	26.62
478.96	-59.39
479.02	-38.91
479.09	-6.14
479.16	77.82
479.23	57.34
479.30	-10.24
479.37	14.34
479.43	98.30
479.50	131.07
479.57	-2.05
479.64	-114.69
479.71	28.67
479.77	63.49
479.84	28.67
479.91	10.24
479.98	26.62
480.05	-18.43
480.11	10.24
480.18	-12.29
480.25	86.01
480.32	81.92
480.39	-14.34
480.45	59.39
480.52	4.10
480.59	36.86
480.66	-20.48
480.73	-110.59
480.79	-53.25
480.86	-40.96
480.93	43.01
481.00	-75.77
481.07	-14.34
481.13	24.58
481.20	36.86
481.27	30.72
481.34	8.19
481.41	-4.10
481.47	-14.34
481.54	94.21
481.61	-26.62
481.68	73.73
481.74	49.15
481.81	34.82
481.88	40.96
481.95	96.25
482.02	0.00
482.08	47.10
482.15	-34.82
482.22	-51.20
482.29	-53.25
482.35	120.83
482.42	-20.48
482.49	-153.60
482.56	-32.77
482.63	36.86
482.69	-34.82
482.76	45.06
482.83	12.29
482.90	-14.34
482.96	-20.48
483.03	53.25
483.10	-10.24
483.17	-6.14
483.24	-32.77
483.30	-47.10
483.37	16.38
483.44	-100.35
483.51	-18.43
483.57	28.67
483.64	-40.96
483.71	6.14
483.78	63.49
483.84	-73.73
483.91	-28.67
483.98	104.45
484.05	53.25
484.11	32.77
484.18	-67.58
484.25	-88.06
484.32	14.34
484.38	-18.43
484.45	81.92
484.52	43.01
484.59	30.72
484.65	32.77
484.72	6.14
484.79	30.72
484.86	-6.14
484.92	92.16
484.99	-20.48
485.06	-40.96
485.13	-28.67
485.19	4.10
485.26	-8.19
485.33	16.38
485.40	14.34
485.46	53.25
485.53	-18.43
485.60	-22.53
485.67	-36.86
485.73	-69.63
485.80	75.77
485.87	28.67
485.94	-14.34
486.00	-30.72
486.07	30.72
486.14	-86.01
486.20	77.82
486.27	53.25
486.34	-36.86
486.41	55.30
486.47	94.21
486.54	22.53
486.61	55.30
486.68	38.91
486.74	20.48
486.81	8.19
486.88	45.06
486.94	40.96
487.01	-8.19
487.08	24.58
487.15	-28.67
487.21	2.05
487.28	6.14
487.35	51.20
487.41	73.73
487.48	-126.97
487.55	75.77
487.62	38.91
487.68	4.10
487.75	-40.96
487.82	-38.91
487.88	16.38
487.95	40.96
488.02	-6.14
488.09	12.29
488.15	-69.63
488.22	20.48
488.29	-118.78
488.35	4.10
488.42	-4.10
488.49	-81.92
488.56	47.10
488.62	-26.62
488.69	-139.26
488.76	38.91
488.82	-51.20
488.89	-98.30
488.96	-4.10
489.02	-69.63
489.09	45.06
489.16	32.77
489.22	-32.77
489.29	-2.05
489.36	-28.67
489.43	-98.30
489.49	-18.43
489.56	0.00
489.63	-67.58
489.69	-28.67
489.76	36.86
489.83	18.43
489.89	-75.77
489.96	14.34
490.03	-79.87
490.09	4.10
490.16	-20.48
490.23	-55.30
490.29	-12.29
490.36	-6.14
490.43	0.00
490.50	2.05
490.56	90.11
490.63	83.97
490.70	81.92
490.76	79.87
490.83	53.25
490.90	18.43
490.96	79.87
491.03	67.58
491.10	-4.10
491.16	-14.34
491.23	-55.30
491.30	-20.48
491.36	38.91
491.43	-16.38
491.50	83.97
491.56	-77.82
491.63	-6.14
491.70	20.48
491.76	51.20
491.83	-20.48
491.90	-20.48
491.96	-14.34
492.03	-73.73
492.10	-38.91
492.16	8.19
492.23	100.35
492.30	18.43
492.36	47.10
492.43	2.05
492.50	-77.82
492.56	77.82
492.63	36.86
492.70	145.41
492.76	55.30
492.83	69.63
492.89	55.30
492.96	-51.20
493.03	34.82
493.09	-18.43
493.16	86.01
493.23	-55.30
493.29	-65.54
493.36	-69.63
493.43	-32.77
493.49	2.05
493.56	-12.29
493.63	2.05
493.69	55.30
493.76	63.49
493.82	-40.96
493.89	102.40
493.96	-26.62
494.02	51.20
494.09	71.68
494.16	34.82
494.22	79.87
494.29	34.82
494.36	77.82
494.42	-51.20
494.49	83.97
494.55	16.38
494.62	-24.58
494.69	79.87
494.75	61.44
494.82	51.20
494.89	77.82
494.95	-43.01
495.02	30.72
495.08	47.10
495.15	55.30
495.22	112.64
495.28	145.41
495.35	-4.10
495.42	-45.06
495.48	-49.15
495.55	120.83
495.61	-8.19
495.68	26.62
495.75	53.25
495.81	4.10
495.88	-65.53
495.94	14.34
496.01	75.77
496.08	30.72
496.14	81.92
496.21	-47.10
496.28	-10.24
496.34	8.19
496.41	-57.34
496.47	49.15
496.54	-4.10
496.61	71.68
496.67	-30.72
496.74	-55.30
496.80	75.77
496.87	-77.82
496.94	135.17
497.00	53.25
497.07	47.10
497.13	61.44
497.20	-155.65
497.27	96.25
497.33	-40.96
497.40	-14.34
497.46	98.30
497.53	137.21
497.60	81.92
497.66	2.05
497.73	79.87
497.79	-45.06
497.86	-26.62
497.93	-20.48
497.99	108.54
498.06	-20.48
498.12	51.20
498.19	122.88
498.25	-8.19
498.32	10.24
498.39	90.11
498.45	40.96
498.52	-36.86
498.58	40.96
498.65	-88.06
498.72	-43.01
498.78	92.16
498.85	-47.10
498.91	61.44
498.98	-38.91
499.04	96.25
499.11	4.10
499.18	59.39
499.24	-12.29
499.31	32.77
499.37	-30.72
499.44	32.77
499.50	-34.82
499.57	6.14
499.64	34.82
499.70	-30.72
499.77	69.63
499.83	-14.34
499.90	14.34
499.96	-53.25
500.03	28.67
500.09	2.05
500.16	47.10
500.23	22.53
500.29	8.19
500.36	92.16
500.42	-8.19
500.49	4.10
500.55	40.96
500.62	59.39
500.68	75.77
500.75	20.48
500.82	-8.19
500.88	40.96
500.95	53.25
501.01	-14.34
501.08	10.24
501.14	217.08
501.21	120.83
501.27	108.54
501.34	276.48
501.41	286.72
501.47	266.24
501.54	382.97
501.60	286.72
501.67	446.46
501.73	219.13
501.80	153.60
501.86	126.97
501.93	178.17
501.99	131.07
502.06	36.86
502.12	55.30
502.19	-69.63
502.26	34.82
502.32	83.97
502.39	-71.68
502.45	-49.15
502.52	-10.24
502.58	36.86
502.65	-59.39
502.71	-47.10
502.78	14.34
502.84	6.14
502.91	32.77
502.97	-10.24
503.04	-8.19
503.10	135.17
503.17	96.25
503.23	-55.30
503.30	-32.77
503.37	67.58
503.43	-4.10
503.50	34.82
503.56	63.49
503.63	-30.72
503.69	77.82
503.76	-65.54
503.82	0.00
503.89	-22.53
503.95	-20.48
504.02	-16.38
504.08	22.53
504.15	-55.30
504.21	63.49
504.28	6.14
504.34	104.45
504.41	-2.05
504.47	65.54
504.54	8.19
504.60	-28.67
504.67	-73.73
504.73	-53.25
504.80	28.67
504.86	18.43
504.93	71.68
504.99	-26.62
505.06	-108.54
505.12	4.10
505.19	-14.34
505.25	59.39
505.32	-69.63
505.38	45.06
505.45	12.29
505.51	61.44
505.58	4.10
505.64	73.73
505.71	20.48
505.77	53.25
505.84	38.91
505.90	55.30
505.97	2.05
506.03	18.43
506.10	8.19
506.16	-98.30
506.23	-10.24
506.29	-55.30
506.36	2.05
506.42	141.31
506.49	57.34
506.55	-49.15
506.62	32.77
506.68	67.58
506.75	32.77
506.81	-26.62
506.87	20.48
506.94	53.25
507.00	45.06
507.07	-38.91
507.13	88.06
507.20	14.34
507.26	151.55
507.33	43.01
507.39	47.10
507.46	-24.58
507.52	40.96
507.59	2.05
507.65	-40.96
507.72	-67.58
507.78	0.00
507.85	6.14
507.91	-61.44
507.97	-22.53
508.04	-81.92
508.10	-49.15
508.17	-57.34
508.23	10.24
508.30	26.62
508.36	53.25
508.43	176.13
508.49	-36.86
508.56	28.67
508.62	108.54
508.69	47.10
508.75	14.34
508.81	-88.06
508.88	-192.51
508.94	24.58
509.01	-57.34
509.07	-51.20
509.14	-2.05
509.20	-4.10
509.27	102.40
509.33	-57.34
509.39	-28.67
509.46	12.29
509.52	63.49
509.59	-30.72
509.65	8.19
509.72	-59.39
509.78	-73.73
509.85	40.96
509.91	4.10
509.97	-12.29
510.04	10.24
510.10	-8.19
510.17	-65.54
510.23	2.05
510.30	8.19
510.36	67.58
510.42	-8.19
510.49	-22.53
510.55	6.14
510.62	-20.48
510.68	38.91
510.75	20.48
510.81	-24.58
510.88	86.01
510.94	-14.34
511.00	53.25
511.07	-47.10
511.13	-10.24
511.20	61.44
511.26	110.59
511.32	-106.49
511.39	94.21
511.45	32.77
511.52	57.34
511.58	10.24
511.65	-20.48
511.71	-61.44
511.77	-18.43
511.84	10.24
511.90	36.86
511.97	-34.82
512.03	-53.25
512.09	4.10
512.16	-10.24
512.22	28.67
512.29	-6.14
512.35	-57.34
512.42	-20.48
512.48	-12.29
512.54	-157.69
512.61	-16.38
512.67	-77.82
512.74	53.25
512.80	-10.24
512.86	32.77
512.93	-40.96
512.99	43.01
513.06	45.06
513.12	18.43
513.18	-96.25
513.25	-8.19
513.31	-22.53
513.38	67.58
513.44	8.19
513.50	63.49
513.57	38.91
513.63	79.87
513.69	88.06
513.76	-114.69
513.82	-106.49
513.89	4.10
513.95	6.14
514.01	-12.29
514.08	40.96
514.14	4.10
514.21	32.77
514.27	-79.87
514.33	-24.58
514.40	102.40
514.46	86.01
514.53	-49.15
514.59	-20.48
514.65	22.53
514.72	-49.15
514.78	-79.87
514.84	-16.38
514.91	-18.43
514.97	6.14
515.04	8.19
515.10	77.82
515.16	69.63
515.23	20.48
515.29	49.15
515.35	-61.44
515.42	45.06
515.48	100.35
515.54	65.54
515.61	32.77
515.67	75.77
515.74	-126.97
515.80	8.19
515.86	24.58
515.93	-14.34
515.99	88.06
516.05	-45.06
516.12	-55.30
516.18	4.10
516.24	0.00
516.31	20.48
516.37	26.62
516.44	40.96
516.50	10.24
516.56	-18.43
516.63	79.87
516.69	28.67
516.75	-61.44
516.82	36.86
516.88	0.00
516.94	6.14
517.01	51.20
517.07	2.05
517.13	38.91
517.20	79.87
517.26	22.53
517.32	94.21
517.39	-51.20
517.45	-63.49
517.52	32.77
517.58	20.48
517.64	45.06
517.71	4.10
517.77	40.96
517.83	-61.44
517.90	26.62
517.96	-36.86
518.02	-32.77
518.09	26.62
518.15	14.34
518.21	-20.48
518.28	-45.06
518.34	8.19
518.40	-65.54
518.47	-65.54
518.53	38.91
518.59	2.05
518.66	-22.53
518.72	4.10
518.78	51.20
518.85	45.06
518.91	129.02
518.97	2.05
519.03	45.06
519.10	63.49
519.16	0.00
519.22	-40.96
519.29	30.72
519.35	79.87
519.41	67.58
519.48	-163.84
519.54	65.54
519.60	-34.82
519.67	55.30
519.73	92.16
519.79	-24.58
519.86	-22.53
519.92	-81.92
519.98	40.96
520.05	81.92
520.11	34.82
520.17	108.54
520.23	88.06
520.30	90.11
520.36	-6.14
520.42	24.58
520.49	-32.77
520.55	0.00
520.61	-12.29
520.68	-18.43
520.74	45.06
520.80	18.43
520.87	20.48
520.93	73.73
520.99	40.96
521.05	-43.01
521.12	98.30
521.18	-12.29
521.24	-32.77
521.31	73.73
521.37	-36.86
521.43	118.78
521.49	57.34
521.56	-16.38
521.62	-22.53
521.68	47.10
521.75	8.19
521.81	-26.62
521.87	-73.73
521.93	-61.44
522.00	-20.48
522.06	12.29
522.12	71.68
522.19	-34.82
522.25	-32.77
522.31	14.34
522.37	59.39
522.44	-40.96
522.50	-14.34
522.56	67.58
522.63	36.86
522.69	-26.62
522.75	-96.25
522.81	28.67
522.88	-18.43
522.94	34.82
523.00	43.01
523.06	14.34
523.13	-71.68
523.19	-28.67
523.25	-28.67
523.32	-24.58
523.38	14.34
523.44	-63.49
523.50	-77.82
523.57	8.19
523.63	49.15
523.69	-28.67
523.75	32.77
523.82	-45.06
523.88	-26.62
523.94	-65.54
524.00	-38.91
524.07	77.82
524.13	118.78
524.19	-61.44
524.25	73.73
524.32	16.38
524.38	110.59
524.44	67.58
524.50	67.58
524.57	26.62
524.63	-24.58
524.69	53.25
524.75	98.30
524.82	-8.19
524.88	47.10
524.94	-24.58
525.00	12.29
525.07	26.62
525.13	92.16
525.19	12.29
525.25	49.15
525.32	-36.86
525.38	47.10
525.44	22.53
525.50	26.62
525.57	22.53
525.63	-30.72
525.69	-38.91
525.75	-30.72
525.82	-71.68
525.88	4.10
525.94	32.77
526.00	59.39
526.07	34.82
526.13	-32.77
526.19	-16.38
526.25	28.67
526.31	-45.06
526.38	-57.34
526.44	61.44
526.50	-30.72
526.56	108.54
526.63	-32.77
526.69	75.77
526.75	-75.77
526.81	16.38
526.87	-30.72
526.94	-110.59
527.00	40.96
527.06	61.44
527.12	16.38
527.19	63.49
527.25	129.02
527.31	-8.19
527.37	-12.29
527.43	43.01
527.50	18.43
527.56	10.24
527.62	-18.43
527.68	73.73
527.75	83.97
527.81	43.01
527.87	26.62
527.93	38.91
527.99	-10.24
528.06	75.77
528.12	71.68
528.18	-20.48
528.24	-36.86
528.30	4.10
528.37	32.77
528.43	10.24
528.49	-16.38
528.55	-8.19
528.61	-34.82
528.68	-22.53
528.74	-14.34
528.80	153.60
528.86	57.34
528.92	-116.73
528.99	16.38
529.05	32.77
529.11	2.05
529.17	38.91
529.23	-83.97
529.29	8.19
529.36	63.49
529.42	-10.24
529.48	-10.24
529.54	2.05
529.60	22.53
529.67	26.62
529.73	53.25
529.79	45.06
529.85	116.73
529.91	88.06
529.98	-10.24
530.04	14.34
530.10	32.77
530.16	59.39
530.22	63.49
530.28	-55.30
530.35	-24.58
530.41	98.30
530.47	-77.82
530.53	38.91
530.59	63.49
530.65	10.24
530.72	-22.53
530.78	-79.87
530.84	49.15
530.90	120.83
530.96	-102.40
531.02	8.19
531.09	0.00
531.15	51.20
531.21	69.63
531.27	-12.29
531.33	24.58
531.39	53.25
531.46	36.86
531.52	65.54
531.58	51.20
531.64	8.19
531.70	8.19
531.76	-86.01
531.83	94.21
531.89	-71.68
531.95	4.10
532.01	-22.53
532.07	-98.30
532.13	-133.12
532.19	-4.10
532.26	-4.10
532.32	-28.67
532.38	-12.29
532.44	71.68
532.50	61.44
532.56	-71.68
532.63	32.77
532.69	4.10
532.75	16.38
532.81	10.24
532.87	16.38
532.93	6.14
532.99	-98.30
533.06	-79.87
533.12	-22.53
533.18	32.77
533.24	61.44
533.30	86.01
533.36	30.72
533.42	-4.10
533.48	16.38
533.55	45.06
533.61	43.01
533.67	8.19
533.73	-59.39
533.79	-20.48
533.85	-18.43
533.91	81.92
533.98	-69.63
534.04	104.45
534.10	2.05
534.16	32.77
534.22	-79.87
534.28	18.43
534.34	36.86
534.40	51.20
534.47	-6.14
534.53	26.62
534.59	-90.11
534.65	-14.34
534.71	4.10
534.77	14.34
534.83	118.78
534.89	45.06
534.95	-53.25
535.02	57.34
535.08	77.82
535.14	-73.73
535.20	-40.96
535.26	73.73
535.32	75.77
535.38	63.49
535.44	34.82
535.50	4.10
535.57	-30.72
535.63	96.25
535.69	16.38
535.75	69.63
535.81	116.73
535.87	-26.62
535.93	34.82
535.99	18.43
536.05	-43.01
536.11	-83.97
536.18	53.25
536.24	24.58
536.30	-16.38
536.36	-24.58
536.42	8.19
536.48	-28.67
536.54	-75.77
536.60	57.34
536.66	73.73
536.72	-45.06
536.79	-49.15
536.85	110.59
536.91	81.92
536.97	-24.58
537.03	6.14
537.09	53.25
537.15	-12.29
537.21	12.29
537.27	16.38
537.33	79.87
537.39	-12.29
537.45	-36.86
537.52	43.01
537.58	8.19
537.64	12.29
537.70	-8.19
537.76	-24.58
537.82	-40.96
537.88	61.44
537.94	57.34
538.00	-32.77
538.06	104.45
538.12	12.29
538.18	49.15
538.24	-2.05
538.31	55.30
538.37	116.73
538.43	-51.20
538.49	-47.10
538.55	2.05
538.61	-12.29
538.67	24.58
538.73	-22.53
538.79	-20.48
538.85	-12.29
538.91	-28.67
538.97	2.05
539.03	24.58
539.09	-14.34
539.15	45.06
539.21	-12.29
539.28	-59.39
539.34	40.96
539.40	-59.39
539.46	18.43
539.52	-53.25
539.58	32.77
539.64	-55.30
539.70	57.34
539.76	-75.77
539.82	98.30
539.88	-4.10
539.94	14.34
540.00	2.05
540.06	-6.14
540.12	49.15
540.18	-40.96
540.24	-28.67
540.30	47.10
540.36	-57.34
540.42	90.11
540.49	-24.58
540.55	14.34
540.61	59.39
540.67	75.77
540.73	12.29
540.79	-61.44
540.85	-30.72
540.91	-2.05
540.97	51.20
541.03	24.58
541.09	-124.93
541.15	-77.82
541.21	-108.54
541.27	18.43
541.33	-24.58
541.39	-100.35
541.45	-77.82
541.51	-34.82
541.57	-55.30
541.63	-30.72
541.69	30.72
541.75	51.20
541.81	135.17
541.87	24.58
541.93	-94.21
541.99	55.30
542.05	-55.30
542.11	-30.72
542.17	-34.82
542.23	-59.39
542.29	24.58
542.35	16.38
542.41	100.35
542.47	-43.01
542.53	10.24
542.59	-26.62
542.65	-49.15
542.71	-51.20
542.77	-28.67
542.83	-4.10
542.89	-20.48
542.95	110.59
543.01	45.06
543.07	-16.38
543.13	92.16
543.19	30.72
543.25	0.00
543.31	71.68
543.37	-12.29
543.43	-20.48
543.49	6.14
543.55	49.15
543.61	88.06
543.67	45.06
543.73	55.30
543.79	-161.79
543.85	24.58
543.91	61.44
543.97	-16.38
544.03	-36.86
544.09	16.38
544.15	-10.24
544.21	-43.01
544.27	24.58
544.33	22.53
544.39	63.49
544.45	57.34
544.51	14.34
544.57	-73.73
544.63	90.11
544.69	-69.63
544.75	59.39
544.81	22.53
544.87	-12.29
544.93	96.25
544.99	-55.30
545.05	92.16
545.11	-26.62
545.17	-10.24
545.23	-4.10
545.29	-12.29
545.35	100.35
545.41	45.06
545.47	57.34
545.53	-77.82
545.59	-34.82
545.65	47.10
545.71	-28.67
545.77	75.77
545.83	-18.43
545.89	57.34
545.95	0.00
546.01	18.43
546.07	40.96
546.13	69.63
546.19	-55.30
546.25	22.53
546.31	57.34
546.37	-28.67
546.42	47.10
546.48	30.72
546.54	20.48
546.60	-36.86
546.66	14.34
546.72	2.05
546.78	120.83
546.84	-2.05
546.90	-86.01
546.96	12.29
547.02	-22.53
547.08	6.14
547.14	71.68
547.20	28.67
547.26	6.14
547.32	28.67
547.38	-43.01
547.44	55.30
547.50	-100.35
547.56	14.34
547.62	36.86
547.67	55.30
547.73	71.68
547.79	-8.19
547.85	-133.12
547.91	-12.29
547.97	-6.14
548.03	-73.73
548.09	-32.77
548.15	-59.39
548.21	30.72
548.27	-43.01
548.33	-36.86
548.39	-79.87
548.45	49.15
548.51	-43.01
548.56	118.78
548.62	32.77
548.68	-18.43
548.74	-86.01
548.80	-30.72
548.86	-53.25
548.92	-147.45
548.98	75.77
549.04	45.06
549.10	-26.62
549.16	47.10
549.22	-88.06
549.28	-8.19
549.34	-43.01
549.39	10.24
549.45	2.05
549.51	28.67
549.57	71.68
549.63	178.17
549.69	22.53
549.75	36.86
549.81	-26.62
549.87	-16.38
549.93	4.10
549.99	-14.34
550.04	106.49
550.10	-77.82
550.16	4.10
550.22	-18.43
550.28	-18.43
550.34	55.30
550.40	34.82
550.46	28.67
550.52	32.77
550.58	77.82
550.64	10.24
550.69	4.10
550.75	-6.14
550.81	77.82
550.87	12.29
550.93	67.58
550.99	2.05
551.05	-12.29
551.11	47.10
551.17	-24.58
551.23	30.72
551.28	32.77
551.34	-22.53
551.40	36.86
551.46	67.58
551.52	0.00
551.58	45.06
551.64	45.06
551.70	22.53
551.76	-24.58
551.81	4.10
551.87	0.00
551.93	94.21
551.99	12.29
552.05	32.77
552.11	20.48
552.17	-36.86
552.23	-4.10
552.28	-34.82
552.34	-22.53
552.40	55.30
552.46	-69.63
552.52	67.58
552.58	2.05
552.64	-51.20
552.70	88.06
552.75	-71.68
552.81	24.58
552.87	34.82
552.93	-30.72
552.99	-12.29
553.05	96.25
553.11	47.10
553.17	14.34
553.22	75.77
553.28	-24.58
553.34	-14.34
553.40	16.38
553.46	-14.34
553.52	2.05
553.58	-77.82
553.63	-86.01
553.69	-45.06
553.75	-59.39
553.81	86.01
553.87	30.72
553.93	-8.19
553.99	90.11
554.04	-26.62
554.10	2.05
554.16	-47.10
554.22	12.29
554.28	-26.62
554.34	-69.63
554.40	20.48
554.45	-14.34
554.51	32.77
554.57	53.25
554.63	-69.63
554.69	47.10
554.75	-45.06
554.80	-71.68
554.86	12.29
554.92	4.10
554.98	26.62
555.04	-59.39
555.10	40.96
555.16	-12.29
555.21	-32.77
555.27	20.48
555.33	6.14
555.39	-75.77
555.45	49.15
555.51	34.82
555.56	73.73
555.62	92.16
555.68	-88.06
555.74	30.72
555.80	55.30
555.86	22.53
555.91	18.43
555.97	-96.25
556.03	12.29
556.09	59.39
556.15	137.21
556.20	63.49
556.26	-63.49
556.32	-71.68
556.38	-34.82
556.44	55.30
556.50	-43.01
556.55	-118.78
556.61	28.67
556.67	32.77
556.73	24.58
556.79	-34.82
556.84	-59.39
556.90	36.86
556.96	12.29
557.02	-45.06
557.08	14.34
557.14	-36.86
557.19	65.54
557.25	28.67
557.31	-24.58
557.37	-79.87
557.43	-28.67
557.48	18.43
557.54	-22.53
557.60	47.10
557.66	94.21
557.72	-6.14
557.77	18.43
557.83	-22.53
557.89	63.49
557.95	10.24
558.01	-18.43
558.06	10.24
558.12	20.48
558.18	26.62
558.24	45.06
558.30	-77.82
558.35	-2.05
558.41	16.38
558.47	36.86
558.53	-12.29
558.59	83.97
558.64	26.62
558.70	100.35
558.76	28.67
558.82	-4.10
558.88	22.53
558.93	-10.24
558.99	-61.44
559.05	-20.48
559.11	65.53
559.16	38.91
559.22	-36.86
559.28	190.46
559.34	-10.24
559.40	-18.43
559.45	36.86
559.51	57.34
559.57	0.00
559.63	-12.29
559.68	45.06
559.74	34.82
559.80	-24.58
559.86	18.43
559.92	-98.30
559.97	49.15
560.03	14.34
560.09	83.97
560.15	2.05
560.20	61.44
560.26	32.77
560.32	61.44
560.38	16.38
560.43	-10.24
560.49	59.39
560.55	-14.34
560.61	28.67
560.66	-40.96
560.72	-24.58
560.78	-14.34
560.84	-4.10
560.90	43.01
560.95	118.78
561.01	-40.96
561.07	63.49
561.13	86.01
561.18	-51.20
561.24	2.05
561.30	38.91
561.36	-69.63
561.41	86.01
561.47	43.01
561.53	12.29
561.59	2.05
561.64	-6.14
561.70	32.77
561.76	73.73
561.82	-14.34
561.87	83.97
561.93	-38.91
561.99	18.43
562.05	-86.01
562.10	-24.58
562.16	4.10
562.22	55.30
562.27	10.24
562.33	67.58
562.39	-40.96
562.45	-2.05
562.50	14.34
562.56	-24.58
562.62	112.64
562.68	-18.43
562.73	32.77
562.79	-73.73
562.85	-40.96
562.91	-59.39
562.96	4.10
563.02	67.58
563.08	12.29
563.13	-10.24
563.19	57.34
563.25	-57.34
563.31	-63.49
563.36	73.73
563.42	30.72
563.48	6.14
563.53	-75.77
563.59	6.14
563.65	18.43
563.71	-88.06
563.76	26.62
563.82	-4.10
563.88	40.96
563.94	59.39
563.99	69.63
564.05	-81.92
564.11	65.54
564.16	22.53
564.22	8.19
564.28	30.72
564.33	18.43
564.39	-30.72
564.45	-4.10
564.51	-49.15
564.56	-30.72
564.62	57.34
564.68	49.15
564.73	-28.67
564.79	28.67
564.85	36.86
564.91	63.49
564.96	53.25
565.02	-32.77
565.08	0.00
565.13	10.24
565.19	-36.86
565.25	-75.77
565.30	94.21
565.36	-55.30
565.42	16.38
565.47	-83.97
565.53	-45.06
565.59	169.98
565.65	-18.43
565.70	2.05
565.76	-30.72
565.82	-69.63
565.87	-90.11
565.93	34.82
565.99	-73.73
566.04	116.73
566.10	47.10
566.16	79.87
566.21	34.82
566.27	24.58
566.33	59.39
566.38	-90.11
566.44	-16.38
566.50	12.29
566.55	61.44
566.61	106.49
566.67	-24.58
566.73	-32.77
566.78	-6.14
566.84	-112.64
566.90	-30.72
566.95	14.34
567.01	-22.53
567.07	-14.34
567.12	57.34
567.18	4.10
567.24	53.25
567.29	63.49
567.35	0.00
567.41	38.91
567.46	-96.25
567.52	-28.67
567.58	16.38
567.63	24.58
567.69	6.14
567.75	63.49
567.80	30.72
567.86	98.30
567.91	-20.48
567.97	24.58
568.03	-4.10
568.08	-8.19
568.14	-71.68
568.20	-139.26
568.25	-63.49
568.31	71.68
568.37	51.20
568.42	12.29
568.48	-12.29
568.54	-14.34
568.59	-116.73
568.65	-51.20
568.71	22.53
568.76	8.19
568.82	-38.91
568.88	-151.55
568.93	81.92
568.99	-63.49
569.04	61.44
569.10	55.30
569.16	18.43
569.21	-63.49
569.27	77.82
569.33	12.29
569.38	-57.34
569.44	-92.16
569.50	8.19
569.55	-8.19
569.61	34.82
569.66	2.05
569.72	-14.34
569.78	-8.19
569.83	-47.10
569.89	73.73
569.95	30.72
570.00	63.49
570.06	30.72
570.11	59.39
570.17	53.25
570.23	-2.05
570.28	28.67
570.34	36.86
570.40	-71.68
570.45	8.19
570.51	-18.43
570.56	6.14
570.62	88.06
570.68	12.29
570.73	4.10
570.79	92.16
570.85	20.48
570.90	-8.19
570.96	-36.86
571.01	24.58
571.07	79.87
571.13	47.10
571.18	-34.82
571.24	-59.39
571.29	-6.14
571.35	-16.38
571.41	-116.73
571.46	-51.20
571.52	-133.12
571.57	18.43
571.63	-63.49
571.69	163.84
571.74	30.72
571.80	6.14
571.85	-88.06
571.91	14.34
571.97	26.62
572.02	45.06
572.08	-106.49
572.13	-10.24
572.19	126.97
572.25	63.49
572.30	120.83
572.36	12.29
572.41	-10.24
572.47	-67.58
572.53	4.10
572.58	96.25
572.64	26.62
572.69	2.05
572.75	-53.25
572.80	51.20
572.86	-26.62
572.92	-4.10
572.97	-38.91
573.03	-55.30
573.08	24.58
573.14	188.41
573.20	-65.53
573.25	149.50
573.31	14.34
573.36	10.24
573.42	47.10
573.47	-18.43
573.53	12.29
573.59	126.97
573.64	61.44
573.70	-57.34
573.75	-18.43
573.81	18.43
573.86	28.67
573.92	59.39
573.98	108.54
574.03	8.19
574.09	0.00
574.14	-18.43
574.20	-38.91
574.25	65.54
574.31	-90.11
574.37	4.10
574.42	61.44
574.48	14.34
574.53	-30.72
574.59	-20.48
574.64	-12.29
574.70	-2.05
574.75	2.05
574.81	-45.06
574.87	26.62
574.92	92.16
574.98	-112.64
575.03	20.48
575.09	51.20
575.14	-28.67
575.20	43.01
575.25	57.34
575.31	-20.48
575.37	49.15
575.42	55.30
575.48	12.29
575.53	18.43
575.59	32.77
575.64	-59.39
575.70	57.34
575.75	55.30
575.81	-45.06
575.86	-24.58
575.92	71.68
575.98	32.77
576.03	67.58
576.09	-2.05
576.14	32.77
576.20	-73.73
576.25	-24.58
576.31	57.34
576.36	-49.15
576.42	-47.10
576.47	-14.34
576.53	4.10
576.58	-45.06
576.64	-67.58
576.69	-51.20
576.75	-36.86
576.81	57.34
576.86	47.10
576.92	92.16
576.97	47.10
577.03	75.77
577.08	32.77
577.14	18.43
577.19	-6.14
577.25	24.58
577.30	-18.43
577.36	81.92
577.41	73.73
577.47	51.20
577.52	-14.34
577.58	94.21
577.63	83.97
577.69	-4.10
577.74	49.15
577.80	-45.06
577.85	55.30
577.91	110.59
577.96	69.63
578.02	106.49
578.07	55.30
578.13	67.58
578.18	-4.10
578.24	-6.14
578.29	43.01
578.35	-124.93
578.40	118.78
578.46	-20.48
578.51	-86.01
578.57	-88.06
578.62	-30.72
578.68	24.58
578.73	-8.19
578.79	-30.72
578.84	-45.06
578.90	14.34
578.95	2.05
579.01	-28.67
579.06	16.38
579.12	-75.77
579.17	-24.58
579.23	-75.77
579.28	10.24
579.34	-6.14
579.39	57.34
579.45	108.54
579.50	34.82
579.56	94.21
579.61	65.54
579.67	61.44
579.72	96.25
579.78	88.06
579.83	-47.10
579.89	20.48
579.94	-43.01
580.00	43.01
580.05	-26.62
580.11	36.86
580.16	4.10
580.22	-53.25
580.27	59.39
580.32	-30.72
580.38	-30.72
580.43	40.96
580.49	20.48
580.54	55.30
580.60	-14.34
580.65	75.77
580.71	-43.01
580.76	-34.82
580.82	-69.63
580.87	-61.44
580.93	-94.21
580.98	-43.01
581.04	4.10
581.09	45.06
581.14	-151.55
581.20	30.72
581.25	55.30
581.31	-40.96
581.36	-20.48
581.42	-49.15
581.47	-79.87
581.53	-4.10
581.58	2.05
581.64	73.73
581.69	-57.34
581.75	-28.67
581.80	53.25
581.85	-110.59
581.91	-73.73
581.96	122.88
582.02	2.05
582.07	67.58
582.13	-49.15
582.18	49.15
582.24	26.62
582.29	63.49
582.34	24.58
582.40	102.40
582.45	-16.38
582.51	-6.14
582.56	-79.87
582.62	-36.86
582.67	-26.62
582.73	24.58
582.78	102.40
582.83	38.91
582.89	69.63
582.94	-20.48
583.00	57.34
583.05	2.05
583.11	47.10
583.16	67.58
583.21	-47.10
583.27	28.67
583.32	-36.86
583.38	-77.82
583.43	53.25
583.49	-55.30
583.54	4.10
583.59	-20.48
583.65	24.58
583.70	77.82
583.76	-10.24
583.81	0.00
583.87	65.54
583.92	71.68
583.97	-94.21
584.03	10.24
584.08	43.01
584.14	24.58
584.19	34.82
584.24	67.58
584.30	-73.73
584.35	32.77
584.41	65.54
584.46	-18.43
584.52	6.14
584.57	-12.29
584.62	65.54
584.68	94.21
584.73	-38.91
584.79	45.06
584.84	59.39
584.89	-30.72
584.95	83.97
585.00	69.63
585.06	8.19
585.11	-67.58
585.16	43.01
585.22	4.10
585.27	55.30
585.33	20.48
585.38	-118.78
585.43	-18.43
585.49	43.01
585.54	67.58
585.60	-73.73
585.65	-10.24
585.70	57.34
585.76	-98.30
585.81	-53.25
585.87	-22.53
585.92	73.73
585.97	-26.62
586.03	-6.14
586.08	26.62
586.13	47.10
586.19	-16.38
586.24	77.82
586.30	20.48
586.35	2.05
586.40	-57.34
586.46	-43.01
586.51	-40.96
586.57	14.34
586.62	73.73
586.67	-10.24
586.73	-110.59
586.78	-6.14
586.83	-36.86
586.89	94.21
586.94	-38.91
587.00	69.63
587.05	133.12
587.10	-69.63
587.16	-4.10
587.21	92.16
587.26	16.38
587.32	176.13
587.37	1179.63
587.42	4265.92
587.48	8793.98
587.53	14313.25
587.59	17762.03
587.64	23854.74
587.69	27438.69
587.75	23486.11
587.80	21122.75
587.85	23180.96
587.91	23217.82
587.96	14477.09
588.01	8382.34
588.07	4868.02
588.12	3846.09
588.17	2901.97
588.23	1908.71
588.28	1142.77
588.34	716.79
588.39	221.18
588.44	249.85
588.50	102.40
588.55	40.96
588.60	4.10
588.66	34.82
588.71	22.53
588.76	-6.14
588.82	81.92
588.87	47.10
588.92	22.53
588.98	-14.34
589.03	116.73
589.08	14.34
589.14	-8.19
589.19	106.49
589.24	28.67
589.30	32.77
589.35	14.34
589.40	8.19
589.46	-67.58
589.51	26.62
589.56	55.30
589.62	-16.38
589.67	-14.34
589.72	24.58
589.78	104.45
589.83	65.53
589.88	-12.29
589.94	61.44
589.99	26.62
590.04	0.00
590.10	18.43
590.15	30.72
590.20	-53.25
590.26	77.82
590.31	47.10
590.36	20.48
590.42	-106.49
590.47	69.63
590.52	45.06
590.58	-12.29
590.63	45.06
590.68	116.73
590.74	24.58
590.79	18.43
590.84	53.25
590.89	2.05
590.95	-18.43
591.00	-30.72
591.05	-38.91
591.11	122.88
591.16	4.10
591.21	14.34
591.27	-55.30
591.32	98.30
591.37	75.77
591.43	0.00
591.48	-4.10
591.53	2.05
591.58	14.34
591.64	-14.34
591.69	-8.19
591.74	-20.48
591.80	2.05
591.85	6.14
591.90	-61.44
591.96	16.38
592.01	-83.97
592.06	22.53
592.11	10.24
592.17	16.38
592.22	100.35
592.27	2.05
592.33	40.96
592.38	71.68
592.43	-65.54
592.48	40.96
592.54	47.10
592.59	63.49
592.64	-45.06
592.70	36.86
592.75	-34.82
592.80	0.00
592.85	-24.58
592.91	-34.82
592.96	94.21
593.01	28.67
593.07	-12.29
593.12	98.30
593.17	-2.05
593.22	-40.96
593.28	-8.19
593.33	26.62
593.38	-57.34
593.44	-59.39
593.49	-47.10
593.54	-122.88
593.59	-22.53
593.65	-30.72
593.70	73.73
593.75	137.21
593.80	63.49
593.86	-2.05
593.91	-55.30
593.96	-43.01
594.01	26.62
594.07	59.39
594.12	40.96
594.17	67.58
594.23	-90.11
594.28	-59.39
594.33	-8.19
594.38	67.58
594.44	6.14
594.49	-53.25
594.54	51.20
594.59	14.34
594.65	108.54
594.70	-16.38
594.75	24.58
594.80	47.10
594.86	30.72
594.91	-110.59
594.96	28.67
595.01	43.01
595.07	73.73
595.12	-14.34
595.17	24.58
595.22	73.73
595.28	-32.77
595.33	71.68
595.38	135.17
595.43	6.14
595.49	2.05
595.54	-122.88
595.59	-47.10
595.64	16.38
595.69	65.53
595.75	81.92
595.80	0.00
595.85	106.49
595.90	-55.30
595.96	36.86
596.01	-20.48
596.06	90.11
596.11	6.14
596.17	45.06
596.22	71.68
596.27	55.30
596.32	51.20
596.38	4.10
596.43	26.62
596.48	-18.43
596.53	-57.34
596.58	49.15
596.64	-4.10
596.69	-49.15
596.74	-94.21
596.79	-36.86
596.85	-63.49
596.90	-100.35
596.95	14.34
597.00	6.14
597.05	26.62
597.11	-26.62
597.16	-40.96
597.21	47.10
597.26	24.58
597.31	-65.54
597.37	47.10
597.42	-45.06
597.47	-2.05
597.52	55.30
597.57	28.67
597.63	90.11
597.68	-2.05
597.73	-57.34
597.78	149.50
597.84	77.82
597.89	-71.68
597.94	16.38
597.99	22.53
598.04	18.43
598.10	-28.67
598.15	30.72
598.20	26.62
598.25	12.29
598.30	118.78
598.36	22.53
598.41	-38.91
598.46	43.01
598.51	-10.24
598.56	-79.87
598.61	18.43
598.67	-36.86
598.72	-75.77
598.77	-55.30
598.82	0.00
598.87	-16.38
598.93	-4.10
598.98	-12.29
599.03	-34.82
599.08	-135.17
599.13	69.63
599.19	-38.91
599.24	0.00
599.29	-59.39
599.34	-88.06
599.39	18.43
599.44	-47.10
599.50	61.44
599.55	0.00
599.60	81.92
599.65	14.34
599.70	-34.82
599.75	-24.58
599.81	-120.83
599.86	-61.44
599.91	-53.25
599.96	-73.73
600.01	77.82
600.07	22.53
600.12	16.38
600.17	-8.19
600.22	24.58
600.27	-51.20
600.32	26.62
600.38	32.77
600.43	-38.91
600.48	14.34
600.53	-100.35
600.58	18.43
600.63	-6.14
600.68	-45.06
600.74	-63.49
600.79	-38.91
600.84	90.11
600.89	30.72
600.94	8.19
600.99	71.68
601.05	92.16
601.10	53.25
601.15	-20.48
601.20	-26.62
601.25	26.62
601.30	-2.05
601.35	24.58
601.41	-169.98
601.46	43.01
601.51	20.48
601.56	-51.20
601.61	-26.62
601.66	188.41
601.71	77.82
601.77	8.19
601.82	-26.62
601.87	18.43
601.92	26.62
601.97	-26.62
602.02	-40.96
602.07	88.06
602.13	18.43
602.18	51.20
602.23	57.34
602.28	-59.39
602.33	-108.54
602.38	-16.38
602.43	2.05
602.48	-10.24
602.54	18.43
602.59	92.16
602.64	-86.01
602.69	-22.53
602.74	8.19
602.79	36.86
602.84	51.20
602.89	20.48
602.95	61.44
603.00	-22.53
603.05	47.10
603.10	-55.30
603.15	-4.10
603.20	71.68
603.25	43.01
603.30	51.20
603.36	-20.48
603.41	59.39
603.46	34.82
603.51	-28.67
603.56	-47.10
603.61	10.24
603.66	59.39
603.71	43.01
603.76	14.34
603.82	-8.19
603.87	-34.82
603.92	-73.73
603.97	18.43
604.02	65.54
604.07	55.30
604.12	-110.59
604.17	18.43
604.22	4.10
604.28	-81.92
604.33	-6.14
604.38	129.02
604.43	86.01
604.48	30.72
604.53	-49.15
604.58	0.00
604.63	-36.86
604.68	-6.14
604.73	-36.86
604.78	-65.54
604.84	34.82
604.89	-24.58
604.94	-137.21
604.99	-57.34
605.04	-90.11
605.09	-51.20
605.14	-12.29
605.19	79.87
605.24	51.20
605.29	100.35
605.34	-61.44
605.40	-63.49
605.45	18.43
605.50	-20.48
605.55	4.10
605.60	81.92
605.65	-102.40
605.70	-26.62
605.75	-98.30
605.80	43.01
605.85	-14.34
605.90	-22.53
605.95	0.00
606.00	40.96
606.06	12.29
606.11	-28.67
606.16	12.29
606.21	20.48
606.26	-67.58
606.31	96.25
606.36	47.10
606.41	36.86
606.46	26.62
606.51	71.68
606.56	36.86
606.61	61.44
606.66	120.83
606.71	-98.30
606.76	10.24
606.81	-38.91
606.87	0.00
606.92	18.43
606.97	36.86
607.02	8.19
607.07	73.73
607.12	-2.05
607.17	26.62
607.22	4.10
607.27	45.06
607.32	-47.10
607.37	16.38
607.42	-8.19
607.47	-83.97
607.52	-4.10
607.57	-16.38
607.62	18.43
607.67	0.00
607.72	32.77
607.77	-2.05
607.83	6.14
607.88	36.86
607.93	61.44
607.98	-22.53
608.03	14.34
608.08	57.34
608.13	40.96
608.18	-57.34
608.23	-51.20
608.28	-20.48
608.33	36.86
608.38	-88.06
608.43	34.82
608.48	108.54
608.53	14.34
608.58	2.05
608.63	-22.53
608.68	83.97
608.73	18.43
608.78	-69.63
608.83	-18.43
608.88	8.19
608.93	-12.29
608.98	22.53
609.03	28.67
609.08	-12.29
609.13	-98.30
609.18	83.97
609.23	43.01
609.28	114.69
609.33	63.49
609.38	18.43
609.43	32.77
609.48	0.00
609.53	-71.68
609.58	-18.43
609.63	14.34
609.69	2.05
609.74	22.53
609.79	71.68
609.84	-22.53
609.89	-28.67
609.94	-57.34
609.99	-88.06
610.04	-14.34
610.09	-34.82
610.14	10.24
610.19	32.77
610.24	-102.40
610.29	-36.86
610.34	12.29
610.39	-75.77
610.44	-16.38
610.49	26.62
610.54	-45.06
610.59	24.58
610.64	10.24
610.69	92.16
610.74	-43.01
610.79	-34.82
610.84	12.29
610.89	26.62
610.94	-38.91
610.99	-98.30
611.04	0.00
611.09	-49.15
611.14	-38.91
611.18	22.53
611.23	-30.72
611.28	38.91
611.33	-63.49
611.38	65.54
611.43	94.21
611.48	-4.10
611.53	8.19
611.58	40.96
611.63	8.19
611.68	75.77
611.73	118.78
611.78	34.82
611.83	12.29
611.88	141.31
611.93	-102.40
611.98	20.48
612.03	57.34
612.08	-55.30
612.13	26.62
612.18	-10.24
612.23	167.93
612.28	-71.68
612.33	-10.24
612.38	92.16
612.43	81.92
612.48	-81.92
612.53	-14.34
612.58	-59.39
612.63	24.58
612.68	79.87
612.73	86.01
612.78	71.68
612.83	47.10
612.88	83.97
612.93	-18.43
612.97	108.54
613.02	10.24
613.07	-12.29
613.12	88.06
613.17	-28.67
613.22	43.01
613.27	53.25
613.32	-55.30
613.37	-40.96
613.42	-43.01
613.47	-83.97
613.52	92.16
613.57	-10.24
613.62	8.19
613.67	12.29
613.72	-143.36
613.77	96.25
613.82	-32.77
613.87	-34.82
613.92	0.00
613.96	104.45
614.01	14.34
614.06	65.53
614.11	94.21
614.16	-32.77
614.21	20.48
614.26	86.01
614.31	-63.49
614.36	32.77
614.41	145.41
614.46	14.34
614.51	-26.62
614.56	57.34
614.61	-6.14
614.66	-47.10
614.70	77.82
614.75	-122.88
614.80	-10.24
614.85	-47.10
614.90	-2.05
614.95	43.01
615.00	0.00
615.05	-34.82
615.10	-20.48
615.15	-32.77
615.20	-47.10
615.25	24.58
615.30	14.34
615.34	2.05
615.39	-120.83
615.44	36.86
615.49	10.24
615.54	65.53
615.59	-32.77
615.64	-2.05
615.69	-16.38
615.74	-18.43
615.79	22.53
615.84	69.63
615.89	-65.53
615.93	-51.20
615.98	61.44
616.03	96.25
616.08	-98.30
616.13	57.34
616.18	14.34
616.23	26.62
616.28	-16.38
616.33	12.29
616.38	-49.15
616.42	8.19
616.47	18.43
616.52	14.34
616.57	-18.43
616.62	-6.14
616.67	106.49
616.72	-24.58
616.77	-45.06
616.82	20.48
616.87	12.29
616.91	55.30
616.96	81.92
617.01	-6.14
617.06	-24.58
617.11	75.77
617.16	12.29
617.21	-45.06
617.26	-30.72
617.31	-45.06
617.35	-26.62
617.40	34.82
617.45	40.96
617.50	-34.82
617.55	32.77
617.60	65.53
617.65	-4.10
617.70	53.25
617.74	-83.97
617.79	-36.86
617.84	10.24
617.89	90.11
617.94	-104.45
617.99	-20.48
618.04	16.38
618.09	86.01
618.13	-75.77
618.18	-2.05
618.23	-106.49
618.28	63.49
618.33	-94.21
618.38	8.19
618.43	-30.72
618.48	139.26
618.52	0.00
618.57	22.53
618.62	159.74
618.67	36.86
618.72	-36.86
618.77	2.05
618.82	-10.24
618.86	2.05
618.91	32.77
618.96	6.14
619.01	-2.05
619.06	129.02
619.11	-53.25
619.16	-28.67
619.20	-83.97
619.25	102.40
619.30	-26.62
619.35	-38.91
619.40	-59.39
619.45	16.38
619.49	-30.72
619.54	30.72
619.59	-77.82
619.64	49.15
619.69	34.82
619.74	-59.39
619.79	-69.63
619.83	30.72
619.88	-114.69
619.93	-77.82
619.98	-49.15
620.03	-49.15
620.08	6.14
620.12	4.10
620.17	0.00
620.22	63.49
620.27	96.25
620.32	8.19
620.37	-20.48
620.41	38.91
620.46	36.86
620.51	6.14
620.56	53.25
620.61	38.91
620.66	-10.24
620.70	24.58
620.75	65.54
620.80	-120.83
620.85	-63.49
620.90	-20.48
620.95	-16.38
620.99	77.82
621.04	-55.30
621.09	26.62
621.14	79.87
621.19	-47.10
621.23	20.48
621.28	-40.96
621.33	40.96
621.38	120.83
621.43	6.14
621.48	-88.06
621.52	53.25
621.57	-108.54
621.62	71.68
621.67	-55.30
621.72	8.19
621.76	71.68
621.81	-55.30
621.86	59.39
621.91	14.34
621.96	55.30
622.00	61.44
622.05	2.05
622.10	38.91
622.15	-2.05
622.20	73.73
622.24	118.78
622.29	12.29
622.34	-96.25
622.39	-30.72
622.44	-32.77
622.48	-18.43
622.53	20.48
622.58	26.62
622.63	10.24
622.68	4.10
622.72	-20.48
622.77	65.53
622.82	-49.15
622.87	24.58
622.92	10.24
622.96	32.77
623.01	-100.35
623.06	-26.62
623.11	69.63
623.15	-14.34
623.20	77.82
623.25	24.58
623.30	2.05
623.35	57.34
623.39	100.35
623.44	-4.10
623.49	-49.15
623.54	-92.16
623.58	-51.20
623.63	32.77
623.68	129.02
623.73	20.48
623.78	-16.38
623.82	28.67
623.87	65.54
623.92	45.06
623.97	28.67
624.01	79.87
624.06	104.45
624.11	-53.25
624.16	-24.58
624.21	83.97
624.25	-18.43
624.30	26.62
624.35	-8.19
624.40	-71.68
624.44	45.06
624.49	-28.67
624.54	26.62
624.59	-131.07
624.63	18.43
624.68	47.10
624.73	-20.48
624.78	-67.58
624.82	57.34
624.87	22.53
624.92	18.43
624.97	-16.38
625.01	-34.82
625.06	36.86
625.11	51.20
625.16	-10.24
625.20	-4.10
625.25	-26.62
625.30	28.67
625.35	-4.10
625.39	24.58
625.44	-22.53
625.49	-12.29
625.54	92.16
625.58	-2.05
625.63	-32.77
625.68	-51.20
625.73	26.62
625.77	55.30
625.82	-2.05
625.87	-8.19
625.92	57.34
625.96	16.38
626.01	100.35
626.06	92.16
626.10	69.63
626.15	-6.14
626.20	118.78
626.25	-118.78
626.29	8.19
626.34	57.34
626.39	-83.97
626.44	-45.06
626.48	40.96
626.53	2.05
626.58	-51.20
626.62	-45.06
626.67	-83.97
626.72	20.48
626.77	-22.53
626.81	-67.58
626.86	86.01
626.91	-28.67
626.96	-69.63
627.00	-34.82
627.05	-4.10
627.10	116.73
627.14	-71.68
627.19	14.34
627.24	43.01
627.29	59.39
627.33	53.25
627.38	-34.82
627.43	63.49
627.47	26.62
627.52	69.63
627.57	4.10
627.62	-88.06
627.66	-2.05
627.71	36.86
627.76	-28.67
627.80	137.21
627.85	51.20
627.90	-104.45
627.94	0.00
627.99	34.82
628.04	38.91
628.09	79.87
628.13	86.01
628.18	43.01
628.23	-81.92
628.27	-65.54
628.32	20.48
628.37	94.21
628.41	4.10
628.46	47.10
628.51	55.30
628.55	86.01
628.60	-24.58
628.65	8.19
628.70	-14.34
628.74	122.88
628.79	-47.10
628.84	-65.54
628.88	4.10
628.93	40.96
628.98	-59.39
629.02	-43.01
629.07	-18.43
629.12	110.59
629.16	-43.01
629.21	12.29
629.26	14.34
629.30	-36.86
629.35	14.34
629.40	79.87
629.44	-26.62
629.49	-38.91
629.54	63.49
629.58	-75.77
629.63	4.10
629.68	94.21
629.72	-81.92
629.77	67.58
629.82	65.54
629.86	20.48
629.91	69.63
629.96	2.05
630.00	124.93
630.05	12.29
630.10	2.05
630.14	-49.15
630.19	-28.67
630.24	8.19
630.28	20.48
630.33	61.44
630.38	-79.87
630.42	-75.77
630.47	-73.73
630.52	-8.19
630.56	-2.05
630.61	-28.67
630.66	-14.34
630.70	67.58
630.75	-32.77
630.80	-16.38
630.84	26.62
630.89	77.82
630.94	38.91
630.98	18.43
631.03	-94.21
631.07	63.49
631.12	-10.24
631.17	-14.34
631.21	75.77
631.26	38.91
631.31	22.53
631.35	-55.30
631.40	90.11
631.45	-14.34
631.49	69.63
631.54	77.82
631.59	-57.34
631.63	86.01
631.68	-2.05
631.72	2.05
631.77	38.91
631.82	53.25
631.86	-24.58
631.91	-2.05
631.96	-34.82
632.00	8.19
632.05	61.44
632.09	55.30
632.14	-32.77
632.19	86.01
632.23	-6.14
632.28	63.49
632.33	-98.30
632.37	-14.34
632.42	38.91
632.46	0.00
632.51	-79.87
632.56	4.10
632.60	-22.53
632.65	22.53
632.70	-104.45
632.74	-28.67
632.79	-22.53
632.83	-73.73
632.88	57.34
632.93	-10.24
632.97	-65.54
633.02	-59.39
633.06	12.29
633.11	-34.82
633.16	102.40
633.20	38.91
633.25	30.72
633.29	-143.36
633.34	102.40
633.39	110.59
633.43	65.53
633.48	-16.38
633.52	149.50
633.57	-106.49
633.62	10.24
633.66	65.53
633.71	-67.58
633.75	135.17
633.80	10.24
633.85	-63.49
633.89	-69.63
633.94	-92.16
633.98	36.86
634.03	104.45
634.08	63.49
634.12	-61.44
634.17	-45.06
634.21	59.39
634.26	36.86
634.31	-75.77
634.35	-61.44
634.40	-22.53
634.44	32.77
634.49	-16.38
634.54	12.29
634.58	20.48
634.63	108.54
634.67	45.06
634.72	-155.65
634.76	45.06
634.81	-38.91
634.86	24.58
634.90	81.92
634.95	96.25
634.99	77.82
635.04	30.72
635.08	34.82
635.13	10.24
635.18	73.73
635.22	-40.96
635.27	2.05
635.31	-10.24
635.36	4.10
635.40	-6.14
635.45	-12.29
635.50	63.49
635.54	69.63
635.59	57.34
635.63	-45.06
635.68	43.01
635.72	51.20
635.77	77.82
635.81	8.19
635.86	-2.05
635.91	-45.06
635.95	-12.29
636.00	28.67
636.04	34.82
636.09	-53.25
636.13	-36.86
636.18	-6.14
636.22	55.30
636.27	-14.34
636.32	-32.77
636.36	-4.10
636.41	4.10
636.45	12.29
636.50	124.93
636.54	100.35
636.59	55.30
636.63	71.68
636.68	-26.62
636.73	53.25
636.77	10.24
636.82	57.34
636.86	16.38
636.91	40.96
636.95	77.82
637.00	-90.11
637.04	2.05
637.09	8.19
637.13	71.68
637.18	18.43
637.22	18.43
637.27	34.82
637.31	63.49
637.36	10.24
637.41	-30.72
637.45	6.14
637.50	137.21
637.54	28.67
637.59	6.14
637.63	16.38
637.68	-86.01
637.72	-53.25
637.77	-30.72
637.81	14.34
637.86	-26.62
637.90	149.50
637.95	-71.68
637.99	-77.82
638.04	-6.14
638.08	-10.24
638.13	-26.62
638.17	-18.43
638.22	-20.48
638.26	57.34
638.31	14.34
638.35	-12.29
638.40	18.43
638.45	77.82
638.49	43.01
638.54	100.35
638.58	-14.34
638.63	-6.14
638.67	-131.07
638.72	2.05
638.76	53.25
638.81	75.77
638.85	-47.10
638.90	120.83
638.94	-24.58
638.99	53.25
639.03	88.06
639.08	-32.77
639.12	12.29
639.17	12.29
639.21	-47.10
639.26	-10.24
639.30	-30.72
639.35	-16.38
639.39	-75.77
639.44	28.67
639.48	24.58
639.53	110.59
639.57	57.34
639.62	-26.62
639.66	2.05
639.70	-28.67
639.75	71.68
639.79	49.15
639.84	28.67
639.88	110.59
639.93	12.29
639.97	-2.05
640.02	106.49
640.06	88.06
640.11	18.43
640.15	-47.10
640.20	0.00
640.24	26.62
640.29	59.39
640.33	83.97
640.38	77.82
640.42	-61.44
640.47	36.86
640.51	-34.82
640.56	94.21
640.60	2.05
640.65	-26.62
640.69	-81.92
640.73	-8.19
640.78	-28.67
640.82	2.05
640.87	83.97
640.91	47.10
640.96	43.01
641.00	-63.49
641.05	12.29
641.09	-36.86
641.14	67.58
641.18	53.25
641.23	-30.72
641.27	2.05
641.32	12.29
641.36	20.48
641.40	-104.45
641.45	-26.62
641.49	-28.67
641.54	-36.86
641.58	-34.82
641.63	-2.05
641.67	-18.43
641.72	-8.19
641.76	38.91
641.80	14.34
641.85	57.34
641.89	-59.39
641.94	-12.29
641.98	-43.01
642.03	83.97
642.07	-34.82
642.12	135.17
642.16	-28.67
642.20	-20.48
642.25	-81.92
642.29	-8.19
642.34	10.24
642.38	49.15
642.43	-55.30
642.47	47.10
642.52	-59.39
642.56	61.44
642.60	38.91
642.65	61.44
642.69	12.29
642.74	-77.82
642.78	34.82
642.83	81.92
642.87	59.39
642.91	30.72
642.96	81.92
643.00	-18.43
643.05	-22.53
643.09	-28.67
643.14	-67.58
643.18	4.10
643.22	51.20
643.27	-45.06
643.31	-65.54
643.36	40.96
643.40	-4.10
643.45	-6.14
643.49	-67.58
643.53	-20.48
643.58	0.00
643.62	-22.53
643.67	-6.14
643.71	145.41
643.75	47.10
643.80	-77.82
643.84	32.77
643.89	-51.20
643.93	20.48
643.97	38.91
644.02	2.05
644.06	-59.39
644.11	22.53
644.15	-2.05
644.19	6.14
644.24	18.43
644.28	163.84
644.33	122.88
644.37	8.19
644.42	18.43
644.46	16.38
644.50	55.30
644.55	-16.38
644.59	65.54
644.63	18.43
644.68	-16.38
644.72	59.39
644.77	102.40
644.81	28.67
644.85	-2.05
644.90	12.29
644.94	57.34
644.99	-38.91
645.03	69.63
645.07	-65.53
645.12	47.10
645.16	-40.96
645.21	-28.67
645.25	96.25
645.29	116.73
645.34	28.67
645.38	22.53
645.42	-28.67
645.47	71.68
645.51	-51.20
645.56	-45.06
645.60	20.48
645.64	-4.10
645.69	108.54
645.73	49.15
645.77	47.10
645.82	-20.48
645.86	34.82
645.91	16.38
645.95	40.96
645.99	-47.10
646.04	12.29
646.08	-55.30
646.12	20.48
646.17	-4.10
646.21	20.48
646.26	88.06
646.30	-83.97
646.34	-67.58
646.39	-73.73
646.43	65.53
646.47	-143.36
646.52	-36.86
646.56	-83.97
646.60	-75.77
646.65	-2.05
646.69	53.25
646.73	-38.91
646.78	94.21
646.82	-6.14
646.87	-172.03
646.91	71.68
646.95	77.82
647.00	-81.92
647.04	38.91
647.08	-96.25
647.13	-63.49
647.17	-47.10
647.21	47.10
647.26	43.01
647.30	-28.67
647.34	-12.29
647.39	-43.01
647.43	38.91
647.47	0.00
647.52	47.10
647.56	104.45
647.60	47.10
647.65	20.48
647.69	-14.34
647.73	-81.92
647.78	8.19
647.82	-20.48
647.86	126.97
647.91	-75.77
647.95	-6.14
647.99	-12.29
648.04	65.54
648.08	55.30
648.12	-30.72
648.17	34.82
648.21	73.73
648.25	10.24
648.30	-38.91
648.34	10.24
648.38	63.49
648.43	-40.96
648.47	-8.19
648.51	63.49
648.56	-34.82
648.60	178.17
648.64	8.19
648.69	90.11
648.73	-45.06
648.77	-16.38
648.82	34.82
648.86	-20.48
648.90	-67.58
648.95	45.06
648.99	-57.34
649.03	-75.77
649.07	8.19
649.12	4.10
649.16	-65.53
649.20	-77.82
649.25	10.24
649.29	24.58
649.33	86.01
649.38	43.01
649.42	-18.43
649.46	73.73
649.51	59.39
649.55	-4.10
649.59	-26.62
649.63	14.34
649.68	-108.54
649.72	61.44
649.76	86.01
649.81	-16.38
649.85	-26.62
649.89	18.43
649.93	-2.05
649.98	86.01
650.02	-6.14
650.06	-32.77
650.11	-38.91
650.15	40.96
650.19	38.91
650.24	38.91
650.28	57.34
650.32	77.82
650.36	-49.15
650.41	-102.40
650.45	14.34
650.49	-28.67
650.54	-8.19
650.58	49.15
650.62	18.43
650.66	-16.38
650.71	49.15
650.75	-34.82
650.79	-8.19
650.83	32.77
650.88	55.30
650.92	47.10
650.96	102.40
651.01	36.86
651.05	59.39
651.09	28.67
651.13	12.29
651.18	77.82
651.22	32.77
651.26	-45.06
651.30	40.96
651.35	45.06
651.39	-83.97
651.43	-4.10
651.48	-114.69
651.52	-2.05
651.56	69.63
651.60	10.24
651.65	-63.49
651.69	8.19
651.73	24.58
651.77	34.82
651.82	-36.86
651.86	47.10
651.90	-102.40
651.94	-65.53
651.99	-6.14
652.03	22.53
652.07	-30.72
652.11	-28.67
652.16	22.53
652.20	-96.25
652.24	-49.15
652.28	30.72
652.33	83.97
652.37	-16.38
652.41	61.44
652.45	24.58
652.50	-65.54
652.54	108.54
652.58	-86.01
652.62	36.86
652.67	-71.68
652.71	12.29
652.75	-122.88
652.79	65.54
652.84	32.77
652.88	-30.72
652.92	-12.29
652.96	-73.73
653.00	-18.43
653.05	-108.54
653.09	88.06
653.13	75.77
653.17	8.19
653.22	53.25
653.26	-6.14
653.30	22.53
653.34	-12.29
653.39	-63.49
653.43	-12.29
653.47	75.77
653.51	133.12
653.55	-8.19
653.60	-53.25
653.64	69.63
653.68	-73.73
653.72	20.48
653.77	38.91
653.81	-151.55
653.85	-120.83
653.89	-16.38
653.93	6.14
653.98	-34.82
654.02	18.43
654.06	-47.10
654.10	79.87
654.14	20.48
654.19	4.10
654.23	65.53
654.27	40.96
654.31	0.00
654.35	92.16
654.40	-20.48
654.44	47.10
654.48	-28.67
654.52	18.43
654.57	40.96
654.61	-20.48
654.65	-77.82
654.69	53.25
654.73	-104.45
654.78	-6.14
654.82	53.25
654.86	40.96
654.90	0.00
654.94	-14.34
654.98	-16.38
655.03	102.40
655.07	40.96
655.11	-77.82
655.15	104.45
655.19	-47.10
655.24	77.82
655.28	-51.20
655.32	20.48
655.36	-88.06
655.40	-32.77
655.45	38.91
655.49	-69.63
655.53	63.49
655.57	28.67
655.61	-139.26
655.65	-2.05
655.70	-43.01
655.74	81.92
655.78	45.06
655.82	8.19
655.86	-14.34
655.91	-4.10
655.95	4.10
655.99	-32.77
656.03	49.15
656.07	-26.62
656.11	14.34
656.16	-47.10
656.20	-6.14
656.24	145.41
656.28	0.00
656.32	8.19
656.36	-2.05
656.41	47.10
656.45	18.43
656.49	-145.41
656.53	-28.67
656.57	-88.06
656.61	20.48
656.66	18.43
656.70	34.82
656.74	6.14
656.78	24.58
656.82	24.58
656.86	-90.11
656.91	-83.97
656.95	-71.68
656.99	71.68
657.03	77.82
657.07	26.62
657.11	-47.10
657.15	4.10
657.20	26.62
657.24	-2.05
657.28	-16.38
657.32	79.87
657.36	-69.63
657.40	-104.45
657.44	-14.34
657.49	-63.49
657.53	-71.68
657.57	20.48
657.61	38.91
657.65	47.10
657.69	57.34
657.73	-96.25
657.78	-83.97
657.82	-14.34
657.86	-10.24
657.90	-100.35
657.94	20.48
657.98	-8.19
658.02	-67.58
658.07	43.01
658.11	-22.53
658.15	24.58
658.19	2.05
658.23	-20.48
658.27	49.15
658.31	-38.91
658.35	16.38
658.40	73.73
658.44	2.05
658.48	-75.77
658.52	-4.10
658.56	-38.91
658.60	-47.10
658.64	77.82
658.68	-4.10
658.73	-32.77
658.77	38.91
658.81	-22.53
658.85	-53.25
658.89	14.34
658.93	0.00
658.97	-12.29
659.01	4.10
659.06	-10.24
659.10	2.05
659.14	67.58
659.18	6.14
659.22	67.58
659.26	-22.53
659.30	-81.92
659.34	-16.38
659.38	-32.77
659.42	45.06
659.47	-10.24
659.51	4.10
659.55	-92.16
659.59	-8.19
659.63	63.49
659.67	-49.15
659.71	0.00
659.75	28.67
659.79	-61.44
659.83	-22.53
659.88	-32.77
659.92	63.49
659.96	-83.97
660.00	-43.01
660.04	-47.10
660.08	57.34
660.12	172.03
660.16	-81.92
660.20	22.53
660.24	8.19
660.28	40.96
660.33	32.77
660.37	24.58
660.41	-4.10
660.45	4.10
660.49	-71.68
660.53	106.49
660.57	-36.86
660.61	-30.72
660.65	2.05
660.69	47.10
660.73	63.49
660.77	-14.34
660.82	-20.48
660.86	-6.14
660.90	77.82
660.94	-81.92
660.98	75.77
661.02	6.14
661.06	0.00
661.10	10.24
661.14	-20.48
661.18	0.00
661.22	-28.67
661.26	71.68
661.30	65.53
661.34	94.21
661.39	65.53
661.43	34.82
661.47	-24.58
661.51	-6.14
661.55	-61.44
661.59	55.30
661.63	49.15
661.67	102.40
661.71	90.11
661.75	-32.77
661.79	16.38
661.83	-88.06
661.87	51.20
661.91	77.82
661.95	-24.58
661.99	14.34
662.03	57.34
662.08	53.25
662.12	59.39
662.16	8.19
662.20	0.00
662.24	-20.48
662.28	-4.10
662.32	-22.53
662.36	-73.73
662.40	-43.01
662.44	26.62
662.48	-57.34
662.52	6.14
662.56	16.38
662.60	14.34
662.64	55.30
662.68	-34.82
662.72	24.58
662.76	24.58
662.80	47.10
662.84	38.91
662.88	-34.82
662.92	6.14
662.96	71.68
663.00	-47.10
663.04	-2.05
663.09	61.44
663.13	6.14
663.17	-137.21
663.21	-49.15
663.25	55.30
663.29	94.21
663.33	94.21
663.37	-30.72
663.41	-26.62
663.45	26.62
663.49	40.96
663.53	-49.15
663.57	75.77
663.61	100.35
663.65	45.06
663.69	-24.58
663.73	20.48
663.77	88.06
663.81	104.45
663.85	65.54
663.89	2.05
663.93	38.91
663.97	57.34
664.01	-40.96
664.05	-49.15
664.09	57.34
664.13	28.67
664.17	153.60
664.21	4.10
664.25	36.86
664.29	-100.35
664.33	-6.14
664.37	149.50
664.41	57.34
664.45	174.08
664.49	-30.72
664.53	34.82
664.57	106.49
664.61	-2.05
664.65	92.16
664.69	0.00
664.73	38.91
664.77	8.19
664.81	47.10
664.85	75.77
664.89	10.24
664.93	88.06
664.97	38.91
665.01	-65.53
665.05	24.58
665.09	-14.34
665.13	10.24
665.17	-30.72
665.21	28.67
665.25	-10.24
665.29	-32.77
665.33	-38.91
665.37	6.14
665.41	-6.14
665.45	20.48
665.49	65.53
665.53	92.16
665.57	-79.87
665.61	36.86
665.65	18.43
665.69	163.84
665.73	-6.14
665.77	57.34
665.81	-63.49
665.85	112.64
665.89	-102.40
665.92	4.10
665.96	22.53
666.00	131.07
666.04	102.40
666.08	49.15
666.12	-24.58
666.16	0.00
666.20	6.14
666.24	69.63
666.28	-38.91
666.32	20.48
666.36	-16.38
666.40	14.34
666.44	61.44
666.48	110.59
666.52	-137.21
666.56	79.87
666.60	114.69
666.64	26.62
666.68	-55.30
666.72	28.67
666.76	-10.24
666.80	32.77
666.84	49.15
666.88	-59.39
666.91	61.44
666.95	77.82
666.99	65.54
667.03	-24.58
667.07	67.58
667.11	47.10
667.15	-108.54
667.19	30.72
667.23	2.05
667.27	28.67
667.31	65.54
667.35	34.82
667.39	45.06
667.43	6.14
667.47	-24.58
667.51	-49.15
667.55	98.30
667.58	-43.01
667.62	10.24
667.66	129.02
667.70	165.89
667.74	446.46
667.78	817.14
667.82	1495.02
667.86	1771.49
667.90	1990.63
667.94	2090.98
667.98	2484.19
668.02	3205.07
668.06	3094.48
668.10	2500.57
668.13	1863.65
668.17	1873.89
668.21	1814.50
668.25	2154.46
668.29	2072.54
668.33	1748.97
668.37	1556.46
668.41	1400.81
668.45	1529.83
668.49	1720.29
668.53	1800.16
668.57	1595.37
668.60	1558.50
668.64	1566.70
668.68	1482.73
668.72	1400.81
668.76	1206.25
668.80	980.98
668.84	837.62
668.88	743.41
668.92	530.42
668.96	481.27
669.00	409.59
669.03	382.97
669.07	155.65
669.11	182.27
669.15	110.59
669.19	176.13
669.23	114.69
669.27	22.53
669.31	16.38
669.35	69.63
669.39	20.48
669.42	75.77
669.46	-16.38
669.50	0.00
669.54	67.58
669.58	61.44
669.62	57.34
669.66	65.54
669.70	-20.48
669.74	-2.05
669.78	38.91
669.81	77.82
669.85	-10.24
669.89	61.44
669.93	-34.82
669.97	100.35
670.01	12.29
670.05	69.63
670.09	153.60
670.12	75.77
670.16	-14.34
670.20	-12.29
670.24	2.05
670.28	96.25
670.32	-34.82
670.36	12.29
670.40	45.06
670.43	-18.43
670.47	4.10
670.51	65.53
670.55	67.58
670.59	30.72
670.63	8.19
670.67	10.24
670.71	-143.36
670.74	-51.20
670.78	47.10
670.82	-16.38
670.86	-40.96
670.90	-79.87
670.94	47.10
670.98	-49.15
671.01	63.49
671.05	0.00
671.09	96.25
671.13	-59.39
671.17	-34.82
671.21	-83.97
671.25	-98.30
671.28	-18.43
671.32	47.10
671.36	79.87
671.40	-22.53
671.44	10.24
671.48	-51.20
671.52	67.58
671.55	104.45
671.59	69.63
671.63	67.58
671.67	10.24
671.71	-36.86
671.75	40.96
671.79	28.67
671.82	45.06
671.86	-32.77
671.90	147.45
671.94	14.34
