476.77	-67.58
476.84	-67.58
476.91	-67.58
476.98	8.19
477.04	20.48
477.11	30.72
477.18	-65.54
477.25	-20.48
477.32	-20.48
477.39	-45.06
477.45	20.48
477.52	-96.25
477.59	-55.30
477.66	-53.25
477.73	-28.67
477.80	-28.67
477.86	47.10
477.93	-55.30
478.00	-96.25
478.07	-6.14
478.14	59.39
478.21	-28.67
478.27	34.82
478.34	135.17
478.41	22.53
478.48	-59.39
478.55	-43.01
478.62	-22.53
478.68	14.34
478.75	-6.14
478.82	2.05
478.89	20.48
478.96	14.34
479.02	-40.96
479.09	-6.14
479.16	34.82
479.23	8.19
479.30	-20.48
479.37	-49.15
479.43	12.29
479.50	-28.67
479.57	-43.01
479.64	10.24
479.71	-32.77
479.77	-100.35
479.84	55.30
479.91	57.34
479.98	6.14
480.05	94.21
480.11	24.58
480.18	94.21
480.25	30.72
480.32	34.82
480.39	-18.43
480.45	-10.24
480.52	10.24
480.59	69.63
480.66	43.01
480.73	-55.30
480.79	28.67
480.86	61.44
480.93	-28.67
481.00	-34.82
481.07	-14.34
481.13	32.77
481.20	38.91
481.27	4.10
481.34	0.00
481.41	-18.43
481.47	116.73
481.54	-6.14
481.61	-2.05
481.68	45.06
481.74	34.82
481.81	2.05
481.88	10.24
481.95	16.38
482.02	-86.01
482.08	63.49
482.15	-32.77
482.22	24.58
482.29	-32.77
482.35	8.19
482.42	-20.48
482.49	8.19
482.56	-4.10
482.63	4.10
482.69	-36.86
482.76	-4.10
482.83	10.24
482.90	16.38
482.96	36.86
483.03	-24.58
483.10	-88.06
483.17	-63.49
483.24	8.19
483.30	49.15
483.37	-30.72
483.44	22.53
483.51	0.00
483.57	61.44
483.64	69.63
483.71	-32.77
483.78	-8.19
483.84	10.24
483.91	63.49
483.98	-6.14
484.05	-73.73
484.11	61.44
484.18	4.10
484.25	-8.19
484.32	-8.19
484.38	2.05
484.45	34.82
484.52	12.29
484.59	51.20
484.65	20.48
484.72	-16.38
484.79	-71.68
484.86	-24.58
484.92	28.67
484.99	2.05
485.06	-34.82
485.13	-8.19
485.19	26.62
485.26	-47.10
485.33	-32.77
485.40	-102.40
485.46	116.73
485.53	-20.48
485.60	-36.86
485.67	-40.96
485.73	32.77
485.80	8.19
485.87	-4.10
485.94	4.10
486.00	-38.91
486.07	-18.43
486.14	4.10
486.20	-53.25
486.27	36.86
486.34	-92.16
486.41	-30.72
486.47	118.78
486.54	16.38
486.61	-4.10
486.68	-57.34
486.74	-38.91
486.81	-94.21
486.88	-12.29
486.94	6.14
487.01	-67.58
487.08	61.44
487.15	-6.14
487.21	-83.97
487.28	-8.19
487.35	110.59
487.41	-40.96
487.48	88.06
487.55	-12.29
487.62	75.77
487.68	36.86
487.75	-6.14
487.82	-55.30
487.88	-4.10
487.95	22.53
488.02	96.25
488.09	20.48
488.15	-36.86
488.22	12.29
488.29	12.29
488.35	-53.25
488.42	-63.49
488.49	79.87
488.56	43.01
488.62	28.67
488.69	22.53
488.76	-18.43
488.82	10.24
488.89	-16.38
488.96	-16.38
489.02	-57.34
489.09	-96.25
489.16	-14.34
489.22	90.11
489.29	24.58
489.36	94.21
489.43	-8.19
489.49	8.19
489.56	34.82
489.63	-16.38
489.69	22.53
489.76	12.29
489.83	-18.43
489.89	30.72
489.96	-20.48
490.03	0.00
490.09	-24.58
490.16	38.91
490.23	4.10
490.29	-49.15
490.36	-28.67
490.43	-75.77
490.50	-6.14
490.56	-22.53
490.63	49.15
490.70	18.43
490.76	-57.34
490.83	24.58
490.90	-55.30
490.96	-98.30
491.03	-90.11
491.10	30.72
491.16	86.01
491.23	86.01
491.30	86.01
491.36	-22.53
491.43	-20.48
491.50	-34.82
491.56	-43.01
491.63	-63.49
491.70	30.72
491.76	-71.68
491.83	-114.69
491.90	65.54
491.96	2.05
492.03	47.10
492.10	71.68
492.16	-20.48
492.23	51.20
492.30	6.14
492.36	-106.49
492.43	18.43
492.50	38.91
492.56	26.62
492.63	4.10
492.70	-32.77
492.76	55.30
492.83	-12.29
492.89	-106.49
492.96	-120.83
493.03	-69.63
493.09	-38.91
493.16	-32.77
493.23	-65.53
493.29	-75.77
493.36	88.06
493.43	-43.01
493.49	22.53
493.56	-112.64
493.63	-79.87
493.69	18.43
493.76	-6.14
493.82	-26.62
493.89	-139.26
493.96	65.54
494.02	-4.10
494.09	-73.73
494.16	43.01
494.22	55.30
494.29	-12.29
494.36	100.35
494.42	-14.34
494.49	8.19
494.55	137.21
494.62	-34.82
494.69	-73.73
494.75	28.67
494.82	8.19
494.89	-12.29
494.95	-100.35
495.02	-59.39
495.08	34.82
495.15	36.86
495.22	-16.38
495.28	-40.96
495.35	-24.58
495.42	-73.73
495.48	-104.45
495.55	18.43
495.61	-53.25
495.68	100.35
495.75	-53.25
495.81	-8.19
495.88	120.83
495.94	-108.54
496.01	96.25
496.08	-28.67
496.14	-40.96
496.21	86.01
496.28	-20.48
496.34	0.00
496.41	63.49
496.47	28.67
496.54	-65.53
496.61	73.73
496.67	8.19
496.74	12.29
496.80	-30.72
496.87	18.43
496.94	59.39
497.00	20.48
497.07	86.01
497.13	-8.19
497.20	2.05
497.27	20.48
497.33	96.25
497.40	0.00
497.46	-26.62
497.53	20.48
497.60	47.10
497.66	-45.06
497.73	-57.34
497.79	-32.77
497.86	36.86
497.93	18.43
497.99	51.20
498.06	2.05
498.12	-51.20
498.19	4.10
498.25	-53.25
498.32	10.24
498.39	12.29
498.45	18.43
498.52	-49.15
498.58	71.68
498.65	-24.58
498.72	-73.73
498.78	8.19
498.85	6.14
498.91	-6.14
498.98	22.53
499.04	-2.05
499.11	-12.29
499.18	-6.14
499.24	71.68
499.31	-38.91
499.37	-10.24
499.44	28.67
499.50	22.53
499.57	-67.58
499.64	-28.67
499.70	45.06
499.77	51.20
499.83	-16.38
499.90	86.01
499.96	38.91
500.03	59.39
500.09	-8.19
500.16	2.05
500.23	-18.43
500.29	-2.05
500.36	-8.19
500.42	-2.05
500.49	-6.14
500.55	-4.10
500.62	32.77
500.68	38.91
500.75	36.86
500.82	-14.34
500.88	65.54
500.95	-28.67
501.01	18.43
501.08	-57.34
501.14	65.53
501.21	69.63
501.27	-26.62
501.34	30.72
501.41	45.06
501.47	55.30
501.54	65.53
501.60	-116.73
501.67	96.25
501.73	-53.25
501.80	53.25
501.86	55.30
501.93	14.34
501.99	8.19
502.06	-43.01
502.12	32.77
502.19	-53.25
502.26	63.49
502.32	18.43
502.39	-98.30
502.45	12.29
502.52	-2.05
502.58	-65.53
502.65	71.68
502.71	-32.77
502.78	73.73
502.84	4.10
502.91	-61.44
502.97	-12.29
503.04	30.72
503.10	40.96
503.17	-34.82
503.23	-26.62
503.30	-79.87
503.37	-47.10
503.43	8.19
503.50	59.39
503.56	-16.38
503.63	43.01
503.69	26.62
503.76	34.82
503.82	-83.97
503.89	10.24
503.95	-40.96
504.02	30.72
504.08	-94.21
504.15	-24.58
504.21	-38.91
504.28	4.10
504.34	-73.73
504.41	-53.25
504.47	43.01
504.54	-79.87
504.60	20.48
504.67	-47.10
504.73	34.82
504.80	-14.34
504.86	30.72
504.93	-6.14
504.99	-147.45
505.06	-96.25
505.12	-77.82
505.19	90.11
505.25	20.48
505.32	-83.97
505.38	90.11
505.45	30.72
505.51	45.06
505.58	-10.24
505.64	-14.34
505.71	-4.10
505.77	-106.49
505.84	-61.44
505.90	43.01
505.97	32.77
506.03	-24.58
506.10	-94.21
506.16	12.29
506.23	-34.82
506.29	-24.58
506.36	-16.38
506.42	-51.20
506.49	-34.82
506.55	16.38
506.62	38.91
506.68	-32.77
506.75	-57.34
506.81	-24.58
506.87	40.96
506.94	22.53
507.00	16.38
507.07	24.58
507.13	71.68
507.20	-77.82
507.26	47.10
507.33	-51.20
507.39	-30.72
507.46	32.77
507.52	-71.68
507.59	28.67
507.65	49.15
507.72	-51.20
507.78	94.21
507.85	-51.20
507.91	34.82
507.97	-83.97
508.04	-36.86
508.10	36.86
508.17	-67.58
508.23	-2.05
508.30	6.14
508.36	18.43
508.43	-51.20
508.49	51.20
508.56	100.35
508.62	57.34
508.69	16.38
508.75	6.14
508.81	-4.10
508.88	24.58
508.94	38.91
509.01	45.06
509.07	-53.25
509.14	47.10
509.20	-10.24
509.27	-34.82
509.33	-12.29
509.39	-36.86
509.46	-32.77
509.52	-71.68
509.59	57.34
509.65	-51.20
509.72	-4.10
509.78	-20.48
509.85	14.34
509.91	-14.34
509.97	-79.87
510.04	22.53
510.10	-20.48
510.17	86.01
510.23	59.39
510.30	-71.68
510.36	51.20
510.42	34.82
510.49	-22.53
510.55	-20.48
510.62	-81.92
510.68	14.34
510.75	-96.25
510.81	-59.39
510.88	-53.25
510.94	-2.05
511.00	14.34
511.07	-63.49
511.13	34.82
511.20	-26.62
511.26	77.82
511.32	40.96
511.39	-92.16
511.45	-120.83
511.52	0.00
511.58	-61.44
511.65	32.77
511.71	-77.82
511.77	0.00
511.84	-92.16
511.90	106.49
511.97	55.30
512.03	45.06
512.09	124.93
512.16	-69.63
512.22	75.77
512.29	51.20
512.35	12.29
512.42	-8.19
512.48	90.11
512.54	-43.01
512.61	-30.72
512.67	65.53
512.74	-184.32
512.80	-83.97
512.86	-47.10
512.93	40.96
512.99	108.54
513.06	16.38
513.12	-67.58
513.18	30.72
513.25	49.15
513.31	18.43
513.38	-12.29
513.44	-32.77
513.50	-147.45
513.57	-2.05
513.63	75.77
513.69	30.72
513.76	47.10
513.82	10.24
513.89	147.45
513.95	6.14
514.01	6.14
514.08	-22.53
514.14	73.73
514.21	32.77
514.27	47.10
514.33	24.58
514.40	36.86
514.46	122.88
514.53	75.77
514.59	-36.86
514.65	2.05
514.72	-71.68
514.78	-4.10
514.84	61.44
514.91	-2.05
514.97	-10.24
515.04	45.06
515.10	-30.72
515.16	-26.62
515.23	22.53
515.29	18.43
515.35	-28.67
515.42	139.26
515.48	20.48
515.54	92.16
515.61	51.20
515.67	96.25
515.74	-8.19
515.80	-28.67
515.86	-86.01
515.93	47.10
515.99	-6.14
516.05	-53.25
516.12	-2.05
516.18	-57.34
516.24	-118.78
516.31	16.38
516.37	-28.67
516.44	-10.24
516.50	67.58
516.56	-30.72
516.63	-71.68
516.69	6.14
516.75	100.35
516.82	-53.25
516.88	-28.67
516.94	-36.86
517.01	26.62
517.07	38.91
517.13	10.24
517.20	-55.30
517.26	36.86
517.32	-145.41
517.39	-32.77
517.45	14.34
517.52	22.53
517.58	12.29
517.64	28.67
517.71	0.00
517.77	24.58
517.83	-69.63
517.90	126.97
517.96	-55.30
518.02	-38.91
518.09	67.58
518.15	77.82
518.21	-20.48
518.28	-32.77
518.34	38.91
518.40	-18.43
518.47	-63.49
518.53	-59.39
518.59	26.62
518.66	-26.62
518.72	-36.86
518.78	8.19
518.85	32.77
518.91	-28.67
518.97	4.10
519.03	71.68
519.10	16.38
519.16	63.49
519.22	63.49
519.29	22.53
519.35	-24.58
519.41	-6.14
519.48	-34.82
519.54	-90.11
519.60	-65.53
519.67	-14.34
519.73	14.34
519.79	-88.06
519.86	-4.10
519.92	14.34
519.98	-63.49
520.05	-38.91
520.11	-90.11
520.17	-153.60
520.23	2.05
520.30	61.44
520.36	-63.49
520.42	-22.53
520.49	-34.82
520.55	32.77
520.61	-45.06
520.68	32.77
520.74	-75.77
520.80	73.73
520.87	-4.10
520.93	-32.77
520.99	47.10
521.05	2.05
521.12	-8.19
521.18	47.10
521.24	-83.97
521.31	63.49
521.37	-24.58
521.43	40.96
521.49	129.02
521.56	32.77
521.62	38.91
521.68	-43.01
521.75	-51.20
521.81	26.62
521.87	-45.06
521.93	-49.15
522.00	-51.20
522.06	-53.25
522.12	47.10
522.19	-6.14
522.25	2.05
522.31	12.29
522.37	-38.91
522.44	53.25
522.50	-28.67
522.56	16.38
522.63	-151.55
522.69	26.62
522.75	0.00
522.81	-79.87
522.88	-102.40
522.94	12.29
523.00	57.34
523.06	-20.48
523.13	-53.25
523.19	24.58
523.25	-86.01
523.32	-34.82
523.38	4.10
523.44	22.53
523.50	-20.48
523.57	34.82
523.63	-16.38
523.69	53.25
523.75	-10.24
523.82	51.20
523.88	73.73
523.94	57.34
524.00	-6.14
524.07	18.43
524.13	-2.05
524.19	-28.67
524.25	88.06
524.32	-36.86
524.38	40.96
524.44	-2.05
524.50	-4.10
524.57	-116.73
524.63	-32.77
524.69	4.10
524.75	38.91
524.82	26.62
524.88	-49.15
524.94	79.87
525.00	4.10
525.07	6.14
525.13	47.10
525.19	-14.34
525.25	-12.29
525.32	-2.05
525.38	-8.19
525.44	6.14
525.50	79.87
525.57	22.53
525.63	-10.24
525.69	-59.39
525.75	18.43
525.82	-14.34
525.88	8.19
525.94	-53.25
526.00	-22.53
526.07	-2.05
526.13	-4.10
526.19	28.67
526.25	61.44
526.31	57.34
526.38	20.48
526.44	-51.20
526.50	71.68
526.56	2.05
526.63	-40.96
526.69	-90.11
526.75	108.54
526.81	-53.25
526.87	-20.48
526.94	-4.10
527.00	-38.91
527.06	-112.64
527.12	-63.49
527.19	-69.63
527.25	77.82
527.31	-28.67
527.37	-79.87
527.43	12.29
527.50	-40.96
527.56	-96.25
527.62	16.38
527.68	-77.82
527.75	0.00
527.81	-16.38
527.87	-75.77
527.93	67.58
527.99	59.39
528.06	30.72
528.12	-6.14
528.18	-6.14
528.24	-47.10
528.30	-55.30
528.37	-51.20
528.43	2.05
528.49	47.10
528.55	-47.10
528.61	-4.10
528.68	67.58
528.74	-6.14
528.80	-14.34
528.86	4.10
528.92	-16.38
528.99	-32.77
529.05	57.34
529.11	4.10
529.17	63.49
529.23	0.00
529.29	6.14
529.36	8.19
529.42	-4.10
529.48	26.62
529.54	-49.15
529.60	71.68
529.67	40.96
529.73	12.29
529.79	-34.82
529.85	-8.19
529.91	22.53
529.98	88.06
530.04	-75.77
530.10	-40.96
530.16	-20.48
530.22	94.21
530.28	-114.69
530.35	-2.05
530.41	-16.38
530.47	24.58
530.53	-36.86
530.59	-8.19
530.65	100.35
530.72	22.53
530.78	49.15
530.84	34.82
530.90	4.10
530.96	112.64
531.02	-32.77
531.09	-36.86
531.15	-47.10
531.21	-18.43
531.27	30.72
531.33	28.67
531.39	18.43
531.46	79.87
531.52	26.62
531.58	8.19
531.64	-30.72
531.70	32.77
531.76	167.93
531.83	65.53
531.89	-24.58
531.95	-61.44
532.01	-34.82
532.07	-51.20
532.13	-24.58
532.19	34.82
532.26	-104.45
532.32	20.48
532.38	-12.29
532.44	8.19
532.50	10.24
532.56	-57.34
532.63	59.39
532.69	-28.67
532.75	43.01
532.81	36.86
532.87	-14.34
532.93	-24.58
532.99	-24.58
533.06	14.34
533.12	-38.91
533.18	-24.58
533.24	22.53
533.30	36.86
533.36	-10.24
533.42	-61.44
533.48	-4.10
533.55	-51.20
533.61	-49.15
533.67	10.24
533.73	26.62
533.79	8.19
533.85	90.11
533.91	-24.58
533.98	4.10
534.04	75.77
534.10	0.00
534.16	43.01
534.22	49.15
534.28	57.34
534.34	18.43
534.40	104.45
534.47	0.00
534.53	2.05
534.59	-47.10
534.65	40.96
534.71	-90.11
534.77	104.45
534.83	-139.26
534.89	38.91
534.95	-126.97
535.02	-20.48
535.08	81.92
535.14	-10.24
535.20	-102.40
535.26	-4.10
535.32	49.15
535.38	92.16
535.44	0.00
535.50	-26.62
535.57	2.05
535.63	10.24
535.69	-12.29
535.75	16.38
535.81	57.34
535.87	-61.44
535.93	-26.62
535.99	-26.62
536.05	-53.25
536.11	-38.91
536.18	-43.01
536.24	81.92
536.30	-24.58
536.36	0.00
536.42	71.68
536.48	12.29
536.54	40.96
536.60	-2.05
536.66	-43.01
536.72	-63.49
536.79	77.82
536.85	2.05
536.91	-67.58
536.97	114.69
537.03	-20.48
537.09	2.05
537.15	-18.43
537.21	34.82
537.27	-94.21
537.33	-71.68
537.39	43.01
537.45	-83.97
537.52	-4.10
537.58	-32.77
537.64	-28.67
537.70	-30.72
537.76	-40.96
537.82	-51.20
537.88	-2.05
537.94	-8.19
538.00	-12.29
538.06	-28.67
538.12	22.53
538.18	-88.06
538.24	-22.53
538.31	-4.10
538.37	-59.39
538.43	12.29
538.49	77.82
538.55	-28.67
538.61	34.82
538.67	57.34
538.73	0.00
538.79	-22.53
538.85	38.91
538.91	102.40
538.97	67.58
539.03	63.49
539.09	-59.39
539.15	18.43
539.21	12.29
539.28	20.48
539.34	-38.91
539.40	92.16
539.46	-8.19
539.52	-28.67
539.58	30.72
539.64	28.67
539.70	32.77
539.76	-28.67
539.82	34.82
539.88	-26.62
539.94	-90.11
540.00	55.30
540.06	2.05
540.12	63.49
540.18	-34.82
540.24	43.01
540.30	71.68
540.36	22.53
540.42	-83.97
540.49	71.68
540.55	40.96
540.61	-88.06
540.67	-36.86
540.73	26.62
540.79	49.15
540.85	40.96
540.91	-63.49
540.97	14.34
541.03	-55.30
541.09	90.11
541.15	-69.63
541.21	-55.30
541.27	90.11
541.33	38.91
541.39	-16.38
541.45	96.25
541.51	-30.72
541.57	-2.05
541.63	-2.05
541.69	-90.11
541.75	-18.43
541.81	-24.58
541.87	4.10
541.93	24.58
541.99	-92.16
542.05	104.45
542.11	-47.10
542.17	-16.38
542.23	106.49
542.29	22.53
542.35	-14.34
542.41	6.14
542.47	2.05
542.53	102.40
542.59	6.14
542.65	14.34
542.71	-98.30
542.77	-124.93
542.83	63.49
542.89	-47.10
542.95	-63.49
543.01	22.53
543.07	-28.67
543.13	38.91
543.19	12.29
543.25	34.82
543.31	57.34
543.37	73.73
543.43	-65.54
543.49	-6.14
543.55	26.62
543.61	-49.15
543.67	90.11
543.73	-8.19
543.79	63.49
543.85	-2.05
543.91	-40.96
543.97	-6.14
544.03	-30.72
544.09	-67.58
544.15	-8.19
544.21	43.01
544.27	-22.53
544.33	2.05
544.39	24.58
544.45	45.06
544.51	-28.67
544.57	-14.34
544.63	-43.01
544.69	30.72
544.75	-30.72
544.81	-30.72
544.87	-88.06
544.93	32.77
544.99	26.62
545.05	40.96
545.11	-67.58
545.17	-131.07
545.23	-55.30
545.29	43.01
545.35	59.39
545.41	-45.06
545.47	18.43
545.53	-24.58
545.59	-40.96
545.65	14.34
545.71	24.58
545.77	55.30
545.83	16.38
545.89	-102.40
545.95	-55.30
546.01	40.96
546.07	-34.82
546.13	2.05
546.19	-12.29
546.25	-40.96
546.31	-200.70
546.37	-28.67
546.42	106.49
546.48	-24.58
546.54	-63.49
546.60	53.25
546.66	-12.29
546.72	-32.77
546.78	-22.53
546.84	8.19
546.90	51.20
546.96	38.91
547.02	-28.67
547.08	-16.38
547.14	6.14
547.20	102.40
547.26	-65.54
547.32	24.58
547.38	-18.43
547.44	-22.53
547.50	14.34
547.56	-38.91
547.62	-18.43
547.67	34.82
547.73	77.82
547.79	-24.58
547.85	-16.38
547.91	32.77
547.97	20.48
548.03	-26.62
548.09	28.67
548.15	-61.44
548.21	-30.72
548.27	6.14
548.33	59.39
548.39	-32.77
548.45	40.96
548.51	-96.25
548.56	86.01
548.62	-77.82
548.68	-53.25
548.74	43.01
548.80	-38.91
548.86	-57.34
548.92	47.10
548.98	26.62
549.04	4.10
549.10	-61.44
549.16	-24.58
549.22	51.20
549.28	114.69
549.34	0.00
549.39	-20.48
549.45	-43.01
549.51	51.20
549.57	-8.19
549.63	-71.68
549.69	51.20
549.75	10.24
549.81	18.43
549.87	-28.67
549.93	100.35
549.99	-51.20
550.04	-65.54
550.10	-67.58
550.16	36.86
550.22	16.38
550.28	-32.77
550.34	-59.39
550.40	55.30
550.46	-65.53
550.52	-55.30
550.58	69.63
550.64	2.05
550.69	-34.82
550.75	-16.38
550.81	34.82
550.87	-24.58
550.93	-18.43
550.99	-79.87
551.05	36.86
551.11	98.30
551.17	10.24
551.23	43.01
551.28	53.25
551.34	40.96
551.40	-94.21
551.46	8.19
551.52	-38.91
551.58	6.14
551.64	-30.72
551.70	4.10
551.76	-43.01
551.81	-26.62
551.87	10.24
551.93	-22.53
551.99	49.15
552.05	6.14
552.11	-63.49
552.17	-28.67
552.23	34.82
552.28	16.38
552.34	73.73
552.40	26.62
552.46	51.20
552.52	-30.72
552.58	-26.62
552.64	63.49
552.70	2.05
552.75	-69.63
552.81	-30.72
552.87	-28.67
552.93	-30.72
552.99	73.73
553.05	-2.05
553.11	20.48
553.17	8.19
553.22	77.82
553.28	16.38
553.34	-4.10
553.40	-20.48
553.46	57.34
553.52	4.10
553.58	-30.72
553.63	-6.14
553.69	-79.87
553.75	67.58
553.81	-32.77
553.87	-67.58
553.93	-24.58
553.99	18.43
554.04	6.14
554.10	-24.58
554.16	8.19
554.22	-28.67
554.28	-6.14
554.34	-67.58
554.40	51.20
554.45	-77.82
554.51	2.05
554.57	8.19
554.63	59.39
554.69	65.53
554.75	79.87
554.80	-71.68
554.86	16.38
554.92	38.91
554.98	-34.82
555.04	79.87
555.10	-12.29
555.16	-26.62
555.21	34.82
555.27	16.38
555.33	-45.06
555.39	4.10
555.45	-73.73
555.51	18.43
555.56	6.14
555.62	-63.49
555.68	-51.20
555.74	-16.38
555.80	151.55
555.86	20.48
555.91	-94.21
555.97	32.77
556.03	14.34
556.09	-14.34
556.15	20.48
556.20	28.67
556.26	-96.25
556.32	-49.15
556.38	-49.15
556.44	-24.58
556.50	40.96
556.55	-45.06
556.61	49.15
556.67	-24.58
556.73	-38.91
556.79	65.53
556.84	-26.62
556.90	61.44
556.96	-20.48
557.02	-69.63
557.08	-10.24
557.14	-47.10
557.19	90.11
557.25	-61.44
557.31	-24.58
557.37	120.83
557.43	-18.43
557.48	0.00
557.54	-34.82
557.60	53.25
557.66	-2.05
557.72	34.82
557.77	-40.96
557.83	-71.68
557.89	-79.87
557.95	-26.62
558.01	-32.77
558.06	-57.34
558.12	-79.87
558.18	-20.48
558.24	59.39
558.30	2.05
558.35	-102.40
558.41	-16.38
558.47	22.53
558.53	-53.25
558.59	-6.14
558.64	22.53
558.70	36.86
558.76	-69.63
558.82	-2.05
558.88	14.34
558.93	26.62
558.99	32.77
559.05	-30.72
559.11	73.73
559.16	-6.14
559.22	12.29
559.28	-96.25
559.34	79.87
559.40	22.53
559.45	-30.72
559.51	16.38
559.57	-88.06
559.63	34.82
559.68	-32.77
559.74	-38.91
559.80	57.34
559.86	-38.91
559.92	-38.91
559.97	47.10
560.03	-79.87
560.09	28.67
560.15	12.29
560.20	40.96
560.26	30.72
560.32	-28.67
560.38	20.48
560.43	-28.67
560.49	8.19
560.55	38.91
560.61	-6.14
560.66	26.62
560.72	126.97
560.78	-30.72
560.84	-65.54
560.90	-14.34
560.95	51.20
561.01	43.01
561.07	120.83
561.13	20.48
561.18	83.97
561.24	55.30
561.30	43.01
561.36	14.34
561.41	-59.39
561.47	59.39
561.53	-57.34
561.59	26.62
561.64	16.38
561.70	-51.20
561.76	30.72
561.82	86.01
561.87	34.82
561.93	112.64
561.99	12.29
562.05	20.48
562.10	-55.30
562.16	-4.10
562.22	-4.10
562.27	40.96
562.33	-34.82
562.39	-59.39
562.45	-36.86
562.50	18.43
562.56	-47.10
562.62	96.25
562.68	-73.73
562.73	-4.10
562.79	14.34
562.85	6.14
562.91	-38.91
562.96	-92.16
563.02	92.16
563.08	28.67
563.13	47.10
563.19	-43.01
563.25	59.39
563.31	61.44
563.36	-24.58
563.42	73.73
563.48	-83.97
563.53	-77.82
563.59	16.38
563.65	45.06
563.71	-88.06
563.76	26.62
563.82	38.91
563.88	-40.96
563.94	38.91
563.99	-14.34
564.05	-116.73
564.11	-92.16
564.16	-83.97
564.22	14.34
564.28	-24.58
564.33	-20.48
564.39	96.25
564.45	61.44
564.51	47.10
564.56	43.01
564.62	18.43
564.68	-57.34
564.73	59.39
564.79	83.97
564.85	-77.82
564.91	-32.77
564.96	53.25
565.02	-26.62
565.08	0.00
565.13	69.63
565.19	69.63
565.25	12.29
565.30	-2.05
565.36	51.20
565.42	88.06
565.47	16.38
565.53	-8.19
565.59	-6.14
565.65	-90.11
565.70	79.87
565.76	51.20
565.82	2.05
565.87	-4.10
565.93	-28.67
565.99	10.24
566.04	-6.14
566.10	-106.49
566.16	108.54
566.21	-92.16
566.27	57.34
566.33	114.69
566.38	53.25
566.44	-59.39
566.50	34.82
566.55	-34.82
566.61	-59.39
566.67	-8.19
566.73	-20.48
566.78	-20.48
566.84	38.91
566.90	-36.86
566.95	-2.05
567.01	-24.58
567.07	-55.30
567.12	-26.62
567.18	4.10
567.24	-6.14
567.29	-14.34
567.35	55.30
567.41	-20.48
567.46	-59.39
567.52	75.77
567.58	8.19
567.63	55.30
567.69	-12.29
567.75	10.24
567.80	108.54
567.86	-96.25
567.91	-38.91
567.97	-8.19
568.03	75.77
568.08	12.29
568.14	-135.17
568.20	65.54
568.25	20.48
568.31	30.72
568.37	40.96
568.42	16.38
568.48	40.96
568.54	30.72
568.59	-10.24
568.65	55.30
568.71	24.58
568.76	-83.97
568.82	-45.06
568.88	-2.05
568.93	-4.10
568.99	65.53
569.04	-26.62
569.10	-69.63
569.16	-16.38
569.21	26.62
569.27	-40.96
569.33	0.00
569.38	-53.25
569.44	-38.91
569.50	12.29
569.55	51.20
569.61	47.10
569.66	20.48
569.72	49.15
569.78	-49.15
569.83	45.06
569.89	-81.92
569.95	-12.29
570.00	10.24
570.06	6.14
570.11	16.38
570.17	-67.58
570.23	-38.91
570.28	114.69
570.34	24.58
570.40	57.34
570.45	-65.54
570.51	-71.68
570.56	12.29
570.62	-8.19
570.68	-6.14
570.73	-4.10
570.79	51.20
570.85	108.54
570.90	-38.91
570.96	-8.19
571.01	-96.25
571.07	104.45
571.13	-24.58
571.18	73.73
571.24	45.06
571.29	-69.63
571.35	20.48
571.41	77.82
571.46	28.67
571.52	-143.36
571.57	-4.10
571.63	57.34
571.69	-49.15
571.74	-22.53
571.80	-32.77
571.85	-88.06
571.91	-22.53
571.97	-61.44
572.02	-38.91
572.08	2.05
572.13	47.10
572.19	34.82
572.25	-36.86
572.30	-22.53
572.36	55.30
572.41	-22.53
572.47	14.34
572.53	53.25
572.58	4.10
572.64	36.86
572.69	43.01
572.75	12.29
572.80	14.34
572.86	-49.15
572.92	-51.20
572.97	-57.34
573.03	-22.53
573.08	32.77
573.14	-20.48
573.20	38.91
573.25	-45.06
573.31	59.39
573.36	34.82
573.42	-12.29
573.47	28.67
573.53	-18.43
573.59	-10.24
573.64	-43.01
573.70	30.72
573.75	-45.06
573.81	63.49
573.86	116.73
573.92	38.91
573.98	53.25
574.03	-57.34
574.09	36.86
574.14	10.24
574.20	118.78
574.25	51.20
574.31	-2.05
574.37	-81.92
574.42	-14.34
574.48	20.48
574.53	-8.19
574.59	24.58
574.64	-102.40
574.70	-26.62
574.75	-6.14
574.81	-57.34
574.87	-20.48
574.92	28.67
574.98	-38.91
575.03	4.10
575.09	51.20
575.14	-90.11
575.20	77.82
575.25	4.10
575.31	-24.58
575.37	36.86
575.42	-2.05
575.48	8.19
575.53	18.43
575.59	49.15
575.64	36.86
575.70	90.11
575.75	12.29
575.81	14.34
575.86	49.15
575.92	-14.34
575.98	-120.83
576.03	96.25
576.09	-32.77
576.14	88.06
576.20	6.14
576.25	8.19
576.31	-53.25
576.36	-6.14
576.42	126.97
576.47	-22.53
576.53	69.63
576.58	16.38
576.64	34.82
576.69	2.05
576.75	-10.24
576.81	-10.24
576.86	-32.77
576.92	73.73
576.97	24.58
577.03	28.67
577.08	-38.91
577.14	-20.48
577.19	-22.53
577.25	40.96
577.30	75.77
577.36	-24.58
577.41	81.92
577.47	36.86
577.52	-18.43
577.58	-6.14
577.63	-61.44
577.69	-6.14
577.74	-8.19
577.80	51.20
577.85	34.82
577.91	6.14
577.96	4.10
578.02	16.38
578.07	22.53
578.13	-83.97
578.18	18.43
578.24	-43.01
578.29	28.67
578.35	-53.25
578.40	-45.06
578.46	-69.63
578.51	98.30
578.57	-6.14
578.62	61.44
578.68	2.05
578.73	0.00
578.79	65.53
578.84	59.39
578.90	22.53
578.95	6.14
579.01	28.67
579.06	20.48
579.12	49.15
579.17	-26.62
579.23	-112.64
579.28	28.67
579.34	24.58
579.39	32.77
579.45	59.39
579.50	12.29
579.56	32.77
579.61	77.82
579.67	61.44
579.72	36.86
579.78	-47.10
579.83	10.24
579.89	14.34
579.94	-94.21
580.00	-51.20
580.05	14.34
580.11	-43.01
580.16	-18.43
580.22	110.59
580.27	106.49
580.32	-45.06
580.38	-110.59
580.43	36.86
580.49	-28.67
580.54	-43.01
580.60	6.14
580.65	-22.53
580.71	73.73
580.76	32.77
580.82	100.35
580.87	-18.43
580.93	-51.20
580.98	-49.15
581.04	-2.05
581.09	20.48
581.14	-32.77
581.20	-22.53
581.25	45.06
581.31	-96.25
581.36	-22.53
581.42	-102.40
581.47	-30.72
581.53	-36.86
581.58	8.19
581.64	73.73
581.69	26.62
581.75	-45.06
581.80	6.14
581.85	-104.45
581.91	22.53
581.96	24.58
582.02	2.05
582.07	-20.48
582.13	59.39
582.18	-108.54
582.24	8.19
582.29	30.72
582.34	-2.05
582.40	2.05
582.45	-65.53
582.51	-55.30
582.56	28.67
582.62	51.20
582.67	-12.29
582.73	16.38
582.78	-14.34
582.83	-47.10
582.89	-20.48
582.94	12.29
583.00	73.73
583.05	-59.39
583.11	112.64
583.16	-51.20
583.21	-69.63
583.27	-141.31
583.32	-116.73
583.38	43.01
583.43	28.67
583.49	59.39
583.54	-40.96
583.59	-8.19
583.65	-67.58
583.70	-57.34
583.76	-57.34
583.81	-8.19
583.87	-14.34
583.92	-67.58
583.97	6.14
584.03	-51.20
584.08	-14.34
584.14	-34.82
584.19	34.82
584.24	67.58
584.30	-45.06
584.35	14.34
584.41	-143.36
584.46	12.29
584.52	-22.53
584.57	10.24
584.62	-10.24
584.68	-38.91
584.73	100.35
584.79	-47.10
584.84	-4.10
584.89	-114.69
584.95	71.68
585.00	67.58
585.06	-98.30
585.11	98.30
585.16	-34.82
585.22	18.43
585.27	-32.77
585.33	28.67
585.38	-14.34
585.43	4.10
585.49	-49.15
585.54	57.34
585.60	47.10
585.65	-14.34
585.70	16.38
585.76	-53.25
585.81	-34.82
585.87	75.77
585.92	-6.14
585.97	94.21
586.03	-53.25
586.08	28.67
586.13	-36.86
586.19	118.78
586.24	-75.77
586.30	2.05
586.35	90.11
586.40	38.91
586.46	-26.62
586.51	86.01
586.57	38.91
586.62	-57.34
586.67	36.86
586.73	55.30
586.78	-36.86
586.83	43.01
586.89	20.48
586.94	-2.05
587.00	-38.91
587.05	-63.49
587.10	-18.43
587.16	10.24
587.21	-22.53
587.26	12.29
587.32	79.87
587.37	208.89
587.42	526.33
587.48	1142.77
587.53	1777.64
587.59	2156.51
587.64	2899.92
587.69	3301.33
587.75	2762.71
587.80	2621.40
587.85	3000.27
587.91	2811.86
587.96	1804.26
588.01	985.07
588.07	598.01
588.12	555.00
588.17	395.26
588.23	294.91
588.28	114.69
588.34	6.14
588.39	18.43
588.44	4.10
588.50	28.67
588.55	12.29
588.60	-40.96
588.66	-2.05
588.71	26.62
588.76	-51.20
588.82	6.14
588.87	-2.05
588.92	-36.86
588.98	-53.25
589.03	-24.58
589.08	-24.58
589.14	57.34
589.19	-63.49
589.24	4.10
589.30	36.86
589.35	40.96
589.40	-116.73
589.46	8.19
589.51	12.29
589.56	47.10
589.62	-40.96
589.67	-10.24
589.72	67.58
589.78	14.34
589.83	40.96
589.88	34.82
589.94	24.58
589.99	-4.10
590.04	-28.67
590.10	-12.29
590.15	18.43
590.20	-10.24
590.26	73.73
590.31	14.34
590.36	-73.73
590.42	30.72
590.47	-26.62
590.52	77.82
590.58	24.58
590.63	172.03
590.68	14.34
590.74	98.30
590.79	-88.06
590.84	6.14
590.89	26.62
590.95	-26.62
591.00	-24.58
591.05	-75.77
591.11	-32.77
591.16	-30.72
591.21	-10.24
591.27	-36.86
591.32	45.06
591.37	63.49
591.43	-73.73
591.48	77.82
591.53	18.43
591.58	24.58
591.64	-24.58
591.69	38.91
591.74	0.00
591.80	18.43
591.85	-20.48
591.90	18.43
591.96	-12.29
592.01	-47.10
592.06	-14.34
592.11	-69.63
592.17	24.58
592.22	43.01
592.27	-100.35
592.33	-90.11
592.38	-26.62
592.43	-36.86
592.48	-28.67
592.54	71.68
592.59	-20.48
592.64	20.48
592.70	-47.10
592.75	-30.72
592.80	-22.53
592.85	24.58
592.91	-14.34
592.96	12.29
593.01	-2.05
593.07	45.06
593.12	20.48
593.17	-43.01
593.22	-10.24
593.28	49.15
593.33	16.38
593.38	43.01
593.44	79.87
593.49	0.00
593.54	20.48
593.59	-32.77
593.65	-6.14
593.70	-18.43
593.75	59.39
593.80	-6.14
593.86	2.05
593.91	24.58
593.96	-51.20
594.01	-65.53
594.07	94.21
594.12	-22.53
594.17	53.25
594.23	-34.82
594.28	-36.86
594.33	-49.15
594.38	0.00
594.44	-43.01
594.49	-34.82
594.54	53.25
594.59	65.53
594.65	55.30
594.70	45.06
594.75	83.97
594.80	51.20
594.86	4.10
594.91	-63.49
594.96	-26.62
595.01	-92.16
595.07	-57.34
595.12	0.00
595.17	-63.49
595.22	-65.53
595.28	-18.43
595.33	-53.25
595.38	18.43
595.43	-4.10
595.49	30.72
595.54	-38.91
595.59	47.10
595.64	14.34
595.69	-98.30
595.75	55.30
595.80	38.91
595.85	-49.15
595.90	24.58
595.96	77.82
596.01	55.30
596.06	90.11
596.11	-22.53
596.17	49.15
596.22	-133.12
596.27	-47.10
596.32	71.68
596.38	73.73
596.43	-16.38
596.48	4.10
596.53	-20.48
596.58	36.86
596.64	20.48
596.69	-108.54
596.74	12.29
596.79	61.44
596.85	-47.10
596.90	-43.01
596.95	-32.77
597.00	12.29
597.05	-57.34
597.11	38.91
597.16	32.77
597.21	40.96
597.26	57.34
597.31	116.73
597.37	-24.58
597.42	-49.15
597.47	-12.29
597.52	-47.10
597.57	4.10
597.63	-4.10
597.68	-61.44
597.73	83.97
597.78	-10.24
597.84	65.53
597.89	18.43
597.94	10.24
597.99	-51.20
598.04	16.38
598.10	36.86
598.15	73.73
598.20	22.53
598.25	-55.30
598.30	-16.38
598.36	43.01
598.41	-83.97
598.46	10.24
598.51	22.53
598.56	-30.72
598.61	14.34
598.67	-16.38
598.72	4.10
598.77	24.58
598.82	118.78
598.87	65.53
598.93	-61.44
598.98	40.96
599.03	-2.05
599.08	-26.62
599.13	-10.24
599.19	24.58
599.24	2.05
599.29	53.25
599.34	67.58
599.39	-38.91
599.44	22.53
599.50	-53.25
599.55	-24.58
599.60	71.68
599.65	14.34
599.70	-8.19
599.75	-18.43
599.81	-22.53
599.86	-40.96
599.91	59.39
599.96	-86.01
600.01	-61.44
600.07	30.72
600.12	-4.10
600.17	4.10
600.22	4.10
600.27	-34.82
600.32	4.10
600.38	10.24
600.43	79.87
600.48	63.49
600.53	18.43
600.58	18.43
600.63	12.29
600.68	-86.01
600.74	-10.24
600.79	98.30
600.84	24.58
600.89	59.39
600.94	-24.58
600.99	-4.10
601.05	-45.06
601.10	51.20
601.15	-88.06
601.20	-36.86
601.25	12.29
601.30	32.77
601.35	77.82
601.41	4.10
601.46	-30.72
601.51	-96.25
601.56	-26.62
601.61	-40.96
601.66	0.00
601.71	-61.44
601.77	-12.29
601.82	8.19
601.87	28.67
601.92	47.10
601.97	-77.82
602.02	-18.43
602.07	-53.25
602.13	-49.15
602.18	-116.73
602.23	-8.19
602.28	49.15
602.33	-14.34
602.38	-26.62
602.43	38.91
602.48	36.86
602.54	49.15
602.59	81.92
602.64	-16.38
602.69	86.01
602.74	-16.38
602.79	36.86
602.84	38.91
602.89	4.10
602.95	28.67
603.00	75.77
603.05	-43.01
603.10	-55.30
603.15	-51.20
603.20	-10.24
603.25	10.24
603.30	47.10
603.36	53.25
603.41	-26.62
603.46	2.05
603.51	24.58
603.56	43.01
603.61	59.39
603.66	-2.05
603.71	-20.48
603.76	53.25
603.82	55.30
603.87	86.01
603.92	-28.67
603.97	-4.10
604.02	-36.86
604.07	4.10
604.12	0.00
604.17	-8.19
604.22	104.45
604.28	18.43
604.33	65.53
604.38	-12.29
604.43	71.68
604.48	92.16
604.53	-47.10
604.58	-16.38
604.63	-36.86
604.68	65.54
604.73	-6.14
604.78	36.86
604.84	-40.96
604.89	26.62
604.94	-28.67
604.99	-40.96
605.04	-96.25
605.09	-124.93
605.14	6.14
605.19	0.00
605.24	-55.30
605.29	20.48
605.34	-8.19
605.40	-71.68
605.45	-26.62
605.50	75.77
605.55	43.01
605.60	-36.86
605.65	-26.62
605.70	40.96
605.75	69.63
605.80	12.29
605.85	-30.72
605.90	-12.29
605.95	-30.72
606.00	-73.73
606.06	14.34
606.11	0.00
606.16	47.10
606.21	-69.63
606.26	10.24
606.31	55.30
606.36	-53.25
606.41	-2.05
606.46	12.29
606.51	69.63
606.56	34.82
606.61	-96.25
606.66	24.58
606.71	-38.91
606.76	-159.74
606.81	-18.43
606.87	-4.10
606.92	16.38
606.97	-20.48
607.02	-4.10
607.07	-6.14
607.12	-30.72
607.17	-77.82
607.22	10.24
607.27	-77.82
607.32	-86.01
607.37	-94.21
607.42	-69.63
607.47	2.05
607.52	83.97
607.57	-14.34
607.62	114.69
607.67	-10.24
607.72	26.62
607.77	20.48
607.83	28.67
607.88	40.96
607.93	2.05
607.98	47.10
608.03	92.16
608.08	-18.43
608.13	-51.20
608.18	32.77
608.23	-20.48
608.28	-51.20
608.33	-18.43
608.38	-16.38
608.43	-6.14
608.48	-55.30
608.53	71.68
608.58	-63.49
608.63	12.29
608.68	118.78
608.73	24.58
608.78	2.05
608.83	-36.86
608.88	-47.10
608.93	-108.54
608.98	12.29
609.03	47.10
609.08	135.17
609.13	-51.20
609.18	-43.01
609.23	26.62
609.28	18.43
609.33	32.77
609.38	43.01
609.43	-55.30
609.48	49.15
609.53	-20.48
609.58	-18.43
609.63	137.21
609.69	6.14
609.74	24.58
609.79	-34.82
609.84	-88.06
609.89	-77.82
609.94	-53.25
609.99	-34.82
610.04	16.38
610.09	65.54
610.14	26.62
610.19	4.10
610.24	-43.01
610.29	47.10
610.34	141.31
610.39	51.20
610.44	18.43
610.49	69.63
610.54	-34.82
610.59	10.24
610.64	51.20
610.69	59.39
610.74	-12.29
610.79	-36.86
610.84	8.19
610.89	43.01
610.94	-40.96
610.99	-90.11
611.04	-20.48
611.09	38.91
611.14	22.53
611.18	6.14
611.23	16.38
611.28	110.59
611.33	-98.30
611.38	-20.48
611.43	34.82
611.48	-34.82
611.53	-22.53
611.58	-65.53
611.63	30.72
611.68	16.38
611.73	63.49
611.78	-75.77
611.83	-53.25
611.88	-30.72
611.93	14.34
611.98	8.19
612.03	-63.49
612.08	-53.25
612.13	-28.67
612.18	-137.21
612.23	-30.72
612.28	49.15
612.33	-32.77
612.38	-36.86
612.43	10.24
612.48	-59.39
612.53	26.62
612.58	-45.06
612.63	-10.24
612.68	-81.92
612.73	2.05
612.78	-6.14
612.83	40.96
612.88	16.38
612.93	0.00
612.97	-18.43
613.02	-4.10
613.07	-8.19
613.12	43.01
613.17	14.34
613.22	-4.10
613.27	16.38
613.32	32.77
613.37	20.48
613.42	-55.30
613.47	-10.24
613.52	63.49
613.57	14.34
613.62	-30.72
613.67	53.25
613.72	-30.72
613.77	59.39
613.82	-83.97
613.87	-38.91
613.92	-10.24
613.96	30.72
614.01	-6.14
614.06	65.54
614.11	-34.82
614.16	-83.97
614.21	90.11
614.26	8.19
614.31	-22.53
614.36	38.91
614.41	2.05
614.46	-47.10
614.51	45.06
614.56	-4.10
614.61	141.31
614.66	6.14
614.70	124.93
614.75	81.92
614.80	40.96
614.85	47.10
614.90	4.10
614.95	-71.68
615.00	-38.91
615.05	22.53
615.10	-6.14
615.15	-69.63
615.20	-32.77
615.25	16.38
615.30	79.87
615.34	71.68
615.39	-53.25
615.44	14.34
615.49	-16.38
615.54	14.34
615.59	-53.25
615.64	-22.53
615.69	-14.34
615.74	65.54
615.79	28.67
615.84	28.67
615.89	139.26
615.93	-16.38
615.98	-116.73
616.03	14.34
616.08	-2.05
616.13	-14.34
616.18	6.14
616.23	18.43
616.28	-16.38
616.33	-98.30
616.38	0.00
616.42	71.68
616.47	-4.10
616.52	-47.10
616.57	-28.67
616.62	-34.82
616.67	-22.53
616.72	49.15
616.77	16.38
616.82	-12.29
616.87	63.49
616.91	-86.01
616.96	-28.67
617.01	47.10
617.06	32.77
617.11	2.05
617.16	45.06
617.21	32.77
617.26	38.91
617.31	-12.29
617.35	-26.62
617.40	24.58
617.45	-122.88
617.50	26.62
617.55	-10.24
617.60	-20.48
617.65	40.96
617.70	22.53
617.74	30.72
617.79	45.06
617.84	0.00
617.89	8.19
617.94	-34.82
617.99	129.02
618.04	-57.34
618.09	-90.11
618.13	4.10
618.18	65.53
618.23	-2.05
618.28	108.54
618.33	53.25
618.38	-26.62
618.43	12.29
618.48	-34.82
618.52	81.92
618.57	-45.06
618.62	-53.25
618.67	-96.25
618.72	-32.77
618.77	-24.58
618.82	49.15
618.86	20.48
618.91	-69.63
618.96	-4.10
619.01	-10.24
619.06	30.72
619.11	-43.01
619.16	-24.58
619.20	18.43
619.25	2.05
619.30	71.68
619.35	26.62
619.40	14.34
619.45	-45.06
619.49	71.68
619.54	-45.06
619.59	32.77
619.64	86.01
619.69	-32.77
619.74	24.58
619.79	26.62
619.83	-12.29
619.88	16.38
619.93	6.14
619.98	-104.45
620.03	-71.68
620.08	-36.86
620.12	0.00
620.17	73.73
620.22	34.82
620.27	-10.24
620.32	-51.20
620.37	-18.43
620.41	22.53
620.46	81.92
620.51	38.91
620.56	-16.38
620.61	133.12
620.66	-18.43
620.70	86.01
620.75	-106.49
620.80	14.34
620.85	-20.48
620.90	-32.77
620.95	-16.38
620.99	81.92
621.04	28.67
621.09	-14.34
621.14	69.63
621.19	69.63
621.23	-28.67
621.28	77.82
621.33	32.77
621.38	6.14
621.43	-98.30
621.48	-12.29
621.52	-57.34
621.57	30.72
621.62	-26.62
621.67	-75.77
621.72	2.05
621.76	-49.15
621.81	38.91
621.86	-18.43
621.91	-4.10
621.96	-30.72
622.00	2.05
622.05	-32.77
622.10	86.01
622.15	-8.19
622.20	14.34
622.24	-51.20
622.29	-77.82
622.34	16.38
622.39	65.54
622.44	-26.62
622.48	24.58
622.53	28.67
622.58	-22.53
622.63	-49.15
622.68	26.62
622.72	14.34
622.77	-30.72
622.82	12.29
622.87	12.29
622.92	53.25
622.96	-45.06
623.01	-18.43
623.06	22.53
623.11	-26.62
623.15	-106.49
623.20	-133.12
623.25	-59.39
623.30	-32.77
623.35	-59.39
623.39	-10.24
623.44	49.15
623.49	16.38
623.54	-30.72
623.58	-12.29
623.63	18.43
623.68	-92.16
623.73	71.68
623.78	100.35
623.82	-59.39
623.87	63.49
623.92	2.05
623.97	57.34
624.01	69.63
624.06	-120.83
624.11	28.67
624.16	2.05
624.21	-49.15
624.25	47.10
624.30	38.91
624.35	-12.29
624.40	43.01
624.44	-16.38
624.49	34.82
624.54	6.14
624.59	8.19
624.63	71.68
624.68	-59.39
624.73	-24.58
624.78	-124.93
624.82	-53.25
624.87	-43.01
624.92	-20.48
624.97	-77.82
625.01	-36.86
625.06	-2.05
625.11	14.34
625.16	-14.34
625.20	-51.20
625.25	-53.25
625.30	-6.14
625.35	-14.34
625.39	-75.77
625.44	-18.43
625.49	-79.87
625.54	43.01
625.58	24.58
625.63	-38.91
625.68	-65.53
625.73	-36.86
625.77	30.72
625.82	-81.92
625.87	2.05
625.92	102.40
625.96	2.05
626.01	-10.24
626.06	-30.72
626.10	-45.06
626.15	-2.05
626.20	22.53
626.25	92.16
626.29	22.53
626.34	-96.25
626.39	-59.39
626.44	73.73
626.48	6.14
626.53	30.72
626.58	81.92
626.62	-6.14
626.67	-18.43
626.72	4.10
626.77	24.58
626.81	-4.10
626.86	49.15
626.91	-16.38
626.96	-55.30
627.00	-32.77
627.05	83.97
627.10	14.34
627.14	-116.73
627.19	4.10
627.24	-65.53
627.29	-32.77
627.33	8.19
627.38	-102.40
627.43	53.25
627.47	-16.38
627.52	-63.49
627.57	-53.25
627.62	-53.25
627.66	26.62
627.71	-40.96
627.76	0.00
627.80	-57.34
627.85	34.82
627.90	-8.19
627.94	-86.01
627.99	61.44
628.04	-14.34
628.09	24.58
628.13	-53.25
628.18	24.58
628.23	59.39
628.27	-6.14
628.32	32.77
628.37	-116.73
628.41	-30.72
628.46	-61.44
628.51	40.96
628.55	-24.58
628.60	43.01
628.65	55.30
628.70	-8.19
628.74	108.54
628.79	-28.67
628.84	-16.38
628.88	-59.39
628.93	-28.67
628.98	53.25
629.02	30.72
629.07	75.77
629.12	32.77
629.16	6.14
629.21	69.63
629.26	2.05
629.30	69.63
629.35	20.48
629.40	-10.24
629.44	-6.14
629.49	-51.20
629.54	45.06
629.58	-69.63
629.63	-36.86
629.68	110.59
629.72	65.53
629.77	18.43
629.82	32.77
629.86	-12.29
629.91	-106.49
629.96	-4.10
630.00	10.24
630.05	36.86
630.10	57.34
630.14	-26.62
630.19	51.20
630.24	16.38
630.28	-38.91
630.33	51.20
630.38	-30.72
630.42	-6.14
630.47	-4.10
630.52	106.49
630.56	0.00
630.61	4.10
630.66	-22.53
630.70	-75.77
630.75	-14.34
630.80	2.05
630.84	-30.72
630.89	-49.15
630.94	0.00
630.98	45.06
631.03	-30.72
631.07	45.06
631.12	-65.53
631.17	40.96
631.21	-20.48
631.26	110.59
631.31	-38.91
631.35	-40.96
631.40	-14.34
631.45	-14.34
631.49	55.30
631.54	-30.72
631.59	-106.49
631.63	-4.10
631.68	-67.58
631.72	0.00
631.77	-6.14
631.82	-20.48
631.86	-20.48
631.91	-79.87
631.96	-106.49
632.00	94.21
632.05	38.91
632.09	79.87
632.14	-8.19
632.19	-26.62
632.23	65.53
632.28	40.96
632.33	96.25
632.37	24.58
632.42	16.38
632.46	-8.19
632.51	12.29
632.56	65.53
632.60	-75.77
632.65	-61.44
632.70	-12.29
632.74	-4.10
632.79	6.14
632.83	-12.29
632.88	12.29
632.93	-61.44
632.97	77.82
633.02	8.19
633.06	-96.25
633.11	-14.34
633.16	-28.67
633.20	4.10
633.25	6.14
633.29	-100.35
633.34	-20.48
633.39	-8.19
633.43	-14.34
633.48	-53.25
633.52	-22.53
633.57	14.34
633.62	-36.86
633.66	-38.91
633.71	-20.48
633.75	6.14
633.80	-26.62
633.85	36.86
633.89	30.72
633.94	-24.58
633.98	10.24
634.03	26.62
634.08	-47.10
634.12	-67.58
634.17	-71.68
634.21	14.34
634.26	-38.91
634.31	135.17
634.35	0.00
634.40	40.96
634.44	-2.05
634.49	-69.63
634.54	67.58
634.58	-34.82
634.63	-4.10
634.67	92.16
634.72	24.58
634.76	-38.91
634.81	-88.06
634.86	-32.77
634.90	55.30
634.95	-51.20
634.99	24.58
635.04	-8.19
635.08	53.25
635.13	-88.06
635.18	65.53
635.22	-36.86
635.27	-61.44
635.31	-8.19
635.36	47.10
635.40	28.67
635.45	-51.20
635.50	10.24
635.54	32.77
635.59	-77.82
635.63	14.34
635.68	-49.15
635.72	-38.91
635.77	-43.01
635.81	-36.86
635.86	51.20
635.91	-57.34
635.95	-55.30
636.00	2.05
636.04	47.10
636.09	16.38
636.13	-75.77
636.18	16.38
636.22	0.00
636.27	-40.96
636.32	-57.34
636.36	36.86
636.41	12.29
636.45	-57.34
636.50	-79.87
636.54	57.34
636.59	-59.39
636.63	59.39
636.68	0.00
636.73	14.34
636.77	-6.14
636.82	73.73
636.86	16.38
636.91	45.06
636.95	106.49
637.00	-16.38
637.04	-24.58
637.09	-57.34
637.13	8.19
637.18	-40.96
637.22	-2.05
637.27	-32.77
637.31	-10.24
637.36	-63.49
637.41	-36.86
637.45	71.68
637.50	-20.48
637.54	75.77
637.59	-20.48
637.63	45.06
637.68	32.77
637.72	-10.24
637.77	-71.68
637.81	-67.58
637.86	28.67
637.90	-53.25
637.95	-18.43
637.99	-8.19
638.04	14.34
638.08	-38.91
638.13	-49.15
638.17	51.20
638.22	24.58
638.26	-34.82
638.31	-43.01
638.35	-22.53
638.40	16.38
638.45	-22.53
638.49	83.97
638.54	-34.82
638.58	16.38
638.63	38.91
638.67	-12.29
638.72	71.68
638.76	-14.34
638.81	38.91
638.85	53.25
638.90	6.14
638.94	14.34
638.99	30.72
639.03	-51.20
639.08	16.38
639.12	-12.29
639.17	-26.62
639.21	24.58
639.26	71.68
639.30	51.20
639.35	10.24
639.39	-45.06
639.44	32.77
639.48	0.00
639.53	61.44
639.57	-51.20
639.62	26.62
639.66	-16.38
639.70	-8.19
639.75	30.72
639.79	20.48
639.84	-6.14
639.88	36.86
639.93	-16.38
639.97	-116.73
640.02	12.29
640.06	10.24
640.11	47.10
640.15	-26.62
640.20	69.63
640.24	-10.24
640.29	38.91
640.33	-65.53
640.38	-14.34
640.42	-16.38
640.47	-36.86
640.51	71.68
640.56	-8.19
640.60	0.00
640.65	-77.82
640.69	69.63
640.73	-65.53
640.78	-36.86
640.82	36.86
640.87	12.29
640.91	-57.34
640.96	-86.01
641.00	81.92
641.05	40.96
641.09	-16.38
641.14	-12.29
641.18	-24.58
641.23	-59.39
641.27	12.29
641.32	-112.64
641.36	-18.43
641.40	57.34
641.45	-12.29
641.49	38.91
641.54	-30.72
641.58	30.72
641.63	-55.30
641.67	43.01
641.72	30.72
641.76	-94.21
641.80	98.30
641.85	6.14
641.89	12.29
641.94	-22.53
641.98	40.96
642.03	69.63
642.07	67.58
642.12	65.53
642.16	0.00
642.20	-65.53
642.25	28.67
642.29	-6.14
642.34	69.63
642.38	-59.39
642.43	10.24
642.47	-90.11
642.52	116.73
642.56	28.67
642.60	-20.48
642.65	-10.24
642.69	6.14
642.74	-32.77
642.78	-71.68
642.83	-63.49
642.87	-20.48
642.91	-69.63
642.96	59.39
643.00	-36.86
643.05	106.49
643.09	124.93
643.14	51.20
643.18	26.62
643.22	-20.48
643.27	38.91
643.31	-20.48
643.36	47.10
643.40	-4.10
643.45	-20.48
643.49	-16.38
643.53	14.34
643.58	61.44
643.62	-59.39
643.67	10.24
643.71	-10.24
643.75	28.67
643.80	55.30
643.84	-86.01
643.89	-108.54
643.93	55.30
643.97	-36.86
644.02	-79.87
644.06	-6.14
644.11	12.29
644.15	73.73
644.19	-57.34
644.24	-20.48
644.28	2.05
644.33	-32.77
644.37	-6.14
644.42	-30.72
644.46	-38.91
644.50	-32.77
644.55	0.00
644.59	-57.34
644.63	24.58
644.68	38.91
644.72	-10.24
644.77	-94.21
644.81	26.62
644.85	6.14
644.90	0.00
644.94	-14.34
644.99	34.82
645.03	49.15
645.07	-77.82
645.12	-18.43
645.16	100.35
645.21	-40.96
645.25	-4.10
645.29	20.48
645.34	-59.39
645.38	-75.77
645.42	8.19
645.47	-34.82
645.51	-22.53
645.56	-6.14
645.60	-20.48
645.64	12.29
645.69	-40.96
645.73	32.77
645.77	10.24
645.82	-55.30
645.86	36.86
645.91	36.86
645.95	28.67
645.99	-55.30
646.04	4.10
646.08	-10.24
646.12	24.58
646.17	-63.49
646.21	24.58
646.26	20.48
646.30	-12.29
646.34	8.19
646.39	-14.34
646.43	20.48
646.47	-51.20
646.52	-36.86
646.56	32.77
646.60	-18.43
646.65	40.96
646.69	141.31
646.73	67.58
646.78	-61.44
646.82	6.14
646.87	-18.43
646.91	18.43
646.95	-12.29
647.00	6.14
647.04	-45.06
647.08	0.00
647.13	-61.44
647.17	96.25
647.21	-32.77
647.26	-30.72
647.30	-88.06
647.34	55.30
647.39	-32.77
647.43	81.92
647.47	-49.15
647.52	-30.72
647.56	-4.10
647.60	-28.67
647.65	-22.53
647.69	30.72
647.73	49.15
647.78	49.15
647.82	-88.06
647.86	-81.92
647.91	-51.20
647.95	4.10
647.99	-94.21
648.04	-10.24
648.08	-16.38
648.12	-16.38
648.17	-45.06
648.21	0.00
648.25	-100.35
648.30	36.86
648.34	-28.67
648.38	141.31
648.43	-36.86
648.47	24.58
648.51	-30.72
648.56	2.05
648.60	-75.77
648.64	16.38
648.69	77.82
648.73	16.38
648.77	4.10
648.82	2.05
648.86	-22.53
648.90	73.73
648.95	-75.77
648.99	-12.29
649.03	0.00
649.07	-16.38
649.12	6.14
649.16	-49.15
649.20	104.45
649.25	-28.67
649.29	-96.25
649.33	-8.19
649.38	10.24
649.42	63.49
649.46	-10.24
649.51	104.45
649.55	-36.86
649.59	-24.58
649.63	0.00
649.68	57.34
649.72	-73.73
649.76	8.19
649.81	88.06
649.85	-106.49
649.89	49.15
649.93	-65.54
649.98	-6.14
650.02	36.86
650.06	59.39
650.11	40.96
650.15	75.77
650.19	-8.19
650.24	-67.58
650.28	6.14
650.32	12.29
650.36	43.01
650.41	2.05
650.45	-12.29
650.49	14.34
650.54	-63.49
650.58	-16.38
650.62	57.34
650.66	20.48
650.71	40.96
650.75	90.11
650.79	18.43
650.83	-49.15
650.88	47.10
650.92	-53.25
650.96	-12.29
651.01	-36.86
651.05	67.58
651.09	63.49
651.13	-122.88
651.18	-2.05
651.22	-40.96
651.26	-79.87
651.30	-6.14
651.35	2.05
651.39	6.14
651.43	10.24
651.48	-24.58
651.52	14.34
651.56	-4.10
651.60	77.82
651.65	4.10
651.69	104.45
651.73	-4.10
651.77	67.58
651.82	-6.14
651.86	-6.14
651.90	53.25
651.94	-12.29
651.99	69.63
652.03	75.77
652.07	10.24
652.11	-53.25
652.16	-14.34
652.20	24.58
652.24	108.54
652.28	-30.72
652.33	63.49
652.37	-57.34
652.41	34.82
652.45	16.38
652.50	-18.43
652.54	120.83
652.58	-57.34
652.62	-30.72
652.67	-22.53
652.71	-16.38
652.75	51.20
652.79	59.39
652.84	-26.62
652.88	-22.53
652.92	8.19
652.96	20.48
653.00	-28.67
653.05	-114.69
653.09	-26.62
653.13	28.67
653.17	47.10
653.22	-10.24
653.26	51.20
653.30	51.20
653.34	81.92
653.39	-6.14
653.43	-47.10
653.47	-4.10
653.51	63.49
653.55	65.53
653.60	4.10
653.64	6.14
653.68	-26.62
653.72	22.53
653.77	-18.43
653.81	-45.06
653.85	40.96
653.89	-24.58
653.93	26.62
653.98	47.10
654.02	77.82
654.06	4.10
654.10	-49.15
654.14	0.00
654.19	65.53
654.23	-38.91
654.27	-65.54
654.31	59.39
654.35	4.10
654.40	36.86
654.44	14.34
654.48	-14.34
654.52	96.25
654.57	-20.48
654.61	40.96
654.65	34.82
654.69	-6.14
654.73	-16.38
654.78	-51.20
654.82	-16.38
654.86	-30.72
654.90	45.06
654.94	26.62
654.98	-24.58
655.03	28.67
655.07	-75.77
655.11	-102.40
655.15	-16.38
655.19	-8.19
655.24	-49.15
655.28	-126.97
655.32	28.67
655.36	-26.62
655.40	118.78
655.45	51.20
655.49	18.43
655.53	-45.06
655.57	-28.67
655.61	-38.91
655.65	-8.19
655.70	-38.91
655.74	34.82
655.78	-6.14
655.82	0.00
655.86	34.82
655.91	6.14
655.95	-36.86
655.99	-77.82
656.03	-4.10
656.07	10.24
656.11	-47.10
656.16	-59.39
656.20	-75.77
656.24	77.82
656.28	14.34
656.32	32.77
656.36	2.05
656.41	-67.58
656.45	-36.86
656.49	2.05
656.53	28.67
656.57	86.01
656.61	6.14
656.66	16.38
656.70	55.30
656.74	-12.29
656.78	-65.54
656.82	-14.34
656.86	-135.17
656.91	36.86
656.95	-16.38
656.99	-71.68
657.03	-36.86
657.07	-26.62
657.11	-59.39
657.15	24.58
657.20	-47.10
657.24	18.43
657.28	-26.62
657.32	-75.77
657.36	-10.24
657.40	102.40
657.44	16.38
657.49	-20.48
657.53	-16.38
657.57	-4.10
657.61	-67.58
657.65	28.67
657.69	-22.53
657.73	0.00
657.78	-96.25
657.82	-92.16
657.86	-63.49
657.90	-28.67
657.94	-98.30
657.98	-34.82
658.02	-43.01
658.07	88.06
658.11	43.01
658.15	34.82
658.19	8.19
658.23	53.25
658.27	32.77
658.31	-63.49
658.35	-28.67
658.40	43.01
658.44	69.63
658.48	133.12
658.52	-73.73
658.56	-28.67
658.60	-53.25
658.64	-28.67
658.68	-24.58
658.73	-28.67
658.77	-22.53
658.81	63.49
658.85	-81.92
658.89	-18.43
658.93	-55.30
658.97	-14.34
659.01	-47.10
659.06	-75.77
659.10	67.58
659.14	-83.97
659.18	38.91
659.22	-57.34
659.26	-20.48
659.30	-22.53
659.34	38.91
659.38	18.43
659.42	-8.19
659.47	188.41
659.51	55.30
659.55	18.43
659.59	-16.38
659.63	-63.49
659.67	28.67
659.71	124.93
659.75	47.10
659.79	26.62
659.83	28.67
659.88	-10.24
659.92	-14.34
659.96	-26.62
660.00	47.10
660.04	12.29
660.08	-30.72
660.12	-32.77
660.16	-30.72
660.20	116.73
660.24	28.67
660.28	83.97
660.33	-69.63
660.37	14.34
660.41	-6.14
660.45	-24.58
660.49	-14.34
660.53	-38.91
660.57	-2.05
660.61	24.58
660.65	4.10
660.69	63.49
660.73	4.10
660.77	-86.01
660.82	-69.63
660.86	59.39
660.90	16.38
660.94	-59.39
660.98	-24.58
661.02	30.72
661.06	-57.34
661.10	86.01
661.14	-67.58
661.18	-53.25
661.22	-65.53
661.26	-18.43
661.30	59.39
661.34	26.62
661.39	38.91
661.43	-14.34
661.47	-40.96
661.51	-14.34
661.55	83.97
661.59	6.14
661.63	69.63
661.67	2.05
661.71	38.91
661.75	-14.34
661.79	-4.10
661.83	106.49
661.87	16.38
661.91	-2.05
661.95	34.82
661.99	49.15
662.03	28.67
662.08	34.82
662.12	55.30
662.16	100.35
662.20	20.48
662.24	-14.34
662.28	2.05
662.32	4.10
662.36	-36.86
662.40	-83.97
662.44	110.59
662.48	-43.01
662.52	22.53
662.56	45.06
662.60	12.29
662.64	-40.96
662.68	-47.10
662.72	-18.43
662.76	77.82
662.80	36.86
662.84	12.29
662.88	34.82
662.92	16.38
662.96	-22.53
663.00	26.62
663.04	22.53
663.09	53.25
663.13	32.77
663.17	28.67
663.21	-18.43
663.25	-40.96
663.29	36.86
663.33	-2.05
663.37	67.58
663.41	-4.10
663.45	-10.24
663.49	-8.19
663.53	-40.96
663.57	65.53
663.61	18.43
663.65	73.73
663.69	-24.58
663.73	-71.68
663.77	30.72
663.81	-24.58
663.85	22.53
663.89	28.67
663.93	34.82
663.97	4.10
664.01	69.63
664.05	-92.16
664.09	-28.67
664.13	-100.35
664.17	-106.49
664.21	157.69
664.25	-40.96
664.29	-65.53
664.33	-65.54
664.37	-73.73
664.41	-12.29
664.45	22.53
664.49	79.87
664.53	-40.96
664.57	118.78
664.61	-6.14
664.65	40.96
664.69	-4.10
664.73	-43.01
664.77	-28.67
664.81	38.91
664.85	2.05
664.89	-45.06
664.93	55.30
664.97	-2.05
665.01	-34.82
665.05	-77.82
665.09	59.39
665.13	8.19
665.17	40.96
665.21	112.64
665.25	-34.82
665.29	-122.88
665.33	-69.63
665.37	-18.43
665.41	-24.58
665.45	-53.25
665.49	-10.24
665.53	-10.24
665.57	-26.62
665.61	14.34
665.65	30.72
665.69	20.48
665.73	-2.05
665.77	-96.25
665.81	-24.58
665.85	14.34
665.89	32.77
665.92	28.67
665.96	-67.58
666.00	8.19
666.04	81.92
666.08	-38.91
666.12	-30.72
666.16	-22.53
666.20	-32.77
666.24	-55.30
666.28	-67.58
666.32	26.62
666.36	-36.86
666.40	2.05
666.44	-34.82
666.48	-32.77
666.52	12.29
666.56	-28.67
666.60	-20.48
666.64	-20.48
666.68	-24.58
666.72	73.73
666.76	32.77
666.80	6.14
666.84	-67.58
666.88	51.20
666.91	10.24
666.95	-20.48
666.99	-18.43
667.03	-100.35
667.07	-6.14
667.11	6.14
667.15	-24.58
667.19	-28.67
667.23	-2.05
667.27	-12.29
667.31	-30.72
667.35	6.14
667.39	-38.91
667.43	-12.29
667.47	34.82
667.51	38.91
667.55	-61.44
667.58	-79.87
667.62	86.01
667.66	16.38
667.70	-120.83
667.74	81.92
667.78	10.24
667.82	182.27
667.86	225.28
667.90	225.28
667.94	301.05
667.98	288.76
668.02	382.97
668.06	346.11
668.10	215.04
668.13	223.23
668.17	311.29
668.21	299.00
668.25	276.48
668.29	346.11
668.33	202.75
668.37	184.32
668.41	131.07
668.45	178.17
668.49	155.65
668.53	169.98
668.57	178.17
668.60	208.89
668.64	202.75
668.68	266.24
668.72	77.82
668.76	161.79
668.80	61.44
668.84	118.78
668.88	59.39
668.92	22.53
668.96	49.15
669.00	16.38
669.03	43.01
669.07	40.96
669.11	45.06
669.15	98.30
669.19	69.63
669.23	-26.62
669.27	-10.24
669.31	-2.05
669.35	2.05
669.39	-59.39
669.42	-18.43
669.46	100.35
669.50	26.62
669.54	26.62
669.58	-77.82
669.62	-57.34
669.66	-79.87
669.70	-16.38
669.74	112.64
669.78	24.58
669.81	-51.20
669.85	24.58
669.89	-14.34
669.93	-67.58
669.97	108.54
670.01	36.86
670.05	-12.29
670.09	10.24
670.12	-30.72
670.16	-16.38
670.20	0.00
670.24	26.62
670.28	-38.91
670.32	83.97
670.36	-137.21
670.40	16.38
670.43	-129.02
670.47	-38.91
670.51	-59.39
670.55	-24.58
670.59	-45.06
670.63	43.01
670.67	6.14
670.71	10.24
670.74	-6.14
670.78	47.10
670.82	36.86
670.86	2.05
670.90	-67.58
670.94	49.15
670.98	45.06
671.01	-34.82
671.05	-83.97
671.09	63.49
671.13	-28.67
671.17	-12.29
671.21	126.97
671.25	28.67
671.28	-32.77
671.32	-8.19
671.36	-24.58
671.40	124.93
671.44	-63.49
671.48	10.24
671.52	34.82
671.55	8.19
671.59	10.24
671.63	-45.06
671.67	61.44
671.71	47.10
671.75	-86.01
671.79	-45.06
671.82	45.06
671.86	-81.92
671.90	-38.91
671.94	26.62
