476.77	-20.48
476.84	-20.48
476.91	-20.48
476.98	-22.53
477.04	75.77
477.11	61.44
477.18	59.39
477.25	12.29
477.32	-77.82
477.39	-8.19
477.45	-8.19
477.52	159.74
477.59	34.82
477.66	28.67
477.73	-24.58
477.80	-49.15
477.86	-104.45
477.93	-38.91
478.00	45.06
478.07	10.24
478.14	-10.24
478.21	-30.72
478.27	-55.30
478.34	81.92
478.41	98.30
478.48	135.17
478.55	-102.40
478.62	26.62
478.68	38.91
478.75	45.06
478.82	28.67
478.89	-18.43
478.96	-30.72
479.02	-38.91
479.09	65.54
479.16	88.06
479.23	-36.86
479.30	26.62
479.37	32.77
479.43	59.39
479.50	-47.10
479.57	28.67
479.64	14.34
479.71	116.73
479.77	55.30
479.84	22.53
479.91	-96.25
479.98	-69.63
480.05	116.73
480.11	-2.05
480.18	32.77
480.25	-75.77
480.32	26.62
480.39	-51.20
480.45	-161.79
480.52	159.74
480.59	49.15
480.66	-38.91
480.73	34.82
480.79	-2.05
480.86	98.30
480.93	8.19
481.00	-24.58
481.07	-22.53
481.13	124.93
481.20	-57.34
481.27	24.58
481.34	-116.73
481.41	40.96
481.47	-57.34
481.54	30.72
481.61	18.43
481.68	-22.53
481.74	57.34
481.81	10.24
481.88	-71.68
481.95	-8.19
482.02	-75.77
482.08	45.06
482.15	8.19
482.22	-45.06
482.29	-12.29
482.35	12.29
482.42	-45.06
482.49	167.93
482.56	-143.36
482.63	-24.58
482.69	-47.10
482.76	79.87
482.83	51.20
482.90	57.34
482.96	63.49
483.03	6.14
483.10	-71.68
483.17	14.34
483.24	-55.30
483.30	-114.69
483.37	-22.53
483.44	22.53
483.51	315.39
483.57	45.06
483.64	55.30
483.71	12.29
483.78	49.15
483.84	16.38
483.91	61.44
483.98	-94.21
484.05	32.77
484.11	-2.05
484.18	4.10
484.25	-77.82
484.32	65.54
484.38	14.34
484.45	-51.20
484.52	-20.48
484.59	69.63
484.65	-32.77
484.72	104.45
484.79	92.16
484.86	-57.34
484.92	-4.10
484.99	-57.34
485.06	-96.25
485.13	40.96
485.19	-163.84
485.26	55.30
485.33	30.72
485.40	79.87
485.46	40.96
485.53	-55.30
485.60	96.25
485.67	-198.65
485.73	-8.19
485.80	-45.06
485.87	14.34
485.94	65.54
486.00	-24.58
486.07	-40.96
486.14	-61.44
486.20	991.22
486.27	-10.24
486.34	-4.10
486.41	-18.43
486.47	-43.01
486.54	122.88
486.61	-8.19
486.68	-45.06
486.74	32.77
486.81	-63.49
486.88	0.00
486.94	161.79
487.01	51.20
487.08	98.30
487.15	79.87
487.21	67.58
487.28	12.29
487.35	-40.96
487.41	18.43
487.48	40.96
487.55	-108.54
487.62	-32.77
487.68	63.49
487.75	65.54
487.82	-79.87
487.88	-2.05
487.95	32.77
488.02	40.96
488.09	30.72
488.15	-10.24
488.22	34.82
488.29	32.77
488.35	-2.05
488.42	32.77
488.49	-4.10
488.56	63.49
488.62	-120.83
488.69	100.35
488.76	-6.14
488.82	79.87
488.89	0.00
488.96	30.72
489.02	26.62
489.09	116.73
489.16	30.72
489.22	-4.10
489.29	28.67
489.36	63.49
489.43	18.43
489.49	-102.40
489.56	-18.43
489.63	-59.39
489.69	4.10
489.76	43.01
489.83	-6.14
489.89	43.01
489.96	-73.73
490.03	-71.68
490.09	38.91
490.16	-10.24
490.23	-38.91
490.29	-26.62
490.36	-32.77
490.43	30.72
490.50	129.02
490.56	-57.34
490.63	12.29
490.70	26.62
490.76	8.19
490.83	10.24
490.90	-49.15
490.96	24.58
491.03	16.38
491.10	-45.06
491.16	22.53
491.23	59.39
491.30	-22.53
491.36	-63.49
491.43	38.91
491.50	-96.25
491.56	36.86
491.63	-38.91
491.70	6.14
491.76	36.86
491.83	98.30
491.90	-18.43
491.96	-45.06
492.03	8.19
492.10	22.53
492.16	4.10
492.23	-73.73
492.30	51.20
492.36	1050.61
492.43	28.67
492.50	-6.14
492.56	24.58
492.63	55.30
492.70	-20.48
492.76	-12.29
492.83	6.14
492.89	-40.96
492.96	22.53
493.03	63.49
493.09	-81.92
493.16	-53.25
493.23	10.24
493.29	-88.06
493.36	-59.39
493.43	-2.05
493.49	-32.77
493.56	-55.30
493.63	122.88
493.69	-12.29
493.76	36.86
493.82	329.72
493.89	-12.29
493.96	-45.06
494.02	-131.07
494.09	-55.30
494.16	59.39
494.22	-12.29
494.29	24.58
494.36	20.48
494.42	98.30
494.49	36.86
494.55	34.82
494.62	57.34
494.69	-71.68
494.75	67.58
494.82	53.25
494.89	-20.48
494.95	14.34
495.02	12.29
495.08	-8.19
495.15	22.53
495.22	59.39
495.28	108.54
495.35	192.51
495.42	0.00
495.48	81.92
495.55	96.25
495.61	-122.88
495.68	38.91
495.75	-77.82
495.81	86.01
495.88	-51.20
495.94	-43.01
496.01	-12.29
496.08	102.40
496.14	-104.45
496.21	-2.05
496.28	73.73
496.34	0.00
496.41	-8.19
496.47	43.01
496.54	32.77
496.61	-53.25
496.67	-22.53
496.74	-83.97
496.80	63.49
496.87	2.05
496.94	49.15
497.00	-45.06
497.07	53.25
497.13	20.48
497.20	141.31
497.27	61.44
497.33	43.01
497.40	71.68
497.46	-67.58
497.53	57.34
497.60	30.72
497.66	40.96
497.73	-90.11
497.79	20.48
497.86	135.17
497.93	86.01
497.99	-47.10
498.06	-149.50
498.12	8.19
498.19	4.10
498.25	-22.53
498.32	32.77
498.39	-59.39
498.45	28.67
498.52	38.91
498.58	0.00
498.65	-8.19
498.72	14.34
498.78	-22.53
498.85	-55.30
498.91	61.44
498.98	-8.19
499.04	53.25
499.11	-83.97
499.18	59.39
499.24	63.49
499.31	51.20
499.37	-26.62
499.44	38.91
499.50	-40.96
499.57	-32.77
499.64	-43.01
499.70	36.86
499.77	-169.98
499.83	83.97
499.90	79.87
499.96	12.29
500.03	110.59
500.09	-32.77
500.16	-73.73
500.23	28.67
500.29	32.77
500.36	-57.34
500.42	55.30
500.49	-26.62
500.55	-43.01
500.62	-2.05
500.68	36.86
500.75	40.96
500.82	55.30
500.88	-90.11
500.95	2.05
501.01	-22.53
501.08	100.35
501.14	-77.82
501.21	-159.74
501.27	86.01
501.34	239.61
501.41	251.90
501.47	499.70
501.54	473.08
501.60	321.53
501.67	958.45
501.73	43.01
501.80	63.49
501.86	290.81
501.93	-24.58
501.99	4.10
502.06	67.58
502.12	30.72
502.19	102.40
502.26	-18.43
502.32	47.10
502.39	106.49
502.45	-65.54
502.52	-57.34
502.58	67.58
502.65	448.51
502.71	12.29
502.78	-30.72
502.84	-63.49
502.91	88.06
502.97	118.78
503.04	-6.14
503.10	49.15
503.17	40.96
503.23	-2.05
503.30	-116.73
503.37	12.29
503.43	167.93
503.50	4.10
503.56	-36.86
503.63	4.10
503.69	-45.06
503.76	20.48
503.82	-55.30
503.89	-86.01
503.95	24.58
504.02	30.72
504.08	43.01
504.15	-32.77
504.21	30.72
504.28	-108.54
504.34	-67.58
504.41	40.96
504.47	-40.96
504.54	-116.73
504.60	0.00
504.67	-43.01
504.73	94.21
504.80	24.58
504.86	-38.91
504.93	75.77
504.99	-24.58
505.06	57.34
505.12	30.72
505.19	16.38
505.25	38.91
505.32	-51.20
505.38	-61.44
505.45	26.62
505.51	-18.43
505.58	63.49
505.64	-20.48
505.71	-92.16
505.77	4.10
505.84	-71.68
505.90	57.34
505.97	38.91
506.03	-16.38
506.10	57.34
506.16	-30.72
506.23	45.06
506.29	-75.77
506.36	147.45
506.42	14.34
506.49	-22.53
506.55	6.14
506.62	-73.73
506.68	8.19
506.75	-71.68
506.81	2.05
506.87	83.97
506.94	36.86
507.00	0.00
507.07	-129.02
507.13	-28.67
507.20	6.14
507.26	40.96
507.33	-55.30
507.39	-2.05
507.46	67.58
507.52	-38.91
507.59	0.00
507.65	12.29
507.72	14.34
507.78	0.00
507.85	36.86
507.91	22.53
507.97	-14.34
508.04	34.82
508.10	10.24
508.17	-96.25
508.23	0.00
508.30	-55.30
508.36	55.30
508.43	-53.25
508.49	-47.10
508.56	40.96
508.62	-2.05
508.69	77.82
508.75	47.10
508.81	-36.86
508.88	106.49
508.94	65.53
509.01	-4.10
509.07	10.24
509.14	10.24
509.20	-81.92
509.27	14.34
509.33	-30.72
509.39	-86.01
509.46	53.25
509.52	8.19
509.59	-51.20
509.65	-71.68
509.72	-45.06
509.78	118.78
509.85	8.19
509.91	55.30
509.97	30.72
510.04	-16.38
510.10	-43.01
510.17	61.44
510.23	30.72
510.30	108.54
510.36	22.53
510.42	28.67
510.49	-112.64
510.55	-8.19
510.62	4.10
510.68	92.16
510.75	24.58
510.81	73.73
510.88	-26.62
510.94	-133.12
511.00	-16.38
511.07	30.72
511.13	-28.67
511.20	-65.53
511.26	43.01
511.32	-55.30
511.39	81.92
511.45	-20.48
511.52	106.49
511.58	18.43
511.65	-47.10
511.71	16.38
511.77	-86.01
511.84	47.10
511.90	126.97
511.97	43.01
512.03	-30.72
512.09	12.29
512.16	73.73
512.22	-59.39
512.29	12.29
512.35	-14.34
512.42	83.97
512.48	73.73
512.54	45.06
512.61	-16.38
512.67	0.00
512.74	49.15
512.80	0.00
512.86	43.01
512.93	57.34
512.99	-63.49
513.06	-67.58
513.12	43.01
513.18	20.48
513.25	-14.34
513.31	-61.44
513.38	71.68
513.44	53.25
513.50	-47.10
513.57	-75.77
513.63	-67.58
513.69	45.06
513.76	30.72
513.82	-32.77
513.89	0.00
513.95	-86.01
514.01	124.93
514.08	-40.96
514.14	83.97
514.21	0.00
514.27	4.10
514.33	26.62
514.40	-55.30
514.46	129.02
514.53	69.63
514.59	32.77
514.65	-26.62
514.72	12.29
514.78	-102.40
514.84	49.15
514.91	-22.53
514.97	-16.38
515.04	55.30
515.10	-30.72
515.16	65.54
515.23	-8.19
515.29	-100.35
515.35	43.01
515.42	-71.68
515.48	-10.24
515.54	18.43
515.61	-75.77
515.67	6.14
515.74	16.38
515.80	-36.86
515.86	98.30
515.93	-73.73
515.99	-10.24
516.05	36.86
516.12	53.25
516.18	-6.14
516.24	-38.91
516.31	-8.19
516.37	16.38
516.44	-16.38
516.50	24.58
516.56	-2.05
516.63	53.25
516.69	61.44
516.75	24.58
516.82	-47.10
516.88	65.54
516.94	-20.48
517.01	-18.43
517.07	-108.54
517.13	-98.30
517.20	34.82
517.26	-114.69
517.32	-75.77
517.39	38.91
517.45	-10.24
517.52	69.63
517.58	20.48
517.64	77.82
517.71	38.91
517.77	94.21
517.83	-118.78
517.90	-22.53
517.96	2.05
518.02	-40.96
518.09	-4.10
518.15	-4.10
518.21	-12.29
518.28	53.25
518.34	-65.54
518.40	55.30
518.47	-20.48
518.53	-10.24
518.59	-22.53
518.66	83.97
518.72	28.67
518.78	-34.82
518.85	-43.01
518.91	22.53
518.97	71.68
519.03	-22.53
519.10	4.10
519.16	10.24
519.22	2.05
519.29	-61.44
519.35	4.10
519.41	102.40
519.48	32.77
519.54	-122.88
519.60	20.48
519.67	49.15
519.73	-20.48
519.79	-34.82
519.86	-8.19
519.92	-4.10
519.98	55.30
520.05	20.48
520.11	-18.43
520.17	-43.01
520.23	-24.58
520.30	22.53
520.36	0.00
520.42	-6.14
520.49	-59.39
520.55	38.91
520.61	-53.25
520.68	59.39
520.74	-77.82
520.80	-18.43
520.87	-69.63
520.93	-53.25
520.99	-4.10
521.05	10.24
521.12	40.96
521.18	10.24
521.24	-28.67
521.31	36.86
521.37	86.01
521.43	-40.96
521.49	-34.82
521.56	-63.49
521.62	86.01
521.68	71.68
521.75	-40.96
521.81	67.58
521.87	-24.58
521.93	49.15
522.00	-18.43
522.06	-92.16
522.12	108.54
522.19	-32.77
522.25	-2.05
522.31	36.86
522.37	-73.73
522.44	8.19
522.50	12.29
522.56	-108.54
522.63	63.49
522.69	28.67
522.75	24.58
522.81	96.25
522.88	-38.91
522.94	-61.44
523.00	-40.96
523.06	-45.06
523.13	86.01
523.19	20.48
523.25	18.43
523.32	-32.77
523.38	65.54
523.44	-8.19
523.50	-14.34
523.57	-79.87
523.63	-32.77
523.69	-16.38
523.75	-40.96
523.82	-59.39
523.88	-36.86
523.94	-122.88
524.00	20.48
524.07	61.44
524.13	57.34
524.19	24.58
524.25	65.54
524.32	-32.77
524.38	-16.38
524.44	14.34
524.50	-79.87
524.57	20.48
524.63	-6.14
524.69	-83.97
524.75	-24.58
524.82	14.34
524.88	61.44
524.94	-69.63
525.00	-59.39
525.07	6.14
525.13	73.73
525.19	-65.53
525.25	-94.21
525.32	22.53
525.38	-59.39
525.44	36.86
525.50	-61.44
525.57	57.34
525.63	-43.01
525.69	-88.06
525.75	67.58
525.82	77.82
525.88	57.34
525.94	63.49
526.00	-32.77
526.07	77.82
526.13	-61.44
526.19	8.19
526.25	-8.19
526.31	63.49
526.38	4.10
526.44	-38.91
526.50	-45.06
526.56	4.10
526.63	-73.73
526.69	14.34
526.75	-57.34
526.81	51.20
526.87	-16.38
526.94	116.73
527.00	34.82
527.06	6.14
527.12	67.58
527.19	-34.82
527.25	-26.62
527.31	-32.77
527.37	12.29
527.43	83.97
527.50	-57.34
527.56	-24.58
527.62	86.01
527.68	88.06
527.75	-53.25
527.81	-28.67
527.87	126.97
527.93	8.19
527.99	-28.67
528.06	-22.53
528.12	94.21
528.18	-83.97
528.24	40.96
528.30	43.01
528.37	57.34
528.43	79.87
528.49	65.54
528.55	12.29
528.61	26.62
528.68	-28.67
528.74	40.96
528.80	2.05
528.86	-63.49
528.92	-12.29
528.99	8.19
529.05	-14.34
529.11	-18.43
529.17	-137.21
529.23	-12.29
529.29	26.62
529.36	43.01
529.42	-77.82
529.48	14.34
529.54	-81.92
529.60	4.10
529.67	-22.53
529.73	-38.91
529.79	-2.05
529.85	22.53
529.91	-59.39
529.98	57.34
530.04	30.72
530.10	-40.96
530.16	81.92
530.22	79.87
530.28	-153.60
530.35	67.58
530.41	-55.30
530.47	-38.91
530.53	8.19
530.59	-114.69
530.65	106.49
530.72	-53.25
530.78	-22.53
530.84	-4.10
530.90	94.21
530.96	-63.49
531.02	-14.34
531.09	-71.68
531.15	-133.12
531.21	-22.53
531.27	38.91
531.33	26.62
531.39	-40.96
531.46	53.25
531.52	24.58
531.58	-79.87
531.64	-75.77
531.70	22.53
531.76	-49.15
531.83	106.49
531.89	55.30
531.95	10.24
532.01	120.83
532.07	34.82
532.13	59.39
532.19	30.72
532.26	-63.49
532.32	-47.10
532.38	75.77
532.44	-100.35
532.50	51.20
532.56	-10.24
532.63	8.19
532.69	-102.40
532.75	-92.16
532.81	10.24
532.87	-126.97
532.93	53.25
532.99	151.55
533.06	26.62
533.12	-77.82
533.18	30.72
533.24	20.48
533.30	51.20
533.36	-40.96
533.42	55.30
533.48	137.21
533.55	51.20
533.61	-57.34
533.67	-59.39
533.73	-16.38
533.79	-24.58
533.85	-71.68
533.91	-4.10
533.98	63.49
534.04	-22.53
534.10	-10.24
534.16	-8.19
534.22	-73.73
534.28	6.14
534.34	-20.48
534.40	43.01
534.47	-90.11
534.53	-12.29
534.59	-18.43
534.65	67.58
534.71	-36.86
534.77	-55.30
534.83	36.86
534.89	-18.43
534.95	-40.96
535.02	-57.34
535.08	-4.10
535.14	-45.06
535.20	102.40
535.26	-8.19
535.32	36.86
535.38	-112.64
535.44	59.39
535.50	-92.16
535.57	30.72
535.63	-45.06
535.69	-10.24
535.75	65.54
535.81	4.10
535.87	40.96
535.93	-71.68
535.99	0.00
536.05	10.24
536.11	-79.87
536.18	-8.19
536.24	26.62
536.30	53.25
536.36	-14.34
536.42	45.06
536.48	12.29
536.54	14.34
536.60	49.15
536.66	-20.48
536.72	110.59
536.79	79.87
536.85	63.49
536.91	32.77
536.97	8.19
537.03	16.38
537.09	141.31
537.15	24.58
537.21	2.05
537.27	-90.11
537.33	14.34
537.39	-100.35
537.45	-51.20
537.52	-36.86
537.58	49.15
537.64	-55.30
537.70	-102.40
537.76	-67.58
537.82	-32.77
537.88	-61.44
537.94	-83.97
538.00	-43.01
538.06	71.68
538.12	-12.29
538.18	151.55
538.24	22.53
538.31	-43.01
538.37	0.00
538.43	8.19
538.49	110.59
538.55	-57.34
538.61	18.43
538.67	38.91
538.73	24.58
538.79	-77.82
538.85	-32.77
538.91	38.91
538.97	45.06
539.03	38.91
539.09	51.20
539.15	-16.38
539.21	79.87
539.28	24.58
539.34	-28.67
539.40	108.54
539.46	-18.43
539.52	43.01
539.58	112.64
539.64	151.55
539.70	-43.01
539.76	-43.01
539.82	38.91
539.88	126.97
539.94	-47.10
540.00	-40.96
540.06	-24.58
540.12	81.92
540.18	4.10
540.24	32.77
540.30	79.87
540.36	28.67
540.42	28.67
540.49	-71.68
540.55	-14.34
540.61	8.19
540.67	129.02
540.73	43.01
540.79	-32.77
540.85	104.45
540.91	-40.96
540.97	63.49
541.03	-65.53
541.09	40.96
541.15	55.30
541.21	38.91
541.27	59.39
541.33	32.77
541.39	-143.36
541.45	106.49
541.51	22.53
541.57	-6.14
541.63	-4.10
541.69	-114.69
541.75	-12.29
541.81	-10.24
541.87	55.30
541.93	-71.68
541.99	-28.67
542.05	73.73
542.11	22.53
542.17	51.20
542.23	90.11
542.29	-18.43
542.35	20.48
542.41	-22.53
542.47	-38.91
542.53	22.53
542.59	43.01
542.65	47.10
542.71	45.06
542.77	-24.58
542.83	75.77
542.89	92.16
542.95	51.20
543.01	-28.67
543.07	10.24
543.13	16.38
543.19	-22.53
543.25	2.05
543.31	6.14
543.37	657.40
543.43	20.48
543.49	96.25
543.55	49.15
543.61	6.14
543.67	94.21
543.73	151.55
543.79	-100.35
543.85	10.24
543.91	59.39
543.97	77.82
544.03	-14.34
544.09	-112.64
544.15	38.91
544.21	-34.82
544.27	-2.05
544.33	32.77
544.39	-71.68
544.45	-67.58
544.51	-14.34
544.57	-118.78
544.63	73.73
544.69	61.44
544.75	-65.54
544.81	26.62
544.87	6.14
544.93	45.06
544.99	10.24
545.05	63.49
545.11	-43.01
545.17	-26.62
545.23	-67.58
545.29	30.72
545.35	-20.48
545.41	-40.96
545.47	-30.72
545.53	-100.35
545.59	-47.10
545.65	100.35
545.71	-63.49
545.77	20.48
545.83	38.91
545.89	-81.92
545.95	-122.88
546.01	114.69
546.07	-12.29
546.13	12.29
546.19	73.73
546.25	-6.14
546.31	71.68
546.37	92.16
546.42	-57.34
546.48	-22.53
546.54	20.48
546.60	-40.96
546.66	-110.59
546.72	-12.29
546.78	0.00
546.84	-102.40
546.90	45.06
546.96	-24.58
547.02	18.43
547.08	-38.91
547.14	-51.20
547.20	47.10
547.26	10.24
547.32	4.10
547.38	12.29
547.44	47.10
547.50	53.25
547.56	-73.73
547.62	-61.44
547.67	24.58
547.73	-32.77
547.79	8.19
547.85	-94.21
547.91	55.30
547.97	100.35
548.03	-16.38
548.09	43.01
548.15	28.67
548.21	65.54
548.27	-61.44
548.33	-55.30
548.39	120.83
548.45	53.25
548.51	-26.62
548.56	-18.43
548.62	-30.72
548.68	-67.58
548.74	8.19
548.80	-92.16
548.86	-106.49
548.92	0.00
548.98	28.67
549.04	-108.54
549.10	-8.19
549.16	24.58
549.22	55.30
549.28	34.82
549.34	34.82
549.39	-122.88
549.45	26.62
549.51	-16.38
549.57	-43.01
549.63	-75.77
549.69	-12.29
549.75	98.30
549.81	-135.17
549.87	-55.30
549.93	-47.10
549.99	94.21
550.04	34.82
550.10	53.25
550.16	83.97
550.22	75.77
550.28	-114.69
550.34	-34.82
550.40	-151.55
550.46	-83.97
550.52	-26.62
550.58	-6.14
550.64	-116.73
550.69	14.34
550.75	61.44
550.81	8.19
550.87	55.30
550.93	28.67
550.99	-61.44
551.05	65.54
551.11	-90.11
551.17	-40.96
551.23	-18.43
551.28	2.05
551.34	28.67
551.40	2.05
551.46	0.00
551.52	-63.49
551.58	-18.43
551.64	81.92
551.70	102.40
551.76	28.67
551.81	67.58
551.87	-73.73
551.93	-51.20
551.99	16.38
552.05	-18.43
552.11	-14.34
552.17	-6.14
552.23	-34.82
552.28	2.05
552.34	20.48
552.40	38.91
552.46	-14.34
552.52	-65.54
552.58	-40.96
552.64	22.53
552.70	75.77
552.75	22.53
552.81	18.43
552.87	-6.14
552.93	145.41
552.99	57.34
553.05	-40.96
553.11	-22.53
553.17	-12.29
553.22	-86.01
553.28	24.58
553.34	-12.29
553.40	38.91
553.46	-20.48
553.52	75.77
553.58	73.73
553.63	-36.86
553.69	-92.16
553.75	55.30
553.81	-10.24
553.87	26.62
553.93	-131.07
553.99	-32.77
554.04	26.62
554.10	141.31
554.16	22.53
554.22	38.91
554.28	-36.86
554.34	-8.19
554.40	-4.10
554.45	2.05
554.51	0.00
554.57	-65.53
554.63	112.64
554.69	38.91
554.75	-73.73
554.80	51.20
554.86	-28.67
554.92	94.21
554.98	-59.39
555.04	20.48
555.10	88.06
555.16	-172.03
555.21	45.06
555.27	102.40
555.33	43.01
555.39	-22.53
555.45	-12.29
555.51	-43.01
555.56	90.11
555.62	77.82
555.68	-2.05
555.74	79.87
555.80	-112.64
555.86	-59.39
555.91	-6.14
555.97	-28.67
556.03	-94.21
556.09	100.35
556.15	65.53
556.20	-2.05
556.26	14.34
556.32	61.44
556.38	32.77
556.44	-2.05
556.50	-18.43
556.55	-32.77
556.61	-79.87
556.67	-51.20
556.73	2.05
556.79	-71.68
556.84	-67.58
556.90	-22.53
556.96	-24.58
557.02	-10.24
557.08	59.39
557.14	-51.20
557.19	63.49
557.25	-36.86
557.31	30.72
557.37	26.62
557.43	65.54
557.48	-65.53
557.54	-14.34
557.60	-65.53
557.66	-14.34
557.72	-51.20
557.77	36.86
557.83	-16.38
557.89	2.05
557.95	-137.21
558.01	-30.72
558.06	47.10
558.12	-40.96
558.18	12.29
558.24	55.30
558.30	-40.96
558.35	-12.29
558.41	-88.06
558.47	-71.68
558.53	47.10
558.59	16.38
558.64	-73.73
558.70	12.29
558.76	-12.29
558.82	-8.19
558.88	-129.02
558.93	-4.10
558.99	-40.96
559.05	8.19
559.11	43.01
559.16	71.68
559.22	-22.53
559.28	-10.24
559.34	-102.40
559.40	-149.50
559.45	49.15
559.51	32.77
559.57	-22.53
559.63	65.54
559.68	22.53
559.74	-94.21
559.80	-30.72
559.86	69.63
559.92	2.05
559.97	-43.01
560.03	-77.82
560.09	26.62
560.15	61.44
560.20	114.69
560.26	-75.77
560.32	75.77
560.38	-24.58
560.43	-6.14
560.49	45.06
560.55	124.93
560.61	-65.53
560.66	14.34
560.72	-45.06
560.78	38.91
560.84	24.58
560.90	-28.67
560.95	36.86
561.01	-20.48
561.07	-49.15
561.13	71.68
561.18	-129.02
561.24	-12.29
561.30	-6.14
561.36	-28.67
561.41	86.01
561.47	120.83
561.53	8.19
561.59	-24.58
561.64	-40.96
561.70	20.48
561.76	-55.30
561.82	81.92
561.87	26.62
561.93	-4.10
561.99	14.34
562.05	30.72
562.10	-98.30
562.16	-30.72
562.22	-24.58
562.27	2.05
562.33	67.58
562.39	-22.53
562.45	10.24
562.50	18.43
562.56	38.91
562.62	-40.96
562.68	-38.91
562.73	6.14
562.79	55.30
562.85	28.67
562.91	-57.34
562.96	6.14
563.02	-155.65
563.08	-86.01
563.13	-47.10
563.19	73.73
563.25	6.14
563.31	22.53
563.36	8.19
563.42	-26.62
563.48	73.73
563.53	-98.30
563.59	-100.35
563.65	28.67
563.71	-4.10
563.76	-16.38
563.82	55.30
563.88	-81.92
563.94	2.05
563.99	-14.34
564.05	51.20
564.11	98.30
564.16	-73.73
564.22	34.82
564.28	-57.34
564.33	49.15
564.39	-10.24
564.45	-69.63
564.51	86.01
564.56	-139.26
564.62	12.29
564.68	28.67
564.73	10.24
564.79	28.67
564.85	30.72
564.91	10.24
564.96	38.91
565.02	4.10
565.08	-16.38
565.13	-10.24
565.19	28.67
565.25	-10.24
565.30	-30.72
565.36	57.34
565.42	-30.72
565.47	-53.25
565.53	-59.39
565.59	-45.06
565.65	40.96
565.70	-26.62
565.76	36.86
565.82	45.06
565.87	-94.21
565.93	-8.19
565.99	-2.05
566.04	47.10
566.10	-14.34
566.16	167.93
566.21	-34.82
566.27	-71.68
566.33	12.29
566.38	38.91
566.44	-40.96
566.50	112.64
566.55	26.62
566.61	81.92
566.67	-28.67
566.73	-2.05
566.78	8.19
566.84	14.34
566.90	49.15
566.95	-47.10
567.01	63.49
567.07	-75.77
567.12	12.29
567.18	6.14
567.24	0.00
567.29	-116.73
567.35	-96.25
567.41	32.77
567.46	10.24
567.52	-110.59
567.58	22.53
567.63	-24.58
567.69	18.43
567.75	-92.16
567.80	51.20
567.86	-34.82
567.91	16.38
567.97	24.58
568.03	47.10
568.08	30.72
568.14	22.53
568.20	81.92
568.25	-22.53
568.31	-22.53
568.37	-12.29
568.42	28.67
568.48	-77.82
568.54	12.29
568.59	-61.44
568.65	112.64
568.71	57.34
568.76	118.78
568.82	16.38
568.88	36.86
568.93	-14.34
568.99	864.24
569.04	63.49
569.10	-67.58
569.16	-26.62
569.21	-59.39
569.27	6.14
569.33	129.02
569.38	-2.05
569.44	71.68
569.50	-4.10
569.55	73.73
569.61	-45.06
569.66	59.39
569.72	-16.38
569.78	-26.62
569.83	0.00
569.89	32.77
569.95	-2.05
570.00	18.43
570.06	47.10
570.11	106.49
570.17	-6.14
570.23	16.38
570.28	36.86
570.34	-65.54
570.40	18.43
570.45	0.00
570.51	63.49
570.56	-45.06
570.62	-65.54
570.68	65.53
570.73	0.00
570.79	-14.34
570.85	65.53
570.90	55.30
570.96	94.21
571.01	30.72
571.07	-47.10
571.13	-26.62
571.18	-12.29
571.24	8.19
571.29	-88.06
571.35	-6.14
571.41	61.44
571.46	-45.06
571.52	20.48
571.57	-43.01
571.63	-10.24
571.69	40.96
571.74	-6.14
571.80	24.58
571.85	40.96
571.91	-75.77
571.97	-53.25
572.02	4.10
572.08	20.48
572.13	10.24
572.19	-59.39
572.25	-14.34
572.30	40.96
572.36	47.10
572.41	-45.06
572.47	90.11
572.53	61.44
572.58	-61.44
572.64	18.43
572.69	-43.01
572.75	-12.29
572.80	-10.24
572.86	51.20
572.92	-6.14
572.97	18.43
573.03	4.10
573.08	-10.24
573.14	79.87
573.20	8.19
573.25	-12.29
573.31	53.25
573.36	6.14
573.42	53.25
573.47	40.96
573.53	75.77
573.59	-63.49
573.64	2.05
573.70	32.77
573.75	90.11
573.81	96.25
573.86	-16.38
573.92	57.34
573.98	4.10
574.03	16.38
574.09	24.58
574.14	-47.10
574.20	-18.43
574.25	-55.30
574.31	77.82
574.37	45.06
574.42	-6.14
574.48	36.86
574.53	-24.58
574.59	-22.53
574.64	38.91
574.70	71.68
574.75	-24.58
574.81	-43.01
574.87	94.21
574.92	-65.53
574.98	24.58
575.03	-8.19
575.09	18.43
575.14	59.39
575.20	67.58
575.25	94.21
575.31	-71.68
575.37	-43.01
575.42	6.14
575.48	-10.24
575.53	-163.84
575.59	-69.63
575.64	-47.10
575.70	-20.48
575.75	-79.87
575.81	-67.58
575.86	73.73
575.92	73.73
575.98	133.12
576.03	-24.58
576.09	51.20
576.14	22.53
576.20	-22.53
576.25	-83.97
576.31	129.02
576.36	63.49
576.42	8.19
576.47	63.49
576.53	6.14
576.58	-38.91
576.64	65.54
576.69	135.17
576.75	-104.45
576.81	-49.15
576.86	-49.15
576.92	-55.30
576.97	-75.77
577.03	40.96
577.08	26.62
577.14	67.58
577.19	36.86
577.25	47.10
577.30	-34.82
577.36	104.45
577.41	24.58
577.47	-77.82
577.52	-6.14
577.58	-30.72
577.63	73.73
577.69	-2.05
577.74	-90.11
577.80	-49.15
577.85	75.77
577.91	-45.06
577.96	-75.77
578.02	10.24
578.07	43.01
578.13	-32.77
578.18	4.10
578.24	16.38
578.29	-67.58
578.35	26.62
578.40	75.77
578.46	-18.43
578.51	-112.64
578.57	55.30
578.62	69.63
578.68	81.92
578.73	6.14
578.79	-40.96
578.84	86.01
578.90	47.10
578.95	2.05
579.01	-24.58
579.06	59.39
579.12	2.05
579.17	-36.86
579.23	22.53
579.28	38.91
579.34	40.96
579.39	-40.96
579.45	-36.86
579.50	28.67
579.56	49.15
579.61	-65.53
579.67	-32.77
579.72	-24.58
579.78	102.40
579.83	-104.45
579.89	24.58
579.94	86.01
580.00	22.53
580.05	-28.67
580.11	40.96
580.16	2.05
580.22	-88.06
580.27	-4.10
580.32	20.48
580.38	-18.43
580.43	-36.86
580.49	32.77
580.54	14.34
580.60	53.25
580.65	-20.48
580.71	4.10
580.76	61.44
580.82	69.63
580.87	22.53
580.93	79.87
580.98	-18.43
581.04	30.72
581.09	43.01
581.14	1173.49
581.20	90.11
581.25	49.15
581.31	32.77
581.36	14.34
581.42	-32.77
581.47	-10.24
581.53	-26.62
581.58	-149.50
581.64	51.20
581.69	38.91
581.75	110.59
581.80	-26.62
581.85	1265.64
581.91	8.19
581.96	155.65
582.02	-79.87
582.07	6.14
582.13	22.53
582.18	-32.77
582.24	34.82
582.29	43.01
582.34	-22.53
582.40	92.16
582.45	2.05
582.51	18.43
582.56	26.62
582.62	-63.49
582.67	-124.93
582.73	-10.24
582.78	-61.44
582.83	65.53
582.89	8.19
582.94	-38.91
583.00	-75.77
583.05	26.62
583.11	51.20
583.16	-61.44
583.21	-2.05
583.27	-22.53
583.32	-10.24
583.38	34.82
583.43	22.53
583.49	6.14
583.54	-22.53
583.59	-69.63
583.65	30.72
583.70	92.16
583.76	32.77
583.81	-45.06
583.87	-36.86
583.92	-38.91
583.97	-59.39
584.03	-12.29
584.08	71.68
584.14	-32.77
584.19	10.24
584.24	36.86
584.30	90.11
584.35	45.06
584.41	-49.15
584.46	-34.82
584.52	16.38
584.57	34.82
584.62	-86.01
584.68	18.43
584.73	55.30
584.79	6.14
584.84	-12.29
584.89	20.48
584.95	61.44
585.00	43.01
585.06	-22.53
585.11	83.97
585.16	-26.62
585.22	108.54
585.27	2.05
585.33	57.34
585.38	-32.77
585.43	-186.37
585.49	-88.06
585.54	24.58
585.60	-40.96
585.65	-14.34
585.70	100.35
585.76	-86.01
585.81	-8.19
585.87	-69.63
585.92	-63.49
585.97	69.63
586.03	36.86
586.08	-47.10
586.13	0.00
586.19	61.44
586.24	-38.91
586.30	36.86
586.35	-43.01
586.40	-73.73
586.46	-6.14
586.51	-8.19
586.57	14.34
586.62	-30.72
586.67	6.14
586.73	8.19
586.78	55.30
586.83	81.92
586.89	-108.54
586.94	43.01
587.00	2.05
587.05	-24.58
587.10	34.82
587.16	-38.91
587.21	-36.86
587.26	-45.06
587.32	75.77
587.37	3184.59
587.42	9074.55
587.48	18194.15
587.53	29544.00
587.59	35788.25
587.64	47871.27
587.69	54430.91
587.75	46945.59
587.80	42855.79
587.85	46740.79
587.91	47181.10
587.96	29466.17
588.01	17106.68
588.07	10317.67
588.12	8257.41
588.17	6348.70
588.23	4294.59
588.28	2740.18
588.34	1744.87
588.39	120.83
588.44	264.19
588.50	-18.43
588.55	40.96
588.60	-30.72
588.66	30.72
588.71	8.19
588.76	22.53
588.82	47.10
588.87	-106.49
588.92	28.67
588.98	4.10
589.03	28.67
589.08	55.30
589.14	-26.62
589.19	18.43
589.24	43.01
589.30	10.24
589.35	-45.06
589.40	43.01
589.46	-61.44
589.51	32.77
589.56	-118.78
589.62	-12.29
589.67	106.49
589.72	-45.06
589.78	126.97
589.83	4.10
589.88	-34.82
589.94	-88.06
589.99	30.72
590.04	40.96
590.10	28.67
590.15	16.38
590.20	-24.58
590.26	30.72
590.31	-32.77
590.36	38.91
590.42	-53.25
590.47	-51.20
590.52	28.67
590.58	40.96
590.63	69.63
590.68	24.58
590.74	61.44
590.79	38.91
590.84	-28.67
590.89	-65.53
590.95	-100.35
591.00	75.77
591.05	10.24
591.11	0.00
591.16	63.49
591.21	59.39
591.27	-30.72
591.32	81.92
591.37	-36.86
591.43	-6.14
591.48	-28.67
591.53	-94.21
591.58	49.15
591.64	2.05
591.69	-4.10
591.74	55.30
591.80	63.49
591.85	-6.14
591.90	20.48
591.96	-120.83
592.01	28.67
592.06	-63.49
592.11	131.07
592.17	12.29
592.22	114.69
592.27	18.43
592.33	63.49
592.38	55.30
592.43	-14.34
592.48	-36.86
592.54	14.34
592.59	32.77
592.64	40.96
592.70	-75.77
592.75	81.92
592.80	32.77
592.85	-28.67
592.91	59.39
592.96	-28.67
593.01	-8.19
593.07	55.30
593.12	6.14
593.17	26.62
593.22	-22.53
593.28	90.11
593.33	45.06
593.38	-2.05
593.44	34.82
593.49	-59.39
593.54	-12.29
593.59	0.00
593.65	102.40
593.70	53.25
593.75	102.40
593.80	-18.43
593.86	-81.92
593.91	61.44
593.96	133.12
594.01	-8.19
594.07	-30.72
594.12	79.87
594.17	-8.19
594.23	-20.48
594.28	10.24
594.33	-26.62
594.38	-30.72
594.44	-69.63
594.49	-73.73
594.54	-36.86
594.59	14.34
594.65	-34.82
594.70	36.86
594.75	-114.69
594.80	-14.34
594.86	-71.68
594.91	0.00
594.96	4.10
595.01	-63.49
595.07	-30.72
595.12	16.38
595.17	28.67
595.22	-81.92
595.28	-6.14
595.33	-34.82
595.38	-43.01
595.43	8.19
595.49	-182.27
595.54	-28.67
595.59	8.19
595.64	100.35
595.69	73.73
595.75	67.58
595.80	36.86
595.85	-79.87
595.90	-51.20
595.96	2.05
596.01	67.58
596.06	-4.10
596.11	-53.25
596.17	65.53
596.22	-22.53
596.27	-49.15
596.32	71.68
596.38	-2.05
596.43	88.06
596.48	26.62
596.53	20.48
596.58	-2.05
596.64	-98.30
596.69	-86.01
596.74	-32.77
596.79	-55.30
596.85	104.45
596.90	-20.48
596.95	-34.82
597.00	53.25
597.05	69.63
597.11	98.30
597.16	-34.82
597.21	-133.12
597.26	-43.01
597.31	-36.86
597.37	-53.25
597.42	16.38
597.47	-8.19
597.52	-106.49
597.57	-8.19
597.63	-14.34
597.68	-53.25
597.73	-22.53
597.78	-98.30
597.84	43.01
597.89	-73.73
597.94	-14.34
597.99	12.29
598.04	98.30
598.10	-28.67
598.15	71.68
598.20	-94.21
598.25	32.77
598.30	2.05
598.36	-106.49
598.41	-61.44
598.46	75.77
598.51	-16.38
598.56	28.67
598.61	-16.38
598.67	-12.29
598.72	32.77
598.77	2.05
598.82	43.01
598.87	-12.29
598.93	73.73
598.98	-43.01
599.03	92.16
599.08	-10.24
599.13	-98.30
599.19	-16.38
599.24	-16.38
599.29	-47.10
599.34	-8.19
599.39	75.77
599.44	-20.48
599.50	100.35
599.55	-22.53
599.60	116.73
599.65	-34.82
599.70	4.10
599.75	43.01
599.81	-77.82
599.86	-81.92
599.91	-110.59
599.96	24.58
600.01	14.34
600.07	55.30
600.12	38.91
600.17	-6.14
600.22	61.44
600.27	-53.25
600.32	49.15
600.38	53.25
600.43	75.77
600.48	81.92
600.53	26.62
600.58	40.96
600.63	-69.63
600.68	-20.48
600.74	-30.72
600.79	43.01
600.84	22.53
600.89	-20.48
600.94	-28.67
600.99	18.43
601.05	-43.01
601.10	-34.82
601.15	79.87
601.20	24.58
601.25	-28.67
601.30	100.35
601.35	92.16
601.41	22.53
601.46	71.68
601.51	-8.19
601.56	49.15
601.61	-10.24
601.66	-6.14
601.71	2.05
601.77	8.19
601.82	-12.29
601.87	4.10
601.92	-30.72
601.97	14.34
602.02	-14.34
602.07	-55.30
602.13	71.68
602.18	-88.06
602.23	4.10
602.28	94.21
602.33	-14.34
602.38	126.97
602.43	20.48
602.48	14.34
602.54	-61.44
602.59	26.62
602.64	55.30
602.69	124.93
602.74	26.62
602.79	-12.29
602.84	69.63
602.89	-16.38
602.95	77.82
603.00	-28.67
603.05	-45.06
603.10	65.53
603.15	-86.01
603.20	104.45
603.25	-4.10
603.30	-45.06
603.36	34.82
603.41	104.45
603.46	38.91
603.51	-4.10
603.56	-24.58
603.61	-45.06
603.66	45.06
603.71	-16.38
603.76	-45.06
603.82	30.72
603.87	38.91
603.92	77.82
603.97	6.14
604.02	34.82
604.07	-73.73
604.12	-10.24
604.17	32.77
604.22	-22.53
604.28	38.91
604.33	-10.24
604.38	-8.19
604.43	63.49
604.48	-14.34
604.53	6.14
604.58	-90.11
604.63	-86.01
604.68	-96.25
604.73	-108.54
604.78	-2.05
604.84	8.19
604.89	57.34
604.94	45.06
604.99	-10.24
605.04	36.86
605.09	-94.21
605.14	71.68
605.19	-2.05
605.24	10.24
605.29	32.77
605.34	-120.83
605.40	28.67
605.45	43.01
605.50	24.58
605.55	102.40
605.60	38.91
605.65	88.06
605.70	-67.58
605.75	-2.05
605.80	-57.34
605.85	20.48
605.90	26.62
605.95	-55.30
606.00	-90.11
606.06	-24.58
606.11	36.86
606.16	-61.44
606.21	45.06
606.26	59.39
606.31	-2.05
606.36	14.34
606.41	24.58
606.46	43.01
606.51	43.01
606.56	-79.87
606.61	34.82
606.66	10.24
606.71	4.10
606.76	94.21
606.81	18.43
606.87	20.48
606.92	-30.72
606.97	28.67
607.02	26.62
607.07	124.93
607.12	108.54
607.17	61.44
607.22	-61.44
607.27	18.43
607.32	-12.29
607.37	63.49
607.42	-94.21
607.47	-57.34
607.52	18.43
607.57	-81.92
607.62	-32.77
607.67	36.86
607.72	36.86
607.77	114.69
607.83	40.96
607.88	0.00
607.93	-112.64
607.98	2.05
608.03	40.96
608.08	-12.29
608.13	-30.72
608.18	14.34
608.23	16.38
608.28	71.68
608.33	102.40
608.38	-124.93
608.43	1413.10
608.48	4.10
608.53	159.74
608.58	-14.34
608.63	-59.39
608.68	16.38
608.73	-12.29
608.78	18.43
608.83	-38.91
608.88	61.44
608.93	-16.38
608.98	67.58
609.03	-20.48
609.08	-12.29
609.13	-61.44
609.18	-131.07
609.23	65.54
609.28	51.20
609.33	-22.53
609.38	92.16
609.43	-30.72
609.48	-8.19
609.53	45.06
609.58	-12.29
609.63	-88.06
609.69	-88.06
609.74	24.58
609.79	-86.01
609.84	81.92
609.89	-22.53
609.94	16.38
609.99	79.87
610.04	6.14
610.09	73.73
610.14	-4.10
610.19	16.38
610.24	-69.63
610.29	6.14
610.34	12.29
610.39	6.14
610.44	-34.82
610.49	-38.91
610.54	-26.62
610.59	-38.91
610.64	79.87
610.69	-26.62
610.74	36.86
610.79	10.24
610.84	-28.67
610.89	18.43
610.94	63.49
610.99	16.38
611.04	16.38
611.09	51.20
611.14	-79.87
611.18	-73.73
611.23	-90.11
611.28	-51.20
611.33	4.10
611.38	8.19
611.43	106.49
611.48	34.82
611.53	-6.14
611.58	-69.63
611.63	49.15
611.68	57.34
611.73	-24.58
611.78	-83.97
611.83	-30.72
611.88	-129.02
611.93	-6.14
611.98	-57.34
612.03	-65.53
612.08	2.05
612.13	-2.05
612.18	90.11
612.23	43.01
612.28	-22.53
612.33	40.96
612.38	-6.14
612.43	-24.58
612.48	-24.58
612.53	-22.53
612.58	71.68
612.63	10.24
612.68	49.15
612.73	26.62
612.78	24.58
612.83	59.39
612.88	34.82
612.93	-24.58
612.97	-75.77
613.02	-18.43
613.07	32.77
613.12	51.20
613.17	-36.86
613.22	-51.20
613.27	34.82
613.32	-67.58
613.37	-8.19
613.42	-4.10
613.47	49.15
613.52	69.63
613.57	-2.05
613.62	-83.97
613.67	18.43
613.72	32.77
613.77	86.01
613.82	-71.68
613.87	16.38
613.92	-2.05
613.96	-10.24
614.01	75.77
614.06	-67.58
614.11	0.00
614.16	12.29
614.21	22.53
614.26	81.92
614.31	-34.82
614.36	-157.69
614.41	40.96
614.46	100.35
614.51	43.01
614.56	75.77
614.61	-22.53
614.66	-36.86
614.70	-43.01
614.75	-45.06
614.80	40.96
614.85	-40.96
614.90	-14.34
614.95	-59.39
615.00	-45.06
615.05	147.45
615.10	92.16
615.15	-24.58
615.20	14.34
615.25	-30.72
615.30	22.53
615.34	-67.58
615.39	-59.39
615.44	14.34
615.49	22.53
615.54	32.77
615.59	-90.11
615.64	22.53
615.69	26.62
615.74	47.10
615.79	22.53
615.84	137.21
615.89	40.96
615.93	-43.01
615.98	-90.11
616.03	38.91
616.08	-14.34
616.13	-26.62
616.18	-2.05
616.23	-38.91
616.28	6.14
616.33	-18.43
616.38	-63.49
616.42	-10.24
616.47	43.01
616.52	24.58
616.57	30.72
616.62	-30.72
616.67	-4.10
616.72	-53.25
616.77	38.91
616.82	45.06
616.87	-71.68
616.91	124.93
616.96	114.69
617.01	-88.06
617.06	6.14
617.11	40.96
617.16	16.38
617.21	-28.67
617.26	-6.14
617.31	24.58
617.35	-6.14
617.40	-10.24
617.45	-26.62
617.50	-67.58
617.55	-2.05
617.60	-28.67
617.65	30.72
617.70	59.39
617.74	-32.77
617.79	-2.05
617.84	98.30
617.89	-32.77
617.94	98.30
617.99	-22.53
618.04	-61.44
618.09	-22.53
618.13	8.19
618.18	-69.63
618.23	-28.67
618.28	-86.01
618.33	14.34
618.38	69.63
618.43	32.77
618.48	-4.10
618.52	26.62
618.57	16.38
618.62	34.82
618.67	6.14
618.72	-14.34
618.77	145.41
618.82	20.48
618.86	30.72
618.91	26.62
618.96	53.25
619.01	24.58
619.06	-20.48
619.11	-12.29
619.16	63.49
619.20	36.86
619.25	40.96
619.30	-26.62
619.35	-2.05
619.40	-61.44
619.45	-94.21
619.49	32.77
619.54	20.48
619.59	38.91
619.64	-2.05
619.69	-124.93
619.74	83.97
619.79	16.38
619.83	118.78
619.88	-2.05
619.93	47.10
619.98	43.01
620.03	-51.20
620.08	-16.38
620.12	12.29
620.17	-47.10
620.22	-12.29
620.27	-14.34
620.32	36.86
620.37	34.82
620.41	86.01
620.46	-73.73
620.51	20.48
620.56	-53.25
620.61	-77.82
620.66	-98.30
620.70	-14.34
620.75	-59.39
620.80	-71.68
620.85	22.53
620.90	-6.14
620.95	38.91
620.99	-57.34
621.04	-16.38
621.09	-104.45
621.14	14.34
621.19	-36.86
621.23	-106.49
621.28	26.62
621.33	86.01
621.38	36.86
621.43	47.10
621.48	-49.15
621.52	-12.29
621.57	-38.91
621.62	100.35
621.67	10.24
621.72	-67.58
621.76	-22.53
621.81	16.38
621.86	-30.72
621.91	6.14
621.96	-79.87
622.00	-69.63
622.05	-20.48
622.10	-124.93
622.15	32.77
622.20	147.45
622.24	47.10
622.29	-61.44
622.34	-149.50
622.39	-61.44
622.44	59.39
622.48	-20.48
622.53	-26.62
622.58	-24.58
622.63	10.24
622.68	90.11
622.72	49.15
622.77	55.30
622.82	6.14
622.87	112.64
622.92	-16.38
622.96	-10.24
623.01	8.19
623.06	30.72
623.11	-32.77
623.15	61.44
623.20	-143.36
623.25	-53.25
623.30	-81.92
623.35	-6.14
623.39	-36.86
623.44	129.02
623.49	-59.39
623.54	73.73
623.58	-90.11
623.63	77.82
623.68	40.96
623.73	96.25
623.78	6.14
623.82	53.25
623.87	-8.19
623.92	-38.91
623.97	63.49
624.01	-102.40
624.06	36.86
624.11	-40.96
624.16	-4.10
624.21	10.24
624.25	18.43
624.30	90.11
624.35	0.00
624.40	34.82
624.44	-26.62
624.49	-34.82
624.54	0.00
624.59	-32.77
624.63	22.53
624.68	38.91
624.73	-32.77
624.78	43.01
624.82	88.06
624.87	-28.67
624.92	49.15
624.97	55.30
625.01	-12.29
625.06	16.38
625.11	12.29
625.16	59.39
625.20	122.88
625.25	92.16
625.30	-14.34
625.35	120.83
625.39	6.14
625.44	-30.72
625.49	4.10
625.54	32.77
625.58	63.49
625.63	67.58
625.68	90.11
625.73	-75.77
625.77	-65.54
625.82	-55.30
625.87	-28.67
625.92	61.44
625.96	8.19
626.01	-88.06
626.06	92.16
626.10	8.19
626.15	-32.77
626.20	-122.88
626.25	-18.43
626.29	34.82
626.34	75.77
626.39	-55.30
626.44	-6.14
626.48	61.44
626.53	26.62
626.58	-96.25
626.62	-24.58
626.67	2.05
626.72	-26.62
626.77	30.72
626.81	12.29
626.86	-40.96
626.91	-32.77
626.96	8.19
627.00	-75.77
627.05	-38.91
627.10	-8.19
627.14	-38.91
627.19	-10.24
627.24	-26.62
627.29	-10.24
627.33	40.96
627.38	-112.64
627.43	-43.01
627.47	2.05
627.52	-6.14
627.57	-30.72
627.62	20.48
627.66	12.29
627.71	-24.58
627.76	-102.40
627.80	-32.77
627.85	0.00
627.90	-10.24
627.94	4.10
627.99	20.48
628.04	-98.30
628.09	47.10
628.13	-10.24
628.18	-6.14
628.23	94.21
628.27	-20.48
628.32	-133.12
628.37	45.06
628.41	-8.19
628.46	-108.54
628.51	18.43
628.55	-28.67
628.60	22.53
628.65	22.53
628.70	-24.58
628.74	18.43
628.79	-75.77
628.84	69.63
628.88	-53.25
628.93	-16.38
628.98	104.45
629.02	16.38
629.07	-34.82
629.12	98.30
629.16	73.73
629.21	-110.59
629.26	30.72
629.30	4.10
629.35	86.01
629.40	57.34
629.44	-38.91
629.49	-36.86
629.54	53.25
629.58	-10.24
629.63	10.24
629.68	69.63
629.72	38.91
629.77	-20.48
629.82	-12.29
629.86	-63.49
629.91	8.19
629.96	-135.17
630.00	36.86
630.05	-55.30
630.10	-32.77
630.14	-86.01
630.19	-30.72
630.24	-4.10
630.28	43.01
630.33	-83.97
630.38	51.20
630.42	-47.10
630.47	0.00
630.52	-18.43
630.56	-63.49
630.61	-6.14
630.66	4.10
630.70	43.01
630.75	280.57
630.80	32.77
630.84	-28.67
630.89	-65.54
630.94	18.43
630.98	49.15
631.03	96.25
631.07	-30.72
631.12	6.14
631.17	65.54
631.21	-2.05
631.26	-2.05
631.31	12.29
631.35	38.91
631.40	-16.38
631.45	-124.93
631.49	0.00
631.54	36.86
631.59	-38.91
631.63	-8.19
631.68	51.20
631.72	30.72
631.77	-49.15
631.82	-133.12
631.86	-6.14
631.91	10.24
631.96	-69.63
632.00	-28.67
632.05	-6.14
632.09	-98.30
632.14	-30.72
632.19	-10.24
632.23	47.10
632.28	-116.73
632.33	-57.34
632.37	276.48
632.42	10.24
632.46	57.34
632.51	-12.29
632.56	43.01
632.60	-38.91
632.65	75.77
632.70	-147.45
632.74	96.25
632.79	-34.82
632.83	229.37
632.88	71.68
632.93	-47.10
632.97	24.58
633.02	61.44
633.06	-67.58
633.11	-30.72
633.16	-20.48
633.20	120.83
633.25	-32.77
633.29	79.87
633.34	-8.19
633.39	-6.14
633.43	-20.48
633.48	-16.38
633.52	-20.48
633.57	-79.87
633.62	-53.25
633.66	-106.49
633.71	-94.21
633.75	-4.10
633.80	77.82
633.85	59.39
633.89	-55.30
633.94	-157.69
633.98	22.53
634.03	12.29
634.08	-26.62
634.12	-47.10
634.17	-159.74
634.21	16.38
634.26	49.15
634.31	-10.24
634.35	86.01
634.40	-8.19
634.44	79.87
634.49	34.82
634.54	24.58
634.58	114.69
634.63	16.38
634.67	14.34
634.72	22.53
634.76	-165.89
634.81	-34.82
634.86	-28.67
634.90	6.14
634.95	49.15
634.99	-18.43
635.04	-16.38
635.08	-45.06
635.13	-40.96
635.18	53.25
635.22	-71.68
635.27	-55.30
635.31	22.53
635.36	26.62
635.40	100.35
635.45	-32.77
635.50	32.77
635.54	6.14
635.59	-36.86
635.63	36.86
635.68	-51.20
635.72	92.16
635.77	77.82
635.81	59.39
635.86	-55.30
635.91	28.67
635.95	22.53
636.00	-47.10
636.04	-26.62
636.09	-69.63
636.13	-16.38
636.18	-24.58
636.22	-43.01
636.27	-24.58
636.32	126.97
636.36	-131.07
636.41	-8.19
636.45	-36.86
636.50	40.96
636.54	-100.35
636.59	-28.67
636.63	43.01
636.68	-24.58
636.73	-36.86
636.77	65.54
636.82	30.72
636.86	-32.77
636.91	2.05
636.95	32.77
637.00	6.14
637.04	122.88
637.09	-81.92
637.13	-10.24
637.18	36.86
637.22	-10.24
637.27	79.87
637.31	-53.25
637.36	241.66
637.41	38.91
637.45	2.05
637.50	-124.93
637.54	2.05
637.59	-8.19
637.63	-18.43
637.68	-4.10
637.72	-51.20
637.77	28.67
637.81	-69.63
637.86	2.05
637.90	47.10
637.95	22.53
637.99	94.21
638.04	-8.19
638.08	14.34
638.13	32.77
638.17	71.68
638.22	4.10
638.26	75.77
638.31	24.58
638.35	8.19
638.40	-118.78
638.45	-38.91
638.49	-34.82
638.54	14.34
638.58	71.68
638.63	75.77
638.67	-47.10
638.72	-53.25
638.76	43.01
638.81	-6.14
638.85	32.77
638.90	-18.43
638.94	65.54
638.99	53.25
639.03	-79.87
639.08	-49.15
639.12	-69.63
639.17	30.72
639.21	-63.49
639.26	-22.53
639.30	-102.40
639.35	69.63
639.39	-10.24
639.44	-24.58
639.48	77.82
639.53	-63.49
639.57	22.53
639.62	-55.30
639.66	22.53
639.70	-40.96
639.75	45.06
639.79	-86.01
639.84	40.96
639.88	-90.11
639.93	112.64
639.97	-10.24
640.02	-18.43
640.06	-49.15
640.11	10.24
640.15	-20.48
640.20	63.49
640.24	-8.19
640.29	-77.82
640.33	63.49
640.38	-10.24
640.42	34.82
640.47	57.34
640.51	14.34
640.56	24.58
640.60	-4.10
640.65	77.82
640.69	38.91
640.73	24.58
640.78	112.64
640.82	-22.53
640.87	-22.53
640.91	-65.54
640.96	2.05
641.00	-10.24
641.05	2.05
641.09	-2.05
641.14	53.25
641.18	38.91
641.23	-45.06
641.27	-49.15
641.32	18.43
641.36	-102.40
641.40	88.06
641.45	40.96
641.49	-73.73
641.54	75.77
641.58	-14.34
641.63	-12.29
641.67	88.06
641.72	73.73
641.76	102.40
641.80	-40.96
641.85	-30.72
641.89	14.34
641.94	4.10
641.98	-61.44
642.03	8.19
642.07	88.06
642.12	32.77
642.16	-40.96
642.20	-79.87
642.25	45.06
642.29	30.72
642.34	-67.58
642.38	32.77
642.43	-34.82
642.47	43.01
642.52	16.38
642.56	-73.73
642.60	34.82
642.65	16.38
642.69	20.48
642.74	94.21
642.78	18.43
642.83	-36.86
642.87	73.73
642.91	-34.82
642.96	-104.45
643.00	86.01
643.05	51.20
643.09	-69.63
643.14	-32.77
643.18	-55.30
643.22	59.39
643.27	20.48
643.31	26.62
643.36	-24.58
643.40	-14.34
643.45	47.10
643.49	-8.19
643.53	34.82
643.58	-92.16
643.62	10.24
643.67	43.01
643.71	-36.86
643.75	-45.06
643.80	157.69
643.84	143.36
643.89	47.10
643.93	-4.10
643.97	24.58
644.02	-14.34
644.06	-45.06
644.11	-14.34
644.15	-20.48
644.19	-4.10
644.24	114.69
644.28	-71.68
644.33	6.14
644.37	-20.48
644.42	45.06
644.46	-63.49
644.50	38.91
644.55	0.00
644.59	-8.19
644.63	26.62
644.68	-10.24
644.72	-49.15
644.77	-67.58
644.81	-69.63
644.85	14.34
644.90	18.43
644.94	-4.10
644.99	47.10
645.03	671.73
645.07	-14.34
645.12	126.97
645.16	22.53
645.21	88.06
645.25	43.01
645.29	88.06
645.34	-69.63
645.38	14.34
645.42	86.01
645.47	-81.92
645.51	14.34
645.56	32.77
645.60	-6.14
645.64	-32.77
645.69	-83.97
645.73	106.49
645.77	-18.43
645.82	-45.06
645.86	12.29
645.91	53.25
645.95	28.67
645.99	40.96
646.04	-51.20
646.08	6.14
646.12	88.06
646.17	12.29
646.21	-63.49
646.26	-59.39
646.30	20.48
646.34	-45.06
646.39	-4.10
646.43	61.44
646.47	-30.72
646.52	-24.58
646.56	-10.24
646.60	45.06
646.65	61.44
646.69	47.10
646.73	47.10
646.78	-22.53
646.82	131.07
646.87	120.83
646.91	75.77
646.95	45.06
647.00	73.73
647.04	86.01
647.08	-24.58
647.13	-59.39
647.17	-32.77
647.21	40.96
647.26	32.77
647.30	110.59
647.34	-4.10
647.39	131.07
647.43	-18.43
647.47	16.38
647.52	-69.63
647.56	-94.21
647.60	-28.67
647.65	51.20
647.69	22.53
647.73	-36.86
647.78	26.62
647.82	-14.34
647.86	65.53
647.91	69.63
647.95	4.10
647.99	67.58
648.04	86.01
648.08	129.02
648.12	4.10
648.17	8.19
648.21	-47.10
648.25	-14.34
648.30	49.15
648.34	0.00
648.38	43.01
648.43	24.58
648.47	-8.19
648.51	12.29
648.56	-96.25
648.60	-40.96
648.64	45.06
648.69	-67.58
648.73	-63.49
648.77	-81.92
648.82	-40.96
648.86	-4.10
648.90	-43.01
648.95	18.43
648.99	-34.82
649.03	43.01
649.07	10.24
649.12	24.58
649.16	-26.62
649.20	-30.72
649.25	-51.20
649.29	26.62
649.33	139.26
649.38	12.29
649.42	47.10
649.46	0.00
649.51	2.05
649.55	12.29
649.59	-49.15
649.63	-167.93
649.68	-73.73
649.72	-36.86
649.76	104.45
649.81	-20.48
649.85	-67.58
649.89	96.25
649.93	45.06
649.98	8.19
650.02	4.10
650.06	43.01
650.11	34.82
650.15	116.73
650.19	94.21
650.24	18.43
650.28	-28.67
650.32	-34.82
650.36	-2.05
650.41	0.00
650.45	16.38
650.49	24.58
650.54	122.88
650.58	-18.43
650.62	28.67
650.66	-43.01
650.71	59.39
650.75	-49.15
650.79	-18.43
650.83	-63.49
650.88	-4.10
650.92	-2.05
650.96	100.35
651.01	-73.73
651.05	24.58
651.09	18.43
651.13	-86.01
651.18	-53.25
651.22	-112.64
651.26	-43.01
651.30	22.53
651.35	34.82
651.39	-8.19
651.43	-2.05
651.48	43.01
651.52	63.49
651.56	-147.45
651.60	-16.38
651.65	-24.58
651.69	12.29
651.73	-24.58
651.77	-16.38
651.82	-14.34
651.86	36.86
651.90	-4.10
651.94	81.92
651.99	10.24
652.03	69.63
652.07	6.14
652.11	20.48
652.16	2.05
652.20	-24.58
652.24	32.77
652.28	-63.49
652.33	-28.67
652.37	-8.19
652.41	2.05
652.45	-47.10
652.50	6.14
652.54	-30.72
652.58	112.64
652.62	-24.58
652.67	-133.12
652.71	-12.29
652.75	16.38
652.79	2.05
652.84	120.83
652.88	114.69
652.92	-14.34
652.96	-139.26
653.00	8.19
653.05	-18.43
653.09	-10.24
653.13	34.82
653.17	0.00
653.22	-10.24
653.26	40.96
653.30	-28.67
653.34	-108.54
653.39	-43.01
653.43	-4.10
653.47	-8.19
653.51	-4.10
653.55	-18.43
653.60	126.97
653.64	-18.43
653.68	-69.63
653.72	43.01
653.77	126.97
653.81	-10.24
653.85	79.87
653.89	28.67
653.93	73.73
653.98	69.63
654.02	-94.21
654.06	-2.05
654.10	-47.10
654.14	-6.14
654.19	53.25
654.23	-26.62
654.27	-69.63
654.31	-36.86
654.35	-14.34
654.40	-118.78
654.44	36.86
654.48	30.72
654.52	38.91
654.57	-61.44
654.61	-30.72
654.65	-51.20
654.69	43.01
654.73	-137.21
654.78	-108.54
654.82	-16.38
654.86	51.20
654.90	-38.91
654.94	-30.72
654.98	-79.87
655.03	26.62
655.07	59.39
655.11	96.25
655.15	24.58
655.19	-38.91
655.24	-126.97
655.28	20.48
655.32	-18.43
655.36	53.25
655.40	43.01
655.45	-18.43
655.49	90.11
655.53	-40.96
655.57	61.44
655.61	-118.78
655.65	-57.34
655.70	73.73
655.74	-2.05
655.78	83.97
655.82	53.25
655.86	45.06
655.91	-30.72
655.95	-88.06
655.99	83.97
656.03	-47.10
656.07	-83.97
656.11	26.62
656.16	8.19
656.20	-16.38
656.24	-36.86
656.28	6.14
656.32	-2.05
656.36	26.62
656.41	-151.55
656.45	49.15
656.49	-51.20
656.53	-61.44
656.57	-139.26
656.61	-124.93
656.66	86.01
656.70	-81.92
656.74	-51.20
656.78	2.05
656.82	-10.24
656.86	32.77
656.91	-73.73
656.95	55.30
656.99	53.25
657.03	-22.53
657.07	61.44
657.11	-59.39
657.15	-2.05
657.20	16.38
657.24	-53.25
657.28	-4.10
657.32	63.49
657.36	-22.53
657.40	-20.48
657.44	-67.58
657.49	-22.53
657.53	4.10
657.57	18.43
657.61	-10.24
657.65	108.54
657.69	-53.25
657.73	30.72
657.78	49.15
657.82	-61.44
657.86	-61.44
657.90	-2.05
657.94	100.35
657.98	-24.58
658.02	22.53
658.07	18.43
658.11	-36.86
658.15	-18.43
658.19	-40.96
658.23	100.35
658.27	43.01
658.31	-83.97
658.35	10.24
658.40	-106.49
658.44	38.91
658.48	-49.15
658.52	-32.77
658.56	63.49
658.60	63.49
658.64	12.29
658.68	-10.24
658.73	-10.24
658.77	90.11
658.81	-137.21
658.85	90.11
658.89	88.06
658.93	-2.05
658.97	53.25
659.01	-28.67
659.06	38.91
659.10	57.34
659.14	-51.20
659.18	-14.34
659.22	2.05
659.26	32.77
659.30	-77.82
659.34	-32.77
659.38	-20.48
659.42	-26.62
659.47	-22.53
659.51	40.96
659.55	-34.82
659.59	-102.40
659.63	8.19
659.67	-30.72
659.71	-4.10
659.75	-22.53
659.79	139.26
659.83	102.40
659.88	-61.44
659.92	6.14
659.96	-20.48
660.00	563.19
660.04	-24.58
660.08	88.06
660.12	75.77
660.16	-14.34
660.20	20.48
660.24	18.43
660.28	2.05
660.33	104.45
660.37	6.14
660.41	43.01
660.45	-26.62
660.49	-8.19
660.53	-2.05
660.57	-26.62
660.61	-55.30
660.65	34.82
660.69	-2.05
660.73	-28.67
660.77	-18.43
660.82	8.19
660.86	43.01
660.90	-83.97
660.94	-45.06
660.98	96.25
661.02	8.19
661.06	57.34
661.10	28.67
661.14	-75.77
661.18	0.00
661.22	-6.14
661.26	28.67
661.30	-20.48
661.34	81.92
661.39	106.49
661.43	-47.10
661.47	-30.72
661.51	-122.88
661.55	-36.86
661.59	57.34
661.63	-133.12
661.67	-28.67
661.71	92.16
661.75	18.43
661.79	-16.38
661.83	40.96
661.87	73.73
661.91	6.14
661.95	18.43
661.99	38.91
662.03	-16.38
662.08	-28.67
662.12	77.82
662.16	18.43
662.20	12.29
662.24	8.19
662.28	-6.14
662.32	26.62
662.36	28.67
662.40	-2.05
662.44	-14.34
662.48	-10.24
662.52	-12.29
662.56	-12.29
662.60	24.58
662.64	22.53
662.68	-28.67
662.72	40.96
662.76	28.67
662.80	-22.53
662.84	12.29
662.88	-63.49
662.92	69.63
662.96	-45.06
663.00	12.29
663.04	-90.11
663.09	-24.58
663.13	-8.19
663.17	-51.20
663.21	12.29
663.25	-114.69
663.29	57.34
663.33	-2.05
663.37	-26.62
663.41	-28.67
663.45	-43.01
663.49	126.97
663.53	-49.15
663.57	-26.62
663.61	20.48
663.65	45.06
663.69	-28.67
663.73	-36.86
663.77	-16.38
663.81	57.34
663.85	77.82
663.89	-36.86
663.93	-32.77
663.97	6.14
664.01	-34.82
664.05	73.73
664.09	67.58
664.13	55.30
664.17	45.06
664.21	-34.82
664.25	-14.34
664.29	43.01
664.33	18.43
664.37	20.48
664.41	47.10
664.45	188.41
664.49	14.34
664.53	-28.67
664.57	34.82
664.61	-79.87
664.65	-129.02
664.69	92.16
664.73	-18.43
664.77	6.14
664.81	-2.05
664.85	8.19
664.89	-22.53
664.93	-57.34
664.97	-45.06
665.01	79.87
665.05	-75.77
665.09	81.92
665.13	-14.34
665.17	-65.53
665.21	147.45
665.25	88.06
665.29	55.30
665.33	34.82
665.37	-172.03
665.41	-73.73
665.45	-14.34
665.49	20.48
665.53	-77.82
665.57	-18.43
665.61	-73.73
665.65	38.91
665.69	-112.64
665.73	-75.77
665.77	63.49
665.81	-96.25
665.85	-22.53
665.89	-67.58
665.92	22.53
665.96	51.20
666.00	57.34
666.04	40.96
666.08	-2.05
666.12	-32.77
666.16	43.01
666.20	4.10
666.24	20.48
666.28	-34.82
666.32	43.01
666.36	-18.43
666.40	8.19
666.44	49.15
666.48	59.39
666.52	118.78
666.56	14.34
666.60	51.20
666.64	43.01
666.68	18.43
666.72	-67.58
666.76	8.19
666.80	14.34
666.84	-86.01
666.88	-26.62
666.91	-45.06
666.95	118.78
666.99	98.30
667.03	8.19
667.07	24.58
667.11	-96.25
667.15	-90.11
667.19	-20.48
667.23	-83.97
667.27	6.14
667.31	8.19
667.35	-59.39
667.39	0.00
667.43	-61.44
667.47	12.29
667.51	20.48
667.55	-4.10
667.58	-83.97
667.62	-83.97
667.66	-32.77
667.70	256.00
667.74	669.69
667.78	2201.57
667.82	3362.76
667.86	4095.94
667.90	4368.32
667.94	4626.36
667.98	5222.32
668.02	6586.27
668.06	6782.87
668.10	5359.53
668.13	4140.99
668.17	3952.58
668.21	4298.69
668.25	4628.41
668.29	4210.62
668.33	3813.32
668.37	3420.11
668.41	3352.52
668.45	3596.23
668.49	3571.66
668.53	3989.44
668.57	3557.32
668.60	4200.38
668.64	3641.29
668.68	3629.00
668.72	3301.33
668.76	2899.92
668.80	2639.83
668.84	2133.98
668.88	2050.02
668.92	1353.71
668.96	1527.78
669.00	788.47
669.03	501.75
669.07	116.73
669.11	83.97
669.15	106.49
669.19	157.69
669.23	12.29
669.27	4.10
669.31	16.38
669.35	77.82
669.39	108.54
669.42	-22.53
669.46	47.10
669.50	61.44
669.54	40.96
669.58	63.49
669.62	-12.29
669.66	-47.10
669.70	-2.05
669.74	65.54
669.78	-12.29
669.81	26.62
669.85	53.25
669.89	-38.91
669.93	53.25
669.97	51.20
670.01	-45.06
670.05	28.67
670.09	2.05
670.12	-75.77
670.16	-38.91
670.20	24.58
670.24	12.29
670.28	77.82
670.32	4.10
670.36	-4.10
670.40	-24.58
670.43	319.48
670.47	79.87
670.51	-36.86
670.55	32.77
670.59	36.86
670.63	-2.05
670.67	-65.54
670.71	-2.05
670.74	14.34
670.78	-32.77
670.82	30.72
670.86	-53.25
670.90	-145.41
670.94	69.63
670.98	0.00
671.01	-14.34
671.05	-18.43
671.09	20.48
671.13	-63.49
671.17	-24.58
671.21	-40.96
671.25	-2.05
671.28	151.55
671.32	-90.11
671.36	65.53
671.40	22.53
671.44	-18.43
671.48	34.82
671.52	-2.05
671.55	51.20
671.59	-86.01
671.63	-16.38
671.67	-137.21
671.71	-22.53
671.75	67.58
671.79	77.82
671.82	28.67
671.86	100.35
671.90	-12.29
671.94	-24.58
