476.77	-65.53
476.84	-65.53
476.91	-65.53
476.98	-6.14
477.04	55.30
477.11	-98.30
477.18	-36.86
477.25	98.30
477.32	-30.72
477.39	16.38
477.45	28.67
477.52	-38.91
477.59	16.38
477.66	-34.82
477.73	20.48
477.80	75.77
477.86	-131.07
477.93	-16.38
478.00	-12.29
478.07	-110.59
478.14	8.19
478.21	-61.44
478.27	20.48
478.34	-12.29
478.41	86.01
478.48	51.20
478.55	-6.14
478.62	92.16
478.68	24.58
478.75	34.82
478.82	-4.10
478.89	2.05
478.96	79.87
479.02	10.24
479.09	-10.24
479.16	-34.82
479.23	-71.68
479.30	6.14
479.37	14.34
479.43	24.58
479.50	-26.62
479.57	49.15
479.64	47.10
479.71	34.82
479.77	18.43
479.84	-40.96
479.91	-6.14
479.98	-14.34
480.05	40.96
480.11	16.38
480.18	40.96
480.25	73.73
480.32	83.97
480.39	77.82
480.45	-32.77
480.52	-6.14
480.59	57.34
480.66	53.25
480.73	-45.06
480.79	10.24
480.86	16.38
480.93	-12.29
481.00	-14.34
481.07	57.34
481.13	79.87
481.20	45.06
481.27	28.67
481.34	-174.08
481.41	-26.62
481.47	-53.25
481.54	36.86
481.61	20.48
481.68	-28.67
481.74	153.60
481.81	63.49
481.88	-24.58
481.95	2.05
482.02	-114.69
482.08	57.34
482.15	63.49
482.22	96.25
482.29	-2.05
482.35	104.45
482.42	61.44
482.49	-110.59
482.56	34.82
482.63	-51.20
482.69	49.15
482.76	-67.58
482.83	65.54
482.90	-30.72
482.96	10.24
483.03	-20.48
483.10	-4.10
483.17	-57.34
483.24	-73.73
483.30	26.62
483.37	28.67
483.44	22.53
483.51	-53.25
483.57	55.30
483.64	-108.54
483.71	75.77
483.78	-2.05
483.84	-22.53
483.91	12.29
483.98	90.11
484.05	-106.49
484.11	-43.01
484.18	90.11
484.25	77.82
484.32	-71.68
484.38	-2.05
484.45	26.62
484.52	2.05
484.59	26.62
484.65	-69.63
484.72	-53.25
484.79	-114.69
484.86	-26.62
484.92	36.86
484.99	12.29
485.06	-4.10
485.13	61.44
485.19	-12.29
485.26	-38.91
485.33	-2.05
485.40	2.05
485.46	2.05
485.53	-59.39
485.60	16.38
485.67	-4.10
485.73	26.62
485.80	16.38
485.87	114.69
485.94	8.19
486.00	-122.88
486.07	43.01
486.14	86.01
486.20	36.86
486.27	14.34
486.34	36.86
486.41	59.39
486.47	47.10
486.54	18.43
486.61	43.01
486.68	-38.91
486.74	32.77
486.81	-2.05
486.88	6.14
486.94	-88.06
487.01	-51.20
487.08	-32.77
487.15	79.87
487.21	77.82
487.28	40.96
487.35	-34.82
487.41	2.05
487.48	-18.43
487.55	45.06
487.62	65.53
487.68	-6.14
487.75	-77.82
487.82	73.73
487.88	45.06
487.95	-28.67
488.02	-26.62
488.09	20.48
488.15	86.01
488.22	-22.53
488.29	49.15
488.35	-8.19
488.42	20.48
488.49	61.44
488.56	-32.77
488.62	-36.86
488.69	145.41
488.76	18.43
488.82	-40.96
488.89	4.10
488.96	65.54
489.02	-75.77
489.09	38.91
489.16	79.87
489.22	-22.53
489.29	-6.14
489.36	26.62
489.43	-77.82
489.49	79.87
489.56	106.49
489.63	43.01
489.69	57.34
489.76	81.92
489.83	40.96
489.89	-55.30
489.96	-34.82
490.03	-16.38
490.09	49.15
490.16	20.48
490.23	24.58
490.29	32.77
490.36	32.77
490.43	38.91
490.50	-6.14
490.56	-51.20
490.63	-8.19
490.70	-94.21
490.76	2.05
490.83	98.30
490.90	77.82
490.96	-2.05
491.03	-18.43
491.10	-40.96
491.16	8.19
491.23	-55.30
491.30	-28.67
491.36	22.53
491.43	-10.24
491.50	-45.06
491.56	34.82
491.63	10.24
491.70	167.93
491.76	98.30
491.83	172.03
491.90	149.50
491.96	155.65
492.03	122.88
492.10	137.21
492.16	188.41
492.23	102.40
492.30	10.24
492.36	32.77
492.43	122.88
492.50	10.24
492.56	137.21
492.63	51.20
492.70	206.84
492.76	22.53
492.83	-57.34
492.89	10.24
492.96	-8.19
493.03	20.48
493.09	-16.38
493.16	45.06
493.23	-18.43
493.29	2.05
493.36	16.38
493.43	18.43
493.49	-30.72
493.56	30.72
493.63	53.25
493.69	-73.73
493.76	-4.10
493.82	71.68
493.89	-30.72
493.96	59.39
494.02	-86.01
494.09	-8.19
494.16	4.10
494.22	-47.10
494.29	90.11
494.36	-20.48
494.42	-73.73
494.49	-118.78
494.55	81.92
494.62	-36.86
494.69	114.69
494.75	-47.10
494.82	34.82
494.89	-8.19
494.95	24.58
495.02	88.06
495.08	18.43
495.15	86.01
495.22	129.02
495.28	32.77
495.35	-40.96
495.42	28.67
495.48	63.49
495.55	151.55
495.61	-45.06
495.68	49.15
495.75	-2.05
495.81	-22.53
495.88	-167.93
495.94	57.34
496.01	40.96
496.08	-30.72
496.14	-14.34
496.21	-32.77
496.28	-79.87
496.34	24.58
496.41	-32.77
496.47	36.86
496.54	-102.40
496.61	-110.59
496.67	0.00
496.74	120.83
496.80	0.00
496.87	20.48
496.94	-102.40
497.00	106.49
497.07	-2.05
497.13	24.58
497.20	96.25
497.27	57.34
497.33	2.05
497.40	-45.06
497.46	126.97
497.53	4.10
497.60	-45.06
497.66	49.15
497.73	108.54
497.79	45.06
497.86	-61.44
497.93	45.06
497.99	73.73
498.06	18.43
498.12	-116.73
498.19	47.10
498.25	155.65
498.32	75.77
498.39	-22.53
498.45	-18.43
498.52	26.62
498.58	2.05
498.65	-6.14
498.72	-83.97
498.78	83.97
498.85	24.58
498.91	43.01
498.98	-126.97
499.04	26.62
499.11	49.15
499.18	8.19
499.24	-129.02
499.31	43.01
499.37	71.68
499.44	14.34
499.50	43.01
499.57	-6.14
499.64	-51.20
499.70	-4.10
499.77	65.53
499.83	-38.91
499.90	-38.91
499.96	83.97
500.03	92.16
500.09	10.24
500.16	-12.29
500.23	-8.19
500.29	-4.10
500.36	-10.24
500.42	73.73
500.49	-65.54
500.55	104.45
500.62	-14.34
500.68	-43.01
500.75	77.82
500.82	32.77
500.88	57.34
500.95	104.45
501.01	155.65
501.08	356.35
501.14	456.70
501.21	430.07
501.27	819.19
501.34	878.58
501.41	1081.33
501.47	978.93
501.54	1372.14
501.60	1122.29
501.67	993.26
501.73	845.81
501.80	835.57
501.86	573.43
501.93	690.17
501.99	589.82
502.06	491.51
502.12	274.43
502.19	102.40
502.26	137.21
502.32	124.93
502.39	51.20
502.45	8.19
502.52	32.77
502.58	-24.58
502.65	-40.96
502.71	71.68
502.78	86.01
502.84	45.06
502.91	10.24
502.97	126.97
503.04	16.38
503.10	24.58
503.17	112.64
503.23	22.53
503.30	-24.58
503.37	45.06
503.43	18.43
503.50	-96.25
503.56	20.48
503.63	-10.24
503.69	36.86
503.76	73.73
503.82	-20.48
503.89	6.14
503.95	4.10
504.02	-40.96
504.08	53.25
504.15	90.11
504.21	32.77
504.28	2.05
504.34	63.49
504.41	8.19
504.47	30.72
504.54	16.38
504.60	-73.73
504.67	-102.40
504.73	114.69
504.80	20.48
504.86	75.77
504.93	-2.05
504.99	139.26
505.06	10.24
505.12	45.06
505.19	204.80
505.25	4.10
505.32	65.53
505.38	49.15
505.45	-86.01
505.51	24.58
505.58	47.10
505.64	-2.05
505.71	53.25
505.77	-2.05
505.84	-20.48
505.90	2.05
505.97	118.78
506.03	122.88
506.10	2.05
506.16	104.45
506.23	-28.67
506.29	122.88
506.36	45.06
506.42	-63.49
506.49	-141.31
506.55	-32.77
506.62	-139.26
506.68	77.82
506.75	43.01
506.81	-12.29
506.87	-14.34
506.94	-34.82
507.00	22.53
507.07	-26.62
507.13	22.53
507.20	-118.78
507.26	18.43
507.33	167.93
507.39	-12.29
507.46	-10.24
507.52	-2.05
507.59	14.34
507.65	32.77
507.72	40.96
507.78	10.24
507.85	36.86
507.91	-2.05
507.97	0.00
508.04	77.82
508.10	137.21
508.17	-71.68
508.23	79.87
508.30	28.67
508.36	-63.49
508.43	45.06
508.49	12.29
508.56	-8.19
508.62	10.24
508.69	0.00
508.75	69.63
508.81	4.10
508.88	-120.83
508.94	-30.72
509.01	18.43
509.07	-32.77
509.14	94.21
509.20	24.58
509.27	-47.10
509.33	12.29
509.39	2.05
509.46	32.77
509.52	-45.06
509.59	20.48
509.65	12.29
509.72	-88.06
509.78	-38.91
509.85	71.68
509.91	20.48
509.97	22.53
510.04	-71.68
510.10	-2.05
510.17	-43.01
510.23	28.67
510.30	47.10
510.36	51.20
510.42	-57.34
510.49	-86.01
510.55	-6.14
510.62	133.12
510.68	69.63
510.75	-45.06
510.81	73.73
510.88	-30.72
510.94	38.91
511.00	55.30
511.07	-63.49
511.13	-90.11
511.20	-71.68
511.26	-12.29
511.32	36.86
511.39	83.97
511.45	18.43
511.52	20.48
511.58	26.62
511.65	90.11
511.71	-79.87
511.77	28.67
511.84	32.77
511.90	-40.96
511.97	69.63
512.03	40.96
512.09	-26.62
512.16	24.58
512.22	-16.38
512.29	69.63
512.35	-18.43
512.42	45.06
512.48	-10.24
512.54	51.20
512.61	106.49
512.67	32.77
512.74	-4.10
512.80	2.05
512.86	-79.87
512.93	-110.59
512.99	43.01
513.06	-30.72
513.12	40.96
513.18	63.49
513.25	12.29
513.31	34.82
513.38	-18.43
513.44	-40.96
513.50	-20.48
513.57	-6.14
513.63	-49.15
513.69	26.62
513.76	-59.39
513.82	-92.16
513.89	65.54
513.95	75.77
514.01	-47.10
514.08	24.58
514.14	-120.83
514.21	-4.10
514.27	79.87
514.33	-28.67
514.40	-108.54
514.46	75.77
514.53	26.62
514.59	-73.73
514.65	34.82
514.72	-61.44
514.78	77.82
514.84	96.25
514.91	-18.43
514.97	-49.15
515.04	36.86
515.10	65.54
515.16	81.92
515.23	12.29
515.29	-26.62
515.35	79.87
515.42	-20.48
515.48	-2.05
515.54	106.49
515.61	-16.38
515.67	-18.43
515.74	2.05
515.80	151.55
515.86	118.78
515.93	43.01
515.99	131.07
516.05	26.62
516.12	10.24
516.18	98.30
516.24	16.38
516.31	104.45
516.37	26.62
516.44	43.01
516.50	43.01
516.56	0.00
516.63	-4.10
516.69	20.48
516.75	-30.72
516.82	45.06
516.88	40.96
516.94	55.30
517.01	-8.19
517.07	-14.34
517.13	26.62
517.20	141.31
517.26	14.34
517.32	36.86
517.39	-69.63
517.45	-22.53
517.52	-43.01
517.58	-26.62
517.64	92.16
517.71	61.44
517.77	-139.26
517.83	43.01
517.90	38.91
517.96	36.86
518.02	34.82
518.09	98.30
518.15	-61.44
518.21	18.43
518.28	-24.58
518.34	0.00
518.40	-94.21
518.47	-32.77
518.53	178.17
518.59	-43.01
518.66	16.38
518.72	-55.30
518.78	-30.72
518.85	112.64
518.91	116.73
518.97	-38.91
519.03	10.24
519.10	34.82
519.16	-69.63
519.22	63.49
519.29	-108.54
519.35	22.53
519.41	40.96
519.48	18.43
519.54	94.21
519.60	45.06
519.67	57.34
519.73	10.24
519.79	-26.62
519.86	-6.14
519.92	59.39
519.98	108.54
520.05	88.06
520.11	10.24
520.17	34.82
520.23	-51.20
520.30	153.60
520.36	10.24
520.42	47.10
520.49	135.17
520.55	94.21
520.61	20.48
520.68	79.87
520.74	4.10
520.80	20.48
520.87	12.29
520.93	77.82
520.99	12.29
521.05	102.40
521.12	-49.15
521.18	-73.73
521.24	114.69
521.31	-34.82
521.37	139.26
521.43	100.35
521.49	53.25
521.56	69.63
521.62	40.96
521.68	-69.63
521.75	51.20
521.81	14.34
521.87	36.86
521.93	55.30
522.00	116.73
522.06	-4.10
522.12	16.38
522.19	55.30
522.25	10.24
522.31	-22.53
522.37	63.49
522.44	-18.43
522.50	86.01
522.56	34.82
522.63	-94.21
522.69	124.93
522.75	-73.73
522.81	-16.38
522.88	8.19
522.94	59.39
523.00	67.58
523.06	49.15
523.13	65.54
523.19	139.26
523.25	-57.34
523.32	-79.87
523.38	110.59
523.44	139.26
523.50	34.82
523.57	45.06
523.63	16.38
523.69	65.53
523.75	18.43
523.82	63.49
523.88	22.53
523.94	104.45
524.00	225.28
524.07	-12.29
524.13	96.25
524.19	49.15
524.25	102.40
524.32	32.77
524.38	-36.86
524.44	-151.55
524.50	51.20
524.57	-98.30
524.63	-90.11
524.69	38.91
524.75	61.44
524.82	49.15
524.88	0.00
524.94	10.24
525.00	-10.24
525.07	-104.45
525.13	-14.34
525.19	-12.29
525.25	-2.05
525.32	67.58
525.38	6.14
525.44	-124.93
525.50	79.87
525.57	49.15
525.63	18.43
525.69	81.92
525.75	-67.58
525.82	-114.69
525.88	34.82
525.94	-14.34
526.00	34.82
526.07	-47.10
526.13	57.34
526.19	-86.01
526.25	-34.82
526.31	-16.38
526.38	16.38
526.44	-63.49
526.50	83.97
526.56	20.48
526.63	-53.25
526.69	8.19
526.75	40.96
526.81	18.43
526.87	-94.21
526.94	-110.59
527.00	-67.58
527.06	12.29
527.12	2.05
527.19	32.77
527.25	-26.62
527.31	-55.30
527.37	-12.29
527.43	10.24
527.50	116.73
527.56	112.64
527.62	-18.43
527.68	26.62
527.75	6.14
527.81	10.24
527.87	0.00
527.93	12.29
527.99	6.14
528.06	-4.10
528.12	-77.82
528.18	-22.53
528.24	-24.58
528.30	38.91
528.37	2.05
528.43	-20.48
528.49	86.01
528.55	-96.25
528.61	-26.62
528.68	-18.43
528.74	28.67
528.80	-47.10
528.86	36.86
528.92	53.25
528.99	-61.44
529.05	-34.82
529.11	6.14
529.17	-22.53
529.23	71.68
529.29	-69.63
529.36	-45.06
529.42	-71.68
529.48	18.43
529.54	0.00
529.60	133.12
529.67	-18.43
529.73	-47.10
529.79	-49.15
529.85	36.86
529.91	-38.91
529.98	20.48
530.04	32.77
530.10	98.30
530.16	-38.91
530.22	-6.14
530.28	-43.01
530.35	-22.53
530.41	57.34
530.47	-34.82
530.53	38.91
530.59	100.35
530.65	-14.34
530.72	-14.34
530.78	-86.01
530.84	-57.34
530.90	83.97
530.96	-20.48
531.02	45.06
531.09	135.17
531.15	-63.49
531.21	-22.53
531.27	30.72
531.33	18.43
531.39	4.10
531.46	45.06
531.52	24.58
531.58	71.68
531.64	-55.30
531.70	104.45
531.76	-26.62
531.83	69.63
531.89	-73.73
531.95	14.34
532.01	110.59
532.07	12.29
532.13	-2.05
532.19	51.20
532.26	69.63
532.32	-24.58
532.38	40.96
532.44	0.00
532.50	8.19
532.56	-4.10
532.63	88.06
532.69	40.96
532.75	-32.77
532.81	-55.30
532.87	-135.17
532.93	-8.19
532.99	96.25
533.06	2.05
533.12	-14.34
533.18	-61.44
533.24	-40.96
533.30	-55.30
533.36	-133.12
533.42	34.82
533.48	-24.58
533.55	51.20
533.61	-22.53
533.67	14.34
533.73	8.19
533.79	-4.10
533.85	92.16
533.91	-14.34
533.98	-6.14
534.04	-49.15
534.10	34.82
534.16	112.64
534.22	-67.58
534.28	-57.34
534.34	137.21
534.40	24.58
534.47	-94.21
534.53	-53.25
534.59	47.10
534.65	-53.25
534.71	40.96
534.77	-71.68
534.83	108.54
534.89	-12.29
534.95	-57.34
535.02	-10.24
535.08	10.24
535.14	51.20
535.20	-69.63
535.26	-96.25
535.32	104.45
535.38	-40.96
535.44	71.68
535.50	38.91
535.57	30.72
535.63	20.48
535.69	26.62
535.75	67.58
535.81	-86.01
535.87	94.21
535.93	61.44
535.99	-108.54
536.05	-92.16
536.11	10.24
536.18	45.06
536.24	-36.86
536.30	-51.20
536.36	-22.53
536.42	96.25
536.48	-12.29
536.54	-69.63
536.60	-51.20
536.66	12.29
536.72	34.82
536.79	-12.29
536.85	-49.15
536.91	-12.29
536.97	53.25
537.03	-47.10
537.09	-55.30
537.15	16.38
537.21	45.06
537.27	137.21
537.33	-8.19
537.39	-26.62
537.45	-69.63
537.52	38.91
537.58	16.38
537.64	51.20
537.70	-16.38
537.76	-67.58
537.82	-6.14
537.88	47.10
537.94	-43.01
538.00	-14.34
538.06	-38.91
538.12	0.00
538.18	-67.58
538.24	79.87
538.31	-59.39
538.37	-30.72
538.43	59.39
538.49	51.20
538.55	106.49
538.61	-14.34
538.67	20.48
538.73	129.02
538.79	-47.10
538.85	24.58
538.91	-53.25
538.97	69.63
539.03	-61.44
539.09	-63.49
539.15	-12.29
539.21	55.30
539.28	49.15
539.34	106.49
539.40	12.29
539.46	28.67
539.52	51.20
539.58	8.19
539.64	6.14
539.70	-22.53
539.76	59.39
539.82	-12.29
539.88	10.24
539.94	0.00
540.00	88.06
540.06	-102.40
540.12	69.63
540.18	-14.34
540.24	129.02
540.30	59.39
540.36	-14.34
540.42	-83.97
540.49	63.49
540.55	24.58
540.61	110.59
540.67	-22.53
540.73	34.82
540.79	-14.34
540.85	4.10
540.91	0.00
540.97	-8.19
541.03	-10.24
541.09	-67.58
541.15	-16.38
541.21	-2.05
541.27	34.82
541.33	26.62
541.39	90.11
541.45	30.72
541.51	30.72
541.57	24.58
541.63	104.45
541.69	69.63
541.75	2.05
541.81	-2.05
541.87	32.77
541.93	81.92
541.99	77.82
542.05	75.77
542.11	102.40
542.17	55.30
542.23	-49.15
542.29	88.06
542.35	-28.67
542.41	10.24
542.47	-10.24
542.53	118.78
542.59	141.31
542.65	36.86
542.71	73.73
542.77	108.54
542.83	6.14
542.89	126.97
542.95	-20.48
543.01	-26.62
543.07	-94.21
543.13	14.34
543.19	4.10
543.25	-120.83
543.31	-24.58
543.37	-90.11
543.43	40.96
543.49	-32.77
543.55	147.45
543.61	92.16
543.67	-36.86
543.73	10.24
543.79	30.72
543.85	-40.96
543.91	69.63
543.97	45.06
544.03	-18.43
544.09	47.10
544.15	83.97
544.21	-55.30
544.27	30.72
544.33	108.54
544.39	4.10
544.45	90.11
544.51	59.39
544.57	88.06
544.63	22.53
544.69	122.88
544.75	49.15
544.81	36.86
544.87	14.34
544.93	-36.86
544.99	86.01
545.05	-14.34
545.11	106.49
545.17	-40.96
545.23	-61.44
545.29	14.34
545.35	14.34
545.41	122.88
545.47	122.88
545.53	67.58
545.59	-38.91
545.65	30.72
545.71	12.29
545.77	8.19
545.83	0.00
545.89	47.10
545.95	53.25
546.01	-67.58
546.07	-67.58
546.13	24.58
546.19	92.16
546.25	108.54
546.31	143.36
546.37	182.27
546.42	55.30
546.48	-71.68
546.54	139.26
546.60	-36.86
546.66	4.10
546.72	-14.34
546.78	-26.62
546.84	32.77
546.90	55.30
546.96	-14.34
547.02	34.82
547.08	-45.06
547.14	94.21
547.20	6.14
547.26	96.25
547.32	-18.43
547.38	36.86
547.44	49.15
547.50	65.54
547.56	118.78
547.62	0.00
547.67	-34.82
547.73	-51.20
547.79	30.72
547.85	20.48
547.91	57.34
547.97	43.01
548.03	-67.58
548.09	172.03
548.15	4.10
548.21	24.58
548.27	57.34
548.33	14.34
548.39	36.86
548.45	-83.97
548.51	20.48
548.56	71.68
548.62	30.72
548.68	153.60
548.74	55.30
548.80	153.60
548.86	-65.54
548.92	-2.05
548.98	73.73
549.04	49.15
549.10	40.96
549.16	71.68
549.22	-6.14
549.28	6.14
549.34	165.89
549.39	178.17
549.45	-106.49
549.51	32.77
549.57	-57.34
549.63	73.73
549.69	174.08
549.75	-12.29
549.81	108.54
549.87	-63.49
549.93	83.97
549.99	18.43
550.04	129.02
550.10	-4.10
550.16	6.14
550.22	26.62
550.28	73.73
550.34	73.73
550.40	-43.01
550.46	34.82
550.52	151.55
550.58	16.38
550.64	94.21
550.69	47.10
550.75	-26.62
550.81	34.82
550.87	112.64
550.93	43.01
550.99	32.77
551.05	40.96
551.11	2.05
551.17	110.59
551.23	112.64
551.28	18.43
551.34	4.10
551.40	114.69
551.46	59.39
551.52	47.10
551.58	100.35
551.64	-28.67
551.70	143.36
551.76	45.06
551.81	-12.29
551.87	30.72
551.93	88.06
551.99	-4.10
552.05	83.97
552.11	151.55
552.17	51.20
552.23	-40.96
552.28	-32.77
552.34	-53.25
552.40	14.34
552.46	24.58
552.52	-67.58
552.58	24.58
552.64	88.06
552.70	-75.77
552.75	10.24
552.81	77.82
552.87	20.48
552.93	57.34
552.99	139.26
553.05	-112.64
553.11	8.19
553.17	38.91
553.22	-28.67
553.28	-28.67
553.34	47.10
553.40	-2.05
553.46	-24.58
553.52	88.06
553.58	22.53
553.63	32.77
553.69	118.78
553.75	73.73
553.81	102.40
553.87	110.59
553.93	73.73
553.99	108.54
554.04	126.97
554.10	28.67
554.16	49.15
554.22	34.82
554.28	139.26
554.34	47.10
554.40	2.05
554.45	71.68
554.51	96.25
554.57	36.86
554.63	12.29
554.69	36.86
554.75	100.35
554.80	14.34
554.86	55.30
554.92	-16.38
554.98	10.24
555.04	53.25
555.10	51.20
555.16	53.25
555.21	-34.82
555.27	-8.19
555.33	139.26
555.39	77.82
555.45	-16.38
555.51	14.34
555.56	-30.72
555.62	16.38
555.68	-63.49
555.74	-55.30
555.80	-20.48
555.86	79.87
555.91	-47.10
555.97	16.38
556.03	49.15
556.09	-8.19
556.15	-16.38
556.20	-32.77
556.26	53.25
556.32	110.59
556.38	65.54
556.44	18.43
556.50	30.72
556.55	45.06
556.61	49.15
556.67	55.30
556.73	6.14
556.79	106.49
556.84	71.68
556.90	61.44
556.96	-8.19
557.02	118.78
557.08	-2.05
557.14	-20.48
557.19	124.93
557.25	32.77
557.31	-16.38
557.37	-28.67
557.43	20.48
557.48	38.91
557.54	118.78
557.60	55.30
557.66	-59.39
557.72	0.00
557.77	55.30
557.83	30.72
557.89	83.97
557.95	47.10
558.01	-12.29
558.06	-34.82
558.12	110.59
558.18	81.92
558.24	67.58
558.30	71.68
558.35	73.73
558.41	-34.82
558.47	45.06
558.53	108.54
558.59	0.00
558.64	55.30
558.70	-102.40
558.76	61.44
558.82	36.86
558.88	24.58
558.93	100.35
558.99	61.44
559.05	-20.48
559.11	63.49
559.16	32.77
559.22	4.10
559.28	-65.54
559.34	8.19
559.40	139.26
559.45	-16.38
559.51	75.77
559.57	-67.58
559.63	16.38
559.68	43.01
559.74	47.10
559.80	135.17
559.86	28.67
559.92	-53.25
559.97	32.77
560.03	135.17
560.09	88.06
560.15	10.24
560.20	47.10
560.26	63.49
560.32	36.86
560.38	-8.19
560.43	114.69
560.49	45.06
560.55	53.25
560.61	79.87
560.66	28.67
560.72	14.34
560.78	-26.62
560.84	-81.92
560.90	8.19
560.95	61.44
561.01	92.16
561.07	-77.82
561.13	-75.77
561.18	36.86
561.24	116.73
561.30	45.06
561.36	59.39
561.41	120.83
561.47	26.62
561.53	81.92
561.59	106.49
561.64	47.10
561.70	131.07
561.76	-10.24
561.82	110.59
561.87	-38.91
561.93	-8.19
561.99	79.87
562.05	98.30
562.10	57.34
562.16	28.67
562.22	4.10
562.27	28.67
562.33	47.10
562.39	75.77
562.45	131.07
562.50	83.97
562.56	38.91
562.62	51.20
562.68	100.35
562.73	55.30
562.79	-63.49
562.85	137.21
562.91	-20.48
562.96	-6.14
563.02	-63.49
563.08	28.67
563.13	206.84
563.19	16.38
563.25	36.86
563.31	-32.77
563.36	8.19
563.42	40.96
563.48	139.26
563.53	-8.19
563.59	36.86
563.65	118.78
563.71	4.10
563.76	108.54
563.82	34.82
563.88	83.97
563.94	32.77
563.99	38.91
564.05	2.05
564.11	108.54
564.16	163.84
564.22	40.96
564.28	55.30
564.33	47.10
564.39	51.20
564.45	55.30
564.51	77.82
564.56	83.97
564.62	151.55
564.68	141.31
564.73	-143.36
564.79	51.20
564.85	-12.29
564.91	10.24
564.96	20.48
565.02	-40.96
565.08	49.15
565.13	-22.53
565.19	75.77
565.25	149.50
565.30	124.93
565.36	-2.05
565.42	36.86
565.47	-16.38
565.53	10.24
565.59	34.82
565.65	116.73
565.70	16.38
565.76	49.15
565.82	10.24
565.87	-47.10
565.93	26.62
565.99	112.64
566.04	100.35
566.10	63.49
566.16	131.07
566.21	65.53
566.27	75.77
566.33	-110.59
566.38	43.01
566.44	157.69
566.50	-6.14
566.55	-36.86
566.61	112.64
566.67	26.62
566.73	100.35
566.78	4.10
566.84	26.62
566.90	43.01
566.95	-67.58
567.01	157.69
567.07	169.98
567.12	147.45
567.18	49.15
567.24	110.59
567.29	104.45
567.35	-34.82
567.41	47.10
567.46	8.19
567.52	61.44
567.58	61.44
567.63	98.30
567.69	36.86
567.75	75.77
567.80	133.12
567.86	-8.19
567.91	153.60
567.97	-2.05
568.03	6.14
568.08	157.69
568.14	120.83
568.20	61.44
568.25	94.21
568.31	-53.25
568.37	30.72
568.42	-63.49
568.48	57.34
568.54	2.05
568.59	14.34
568.65	6.14
568.71	133.12
568.76	108.54
568.82	-47.10
568.88	90.11
568.93	75.77
568.99	28.67
569.04	36.86
569.10	-4.10
569.16	67.58
569.21	174.08
569.27	26.62
569.33	38.91
569.38	75.77
569.44	18.43
569.50	63.49
569.55	-24.58
569.61	126.97
569.66	12.29
569.72	22.53
569.78	-79.87
569.83	65.54
569.89	77.82
569.95	90.11
570.00	165.89
570.06	63.49
570.11	122.88
570.17	92.16
570.23	57.34
570.28	83.97
570.34	108.54
570.40	-38.91
570.45	26.62
570.51	-77.82
570.56	108.54
570.62	45.06
570.68	-40.96
570.73	0.00
570.79	0.00
570.85	-110.59
570.90	28.67
570.96	51.20
571.01	77.82
571.07	77.82
571.13	24.58
571.18	14.34
571.24	-12.29
571.29	77.82
571.35	122.88
571.41	47.10
571.46	20.48
571.52	45.06
571.57	118.78
571.63	-18.43
571.69	143.36
571.74	24.58
571.80	-61.44
571.85	26.62
571.91	75.77
571.97	53.25
572.02	-10.24
572.08	2.05
572.13	28.67
572.19	-96.25
572.25	22.53
572.30	14.34
572.36	-4.10
572.41	57.34
572.47	94.21
572.53	-65.54
572.58	30.72
572.64	59.39
572.69	-59.39
572.75	-65.53
572.80	10.24
572.86	-63.49
572.92	159.74
572.97	14.34
573.03	75.77
573.08	143.36
573.14	165.89
573.20	81.92
573.25	116.73
573.31	100.35
573.36	24.58
573.42	32.77
573.47	18.43
573.53	81.92
573.59	-6.14
573.64	16.38
573.70	18.43
573.75	-28.67
573.81	34.82
573.86	65.54
573.92	24.58
573.98	141.31
574.03	-28.67
574.09	55.30
574.14	100.35
574.20	100.35
574.25	126.97
574.31	20.48
574.37	24.58
574.42	43.01
574.48	235.52
574.53	225.28
574.59	24.58
574.64	28.67
574.70	-12.29
574.75	32.77
574.81	-20.48
574.87	45.06
574.92	145.41
574.98	51.20
575.03	86.01
575.09	-30.72
575.14	28.67
575.20	53.25
575.25	98.30
575.31	16.38
575.37	67.58
575.42	43.01
575.48	71.68
575.53	43.01
575.59	-69.63
575.64	45.06
575.70	57.34
575.75	10.24
575.81	22.53
575.86	-18.43
575.92	90.11
575.98	55.30
576.03	-69.63
576.09	34.82
576.14	149.50
576.20	-86.01
576.25	-61.44
576.31	112.64
576.36	61.44
576.42	73.73
576.47	77.82
576.53	71.68
576.58	73.73
576.64	-16.38
576.69	49.15
576.75	65.53
576.81	81.92
576.86	163.84
576.92	61.44
576.97	112.64
577.03	-10.24
577.08	194.56
577.14	88.06
577.19	98.30
577.25	-65.54
577.30	77.82
577.36	14.34
577.41	96.25
577.47	120.83
577.52	51.20
577.58	-40.96
577.63	49.15
577.69	-26.62
577.74	8.19
577.80	51.20
577.85	98.30
577.91	124.93
577.96	-108.54
578.02	53.25
578.07	18.43
578.13	77.82
578.18	67.58
578.24	38.91
578.29	-12.29
578.35	55.30
578.40	141.31
578.46	-14.34
578.51	14.34
578.57	172.03
578.62	88.06
578.68	79.87
578.73	-43.01
578.79	116.73
578.84	71.68
578.90	139.26
578.95	73.73
579.01	-59.39
579.06	73.73
579.12	180.22
579.17	149.50
579.23	-2.05
579.28	63.49
579.34	81.92
579.39	92.16
579.45	24.58
579.50	-36.86
579.56	34.82
579.61	94.21
579.67	-24.58
579.72	-18.43
579.78	16.38
579.83	55.30
579.89	49.15
579.94	57.34
580.00	-24.58
580.05	-20.48
580.11	53.25
580.16	22.53
580.22	131.07
580.27	55.30
580.32	141.31
580.38	-18.43
580.43	102.40
580.49	77.82
580.54	256.00
580.60	45.06
580.65	71.68
580.71	-10.24
580.76	32.77
580.82	-6.14
580.87	51.20
580.93	208.89
580.98	219.13
581.04	-65.53
581.09	-10.24
581.14	18.43
581.20	169.98
581.25	12.29
581.31	96.25
581.36	116.73
581.42	20.48
581.47	8.19
581.53	26.62
581.58	92.16
581.64	63.49
581.69	-55.30
581.75	122.88
581.80	-2.05
581.85	69.63
581.91	26.62
581.96	-86.01
582.02	114.69
582.07	141.31
582.13	-49.15
582.18	81.92
582.24	8.19
582.29	65.54
582.34	12.29
582.40	92.16
582.45	-47.10
582.51	161.79
582.56	-28.67
582.62	100.35
582.67	75.77
582.73	88.06
582.78	116.73
582.83	153.60
582.89	135.17
582.94	-4.10
583.00	34.82
583.05	-4.10
583.11	49.15
583.16	133.12
583.21	18.43
583.27	30.72
583.32	63.49
583.38	0.00
583.43	77.82
583.49	131.07
583.54	2.05
583.59	90.11
583.65	14.34
583.70	-4.10
583.76	43.01
583.81	65.54
583.87	151.55
583.92	61.44
583.97	-22.53
584.03	-4.10
584.08	-67.58
584.14	47.10
584.19	4.10
584.24	63.49
584.30	53.25
584.35	153.60
584.41	-55.30
584.46	61.44
584.52	67.58
584.57	59.39
584.62	86.01
584.68	92.16
584.73	34.82
584.79	139.26
584.84	43.01
584.89	102.40
584.95	40.96
585.00	53.25
585.06	104.45
585.11	61.44
585.16	77.82
585.22	67.58
585.27	100.35
585.33	124.93
585.38	114.69
585.43	6.14
585.49	159.74
585.54	145.41
585.60	79.87
585.65	186.37
585.70	-4.10
585.76	135.17
585.81	-24.58
585.87	81.92
585.92	131.07
585.97	155.65
586.03	83.97
586.08	45.06
586.13	202.75
586.19	122.88
586.24	63.49
586.30	81.92
586.35	178.17
586.40	8.19
586.46	104.45
586.51	106.49
586.57	67.58
586.62	227.32
586.67	106.49
586.73	86.01
586.78	112.64
586.83	227.32
586.89	18.43
586.94	163.84
587.00	22.53
587.05	124.93
587.10	178.17
587.16	161.79
587.21	235.52
587.26	311.29
587.32	813.04
587.37	2787.29
587.42	8701.82
587.48	17305.34
587.53	27903.57
587.59	34706.93
587.64	45454.67
587.69	52237.54
587.75	44617.05
587.80	41000.33
587.85	44615.00
587.91	44277.08
587.96	28210.77
588.01	15781.65
588.07	9668.46
588.12	7792.52
588.17	6051.75
588.23	4114.37
588.28	2625.50
588.34	1693.67
588.39	1138.67
588.44	811.00
588.50	520.18
588.55	319.48
588.60	280.57
588.66	165.89
588.71	79.87
588.76	196.60
588.82	210.94
588.87	112.64
588.92	100.35
588.98	73.73
589.03	186.37
589.08	165.89
589.14	86.01
589.19	190.46
589.24	-16.38
589.30	200.70
589.35	53.25
589.40	55.30
589.46	4.10
589.51	-32.77
589.56	12.29
589.62	-2.05
589.67	4.10
589.72	96.25
589.78	92.16
589.83	110.59
589.88	22.53
589.94	67.58
589.99	124.93
590.04	143.36
590.10	-53.25
590.15	18.43
590.20	149.50
590.26	69.63
590.31	-16.38
590.36	69.63
590.42	26.62
590.47	24.58
590.52	88.06
590.58	71.68
590.63	22.53
590.68	92.16
590.74	43.01
590.79	-12.29
590.84	94.21
590.89	169.98
590.95	20.48
591.00	16.38
591.05	53.25
591.11	4.10
591.16	-45.06
591.21	53.25
591.27	135.17
591.32	98.30
591.37	96.25
591.43	157.69
591.48	83.97
591.53	98.30
591.58	-81.92
591.64	36.86
591.69	204.80
591.74	2.05
591.80	135.17
591.85	188.41
591.90	10.24
591.96	122.88
592.01	43.01
592.06	102.40
592.11	-36.86
592.17	-4.10
592.22	-32.77
592.27	184.32
592.33	45.06
592.38	28.67
592.43	-8.19
592.48	161.79
592.54	135.17
592.59	108.54
592.64	90.11
592.70	-6.14
592.75	151.55
592.80	122.88
592.85	102.40
592.91	43.01
592.96	124.93
593.01	22.53
593.07	90.11
593.12	225.28
593.17	126.97
593.22	51.20
593.28	108.54
593.33	-32.77
593.38	139.26
593.44	141.31
593.49	118.78
593.54	51.20
593.59	-20.48
593.65	129.02
593.70	55.30
593.75	-69.63
593.80	43.01
593.86	81.92
593.91	73.73
593.96	67.58
594.01	-49.15
594.07	-10.24
594.12	81.92
594.17	2.05
594.23	118.78
594.28	120.83
594.33	77.82
594.38	49.15
594.44	110.59
594.49	102.40
594.54	92.16
594.59	116.73
594.65	55.30
594.70	69.63
594.75	-18.43
594.80	106.49
594.86	57.34
594.91	126.97
594.96	83.97
595.01	24.58
595.07	102.40
595.12	51.20
595.17	-4.10
595.22	131.07
595.28	65.53
595.33	94.21
595.38	83.97
595.43	-2.05
595.49	61.44
595.54	71.68
595.59	153.60
595.64	88.06
595.69	14.34
595.75	100.35
595.80	69.63
595.85	141.31
595.90	0.00
595.96	61.44
596.01	67.58
596.06	4.10
596.11	137.21
596.17	96.25
596.22	88.06
596.27	-22.53
596.32	75.77
596.38	57.34
596.43	49.15
596.48	139.26
596.53	24.58
596.58	157.69
596.64	69.63
596.69	59.39
596.74	79.87
596.79	22.53
596.85	149.50
596.90	8.19
596.95	86.01
597.00	-12.29
597.05	67.58
597.11	147.45
597.16	94.21
597.21	-18.43
597.26	94.21
597.31	-16.38
597.37	-55.30
597.42	83.97
597.47	81.92
597.52	-45.06
597.57	98.30
597.63	131.07
597.68	20.48
597.73	32.77
597.78	51.20
597.84	-26.62
597.89	86.01
597.94	49.15
597.99	212.99
598.04	57.34
598.10	55.30
598.15	174.08
598.20	122.88
598.25	43.01
598.30	116.73
598.36	159.74
598.41	-16.38
598.46	143.36
598.51	-63.49
598.56	-32.77
598.61	88.06
598.67	38.91
598.72	14.34
598.77	30.72
598.82	98.30
598.87	67.58
598.93	73.73
598.98	14.34
599.03	94.21
599.08	237.56
599.13	61.44
599.19	32.77
599.24	-69.63
599.29	8.19
599.34	30.72
599.39	110.59
599.44	-36.86
599.50	75.77
599.55	77.82
599.60	147.45
599.65	43.01
599.70	71.68
599.75	47.10
599.81	-96.25
599.86	208.89
599.91	233.47
599.96	79.87
600.01	-8.19
600.07	24.58
600.12	57.34
600.17	65.53
600.22	65.54
600.27	73.73
600.32	61.44
600.38	2.05
600.43	88.06
600.48	28.67
600.53	6.14
600.58	26.62
600.63	67.58
600.68	163.84
600.74	139.26
600.79	45.06
600.84	163.84
600.89	53.25
600.94	55.30
600.99	38.91
601.05	200.70
601.10	124.93
601.15	43.01
601.20	-4.10
601.25	75.77
601.30	169.98
601.35	47.10
601.41	14.34
601.46	79.87
601.51	159.74
601.56	120.83
601.61	53.25
601.66	-20.48
601.71	63.49
601.77	118.78
601.82	135.17
601.87	71.68
601.92	26.62
601.97	-10.24
602.02	92.16
602.07	22.53
602.13	47.10
602.18	49.15
602.23	141.31
602.28	204.80
602.33	71.68
602.38	172.03
602.43	141.31
602.48	65.54
602.54	129.02
602.59	10.24
602.64	6.14
602.69	169.98
602.74	194.56
602.79	108.54
602.84	0.00
602.89	-4.10
602.95	86.01
603.00	67.58
603.05	131.07
603.10	81.92
603.15	61.44
603.20	49.15
603.25	133.12
603.30	53.25
603.36	47.10
603.41	79.87
603.46	120.83
603.51	26.62
603.56	38.91
603.61	124.93
603.66	32.77
603.71	159.74
603.76	-26.62
603.82	38.91
603.87	118.78
603.92	90.11
603.97	59.39
604.02	143.36
604.07	96.25
604.12	69.63
604.17	12.29
604.22	106.49
604.28	51.20
604.33	55.30
604.38	57.34
604.43	86.01
604.48	108.54
604.53	65.54
604.58	38.91
604.63	38.91
604.68	24.58
604.73	202.75
604.78	38.91
604.84	75.77
604.89	10.24
604.94	90.11
604.99	43.01
605.04	229.37
605.09	88.06
605.14	147.45
605.19	38.91
605.24	96.25
605.29	26.62
605.34	94.21
605.40	45.06
605.45	143.36
605.50	149.50
605.55	180.22
605.60	65.53
605.65	116.73
605.70	-12.29
605.75	16.38
605.80	20.48
605.85	63.49
605.90	169.98
605.95	49.15
606.00	14.34
606.06	45.06
606.11	-20.48
606.16	43.01
606.21	-38.91
606.26	24.58
606.31	143.36
606.36	100.35
606.41	159.74
606.46	59.39
606.51	36.86
606.56	30.72
606.61	-49.15
606.66	94.21
606.71	-18.43
606.76	53.25
606.81	120.83
606.87	92.16
606.92	57.34
606.97	169.98
607.02	75.77
607.07	14.34
607.12	20.48
607.17	63.49
607.22	104.45
607.27	-14.34
607.32	51.20
607.37	-24.58
607.42	102.40
607.47	47.10
607.52	139.26
607.57	108.54
607.62	-10.24
607.67	10.24
607.72	143.36
607.77	94.21
607.83	30.72
607.88	67.58
607.93	59.39
607.98	149.50
608.03	-12.29
608.08	102.40
608.13	67.58
608.18	110.59
608.23	8.19
608.28	61.44
608.33	102.40
608.38	139.26
608.43	75.77
608.48	110.59
608.53	53.25
608.58	-22.53
608.63	12.29
608.68	133.12
608.73	77.82
608.78	165.89
608.83	182.27
608.88	112.64
608.93	24.58
608.98	40.96
609.03	26.62
609.08	106.49
609.13	49.15
609.18	-6.14
609.23	215.04
609.28	139.26
609.33	169.98
609.38	73.73
609.43	79.87
609.48	6.14
609.53	106.49
609.58	83.97
609.63	40.96
609.69	98.30
609.74	-14.34
609.79	94.21
609.84	174.08
609.89	155.65
609.94	79.87
609.99	106.49
610.04	59.39
610.09	135.17
610.14	-69.63
610.19	-86.01
610.24	8.19
610.29	104.45
610.34	178.17
610.39	83.97
610.44	71.68
610.49	6.14
610.54	77.82
610.59	139.26
610.64	120.83
610.69	2.05
610.74	49.15
610.79	161.79
610.84	32.77
610.89	18.43
610.94	28.67
610.99	83.97
611.04	83.97
611.09	98.30
611.14	49.15
611.18	126.97
611.23	26.62
611.28	-77.82
611.33	73.73
611.38	147.45
611.43	88.06
611.48	100.35
611.53	-12.29
611.58	98.30
611.63	104.45
611.68	94.21
611.73	22.53
611.78	190.46
611.83	114.69
611.88	63.49
611.93	94.21
611.98	-8.19
612.03	94.21
612.08	73.73
612.13	12.29
612.18	100.35
612.23	196.61
612.28	51.20
612.33	79.87
612.38	57.34
612.43	43.01
612.48	73.73
612.53	69.63
612.58	-24.58
612.63	-20.48
612.68	186.37
612.73	112.64
612.78	96.25
612.83	49.15
612.88	73.73
612.93	96.25
612.97	96.25
613.02	147.45
613.07	73.73
613.12	75.77
613.17	124.93
613.22	-18.43
613.27	55.30
613.32	88.06
613.37	63.49
613.42	18.43
613.47	102.40
613.52	90.11
613.57	22.53
613.62	176.13
613.67	12.29
613.72	102.40
613.77	112.64
613.82	104.45
613.87	92.16
613.92	126.97
613.96	159.74
614.01	20.48
614.06	79.87
614.11	38.91
614.16	102.40
614.21	108.54
614.26	180.22
614.31	45.06
614.36	18.43
614.41	153.60
614.46	79.87
614.51	-20.48
614.56	122.88
614.61	126.97
614.66	10.24
614.70	32.77
614.75	22.53
614.80	-18.43
614.85	139.26
614.90	69.63
614.95	135.17
615.00	63.49
615.05	4.10
615.10	172.03
615.15	63.49
615.20	16.38
615.25	-6.14
615.30	-20.48
615.34	77.82
615.39	-22.53
615.44	106.49
615.49	124.93
615.54	69.63
615.59	106.49
615.64	38.91
615.69	79.87
615.74	98.30
615.79	163.84
615.84	51.20
615.89	20.48
615.93	79.87
615.98	172.03
616.03	104.45
616.08	38.91
616.13	94.21
616.18	-8.19
616.23	135.17
616.28	57.34
616.33	63.49
616.38	149.50
616.42	124.93
616.47	75.77
616.52	49.15
616.57	2.05
616.62	61.44
616.67	141.31
616.72	92.16
616.77	61.44
616.82	38.91
616.87	26.62
616.91	147.45
616.96	88.06
617.01	276.48
617.06	73.73
617.11	114.69
617.16	59.39
617.21	34.82
617.26	210.94
617.31	135.17
617.35	36.86
617.40	63.49
617.45	120.83
617.50	12.29
617.55	110.59
617.60	79.87
617.65	106.49
617.70	53.25
617.74	14.34
617.79	94.21
617.84	77.82
617.89	-14.34
617.94	36.86
617.99	104.45
618.04	165.89
618.09	40.96
618.13	77.82
618.18	106.49
618.23	40.96
618.28	20.48
618.33	30.72
618.38	104.45
618.43	92.16
618.48	106.49
618.52	51.20
618.57	147.45
618.62	131.07
618.67	135.17
618.72	133.12
618.77	112.64
618.82	6.14
618.86	200.70
618.91	116.73
618.96	106.49
619.01	92.16
619.06	141.31
619.11	55.30
619.16	104.45
619.20	88.06
619.25	-12.29
619.30	14.34
619.35	65.53
619.40	51.20
619.45	81.92
619.49	110.59
619.54	32.77
619.59	-6.14
619.64	49.15
619.69	-26.62
619.74	114.69
619.79	40.96
619.83	71.68
619.88	57.34
619.93	131.07
619.98	90.11
620.03	239.61
620.08	143.36
620.12	73.73
620.17	178.17
620.22	55.30
620.27	120.83
620.32	176.13
620.37	8.19
620.41	63.49
620.46	124.93
620.51	122.88
620.56	-32.77
620.61	67.58
620.66	67.58
620.70	49.15
620.75	30.72
620.80	122.88
620.85	124.93
620.90	169.98
620.95	217.08
620.99	102.40
621.04	100.35
621.09	129.02
621.14	163.84
621.19	-6.14
621.23	151.55
621.28	110.59
621.33	133.12
621.38	147.45
621.43	18.43
621.48	86.01
621.52	16.38
621.57	141.31
621.62	24.58
621.67	100.35
621.72	59.39
621.76	81.92
621.81	47.10
621.86	98.30
621.91	108.54
621.96	28.67
622.00	182.27
622.05	-34.82
622.10	116.73
622.15	69.63
622.20	61.44
622.24	192.51
622.29	26.62
622.34	8.19
622.39	77.82
622.44	81.92
622.48	110.59
622.53	120.83
622.58	49.15
622.63	-6.14
622.68	169.98
622.72	102.40
622.77	53.25
622.82	100.35
622.87	96.25
622.92	73.73
622.96	6.14
623.01	63.49
623.06	4.10
623.11	161.79
623.15	-22.53
623.20	116.73
623.25	77.82
623.30	90.11
623.35	114.69
623.39	180.22
623.44	176.13
623.49	155.65
623.54	141.31
623.58	-26.62
623.63	34.82
623.68	57.34
623.73	90.11
623.78	100.35
623.82	65.54
623.87	106.49
623.92	159.74
623.97	106.49
624.01	81.92
624.06	77.82
624.11	4.10
624.16	26.62
624.21	63.49
624.25	10.24
624.30	59.39
624.35	59.39
624.40	16.38
624.44	126.97
624.49	110.59
624.54	0.00
624.59	71.68
624.63	18.43
624.68	90.11
624.73	34.82
624.78	161.79
624.82	57.34
624.87	69.63
624.92	47.10
624.97	14.34
625.01	-26.62
625.06	67.58
625.11	118.78
625.16	92.16
625.20	174.08
625.25	28.67
625.30	6.14
625.35	137.21
625.39	210.94
625.44	30.72
625.49	45.06
625.54	178.17
625.58	10.24
625.63	106.49
625.68	92.16
625.73	131.07
625.77	24.58
625.82	34.82
625.87	57.34
625.92	8.19
625.96	116.73
626.01	129.02
626.06	174.08
626.10	94.21
626.15	47.10
626.20	145.41
626.25	102.40
626.29	-36.86
626.34	61.44
626.39	73.73
626.44	141.31
626.48	51.20
626.53	204.80
626.58	184.32
626.62	14.34
626.67	49.15
626.72	167.93
626.77	172.03
626.81	118.78
626.86	47.10
626.91	141.31
626.96	30.72
627.00	94.21
627.05	73.73
627.10	26.62
627.14	-65.54
627.19	172.03
627.24	28.67
627.29	124.93
627.33	65.53
627.38	34.82
627.43	59.39
627.47	145.41
627.52	36.86
627.57	77.82
627.62	149.50
627.66	192.51
627.71	94.21
627.76	47.10
627.80	88.06
627.85	-10.24
627.90	34.82
627.94	59.39
627.99	49.15
628.04	135.17
628.09	118.78
628.13	38.91
628.18	20.48
628.23	90.11
628.27	26.62
628.32	122.88
628.37	124.93
628.41	-43.01
628.46	67.58
628.51	139.26
628.55	122.88
628.60	135.17
628.65	38.91
628.70	40.96
628.74	47.10
628.79	129.02
628.84	43.01
628.88	114.69
628.93	65.54
628.98	83.97
629.02	94.21
629.07	53.25
629.12	135.17
629.16	63.49
629.21	71.68
629.26	90.11
629.30	143.36
629.35	204.80
629.40	208.89
629.44	94.21
629.49	12.29
629.54	38.91
629.58	98.30
629.63	176.13
629.68	40.96
629.72	38.91
629.77	55.30
629.82	110.59
629.86	-6.14
629.91	86.01
629.96	-8.19
630.00	43.01
630.05	36.86
630.10	-2.05
630.14	-2.05
630.19	69.63
630.24	63.49
630.28	157.69
630.33	26.62
630.38	24.58
630.42	100.35
630.47	34.82
630.52	137.21
630.56	28.67
630.61	106.49
630.66	20.48
630.70	194.56
630.75	161.79
630.80	59.39
630.84	206.84
630.89	98.30
630.94	157.69
630.98	151.55
631.03	28.67
631.07	36.86
631.12	159.74
631.17	73.73
631.21	-28.67
631.26	135.17
631.31	139.26
631.35	36.86
631.40	83.97
631.45	-6.14
631.49	141.31
631.54	139.26
631.59	-28.67
631.63	-55.30
631.68	34.82
631.72	133.12
631.77	59.39
631.82	98.30
631.86	151.55
631.91	65.53
631.96	227.32
632.00	120.83
632.05	67.58
632.09	161.79
632.14	133.12
632.19	83.97
632.23	81.92
632.28	57.34
632.33	-30.72
632.37	49.15
632.42	145.41
632.46	53.25
632.51	88.06
632.56	-79.87
632.60	49.15
632.65	100.35
632.70	65.53
632.74	198.65
632.79	143.36
632.83	155.65
632.88	4.10
632.93	4.10
632.97	194.56
633.02	83.97
633.06	124.93
633.11	-2.05
633.16	32.77
633.20	126.97
633.25	77.82
633.29	30.72
633.34	90.11
633.39	143.36
633.43	83.97
633.48	51.20
633.52	133.12
633.57	90.11
633.62	32.77
633.66	-26.62
633.71	53.25
633.75	124.93
633.80	-12.29
633.85	-8.19
633.89	90.11
633.94	-8.19
633.98	96.25
634.03	67.58
634.08	-45.06
634.12	18.43
634.17	122.88
634.21	2.05
634.26	112.64
634.31	124.93
634.35	43.01
634.40	116.73
634.44	36.86
634.49	83.97
634.54	137.21
634.58	53.25
634.63	59.39
634.67	79.87
634.72	65.53
634.76	69.63
634.81	114.69
634.86	86.01
634.90	30.72
634.95	63.49
634.99	98.30
635.04	-36.86
635.08	120.83
635.13	108.54
635.18	53.25
635.22	53.25
635.27	86.01
635.31	63.49
635.36	34.82
635.40	180.22
635.45	51.20
635.50	155.65
635.54	106.49
635.59	180.22
635.63	55.30
635.68	86.01
635.72	2.05
635.77	75.77
635.81	337.91
635.86	110.59
635.91	2.05
635.95	88.06
636.00	100.35
636.04	114.69
636.09	100.35
636.13	47.10
636.18	102.40
636.22	92.16
636.27	217.08
636.32	63.49
636.36	-24.58
636.41	57.34
636.45	167.93
636.50	49.15
636.54	124.93
636.59	-34.82
636.63	110.59
636.68	38.91
636.73	182.27
636.77	194.56
636.82	2.05
636.86	143.36
636.91	0.00
636.95	139.26
637.00	106.49
637.04	-18.43
637.09	184.32
637.13	104.45
637.18	206.84
637.22	122.88
637.27	-34.82
637.31	36.86
637.36	36.86
637.41	79.87
637.45	-6.14
637.50	143.36
637.54	143.36
637.59	59.39
637.63	100.35
637.68	36.86
637.72	174.08
637.77	100.35
637.81	10.24
637.86	83.97
637.90	98.30
637.95	77.82
637.99	20.48
638.04	71.68
638.08	100.35
638.13	153.60
638.17	4.10
638.22	276.48
638.26	22.53
638.31	-36.86
638.35	30.72
638.40	110.59
638.45	151.55
638.49	30.72
638.54	94.21
638.58	75.77
638.63	8.19
638.67	73.73
638.72	-36.86
638.76	96.25
638.81	51.20
638.85	116.73
638.90	100.35
638.94	153.60
638.99	153.60
639.03	178.17
639.08	47.10
639.12	106.49
639.17	-65.54
639.21	90.11
639.26	108.54
639.30	124.93
639.35	51.20
639.39	145.41
639.44	155.65
639.48	129.02
639.53	61.44
639.57	77.82
639.62	14.34
639.66	92.16
639.70	0.00
639.75	4.10
639.79	81.92
639.84	-32.77
639.88	124.93
639.93	45.06
639.97	83.97
640.02	116.73
640.06	149.50
640.11	124.93
640.15	-57.34
640.20	131.07
640.24	16.38
640.29	186.37
640.33	260.09
640.38	-43.01
640.42	6.14
640.47	116.73
640.51	67.58
640.56	135.17
640.60	118.78
640.65	90.11
640.69	145.41
640.73	98.30
640.78	65.54
640.82	94.21
640.87	-143.36
640.91	92.16
640.96	14.34
641.00	110.59
641.05	118.78
641.09	73.73
641.14	102.40
641.18	124.93
641.23	51.20
641.27	34.82
641.32	92.16
641.36	126.97
641.40	135.17
641.45	108.54
641.49	22.53
641.54	149.50
641.58	112.64
641.63	45.06
641.67	92.16
641.72	73.73
641.76	24.58
641.80	88.06
641.85	12.29
641.89	55.30
641.94	18.43
641.98	-4.10
642.03	63.49
642.07	94.21
642.12	79.87
642.16	141.31
642.20	49.15
642.25	0.00
642.29	40.96
642.34	102.40
642.38	16.38
642.43	81.92
642.47	-122.88
642.52	-36.86
642.56	204.80
642.60	122.88
642.65	98.30
642.69	139.26
642.74	96.25
642.78	22.53
642.83	55.30
642.87	94.21
642.91	161.79
642.96	141.31
643.00	77.82
643.05	49.15
643.09	8.19
643.14	94.21
643.18	98.30
643.22	36.86
643.27	45.06
643.31	124.93
643.36	53.25
643.40	43.01
643.45	57.34
643.49	6.14
643.53	165.89
643.58	118.78
643.62	116.73
643.67	104.45
643.71	94.21
643.75	-20.48
643.80	231.42
643.84	73.73
643.89	30.72
643.93	167.93
643.97	169.98
644.02	167.93
644.06	-73.73
644.11	221.18
644.15	151.55
644.19	18.43
644.24	83.97
644.28	-12.29
644.33	96.25
644.37	75.77
644.42	71.68
644.46	69.63
644.50	169.98
644.55	135.17
644.59	77.82
644.63	116.73
644.68	59.39
644.72	86.01
644.77	90.11
644.81	90.11
644.85	57.34
644.90	69.63
644.94	184.32
644.99	-77.82
645.03	114.69
645.07	106.49
645.12	81.92
645.16	110.59
645.21	49.15
645.25	100.35
645.29	139.26
645.34	79.87
645.38	92.16
645.42	92.16
645.47	102.40
645.51	178.17
645.56	-10.24
645.60	16.38
645.64	-4.10
645.69	6.14
645.73	36.86
645.77	-28.67
645.82	190.46
645.86	184.32
645.91	139.26
645.95	6.14
645.99	102.40
646.04	192.51
646.08	145.41
646.12	129.02
646.17	112.64
646.21	36.86
646.26	184.32
646.30	86.01
646.34	124.93
646.39	38.91
646.43	43.01
646.47	83.97
646.52	122.88
646.56	116.73
646.60	69.63
646.65	83.97
646.69	-20.48
646.73	266.24
646.78	-30.72
646.82	53.25
646.87	75.77
646.91	55.30
646.95	57.34
647.00	219.13
647.04	102.40
647.08	143.36
647.13	135.17
647.17	20.48
647.21	4.10
647.26	176.13
647.30	118.78
647.34	129.02
647.39	12.29
647.43	49.15
647.47	88.06
647.52	12.29
647.56	57.34
647.60	141.31
647.65	145.41
647.69	-49.15
647.73	155.65
647.78	63.49
647.82	36.86
647.86	180.22
647.91	108.54
647.95	10.24
647.99	155.65
648.04	-8.19
648.08	188.41
648.12	303.10
648.17	161.79
648.21	92.16
648.25	88.06
648.30	139.26
648.34	49.15
648.38	79.87
648.43	190.46
648.47	98.30
648.51	161.79
648.56	24.58
648.60	-32.77
648.64	20.48
648.69	63.49
648.73	94.21
648.77	59.39
648.82	157.69
648.86	71.68
648.90	22.53
648.95	67.58
648.99	-30.72
649.03	139.26
649.07	143.36
649.12	106.49
649.16	100.35
649.20	40.96
649.25	20.48
649.29	-20.48
649.33	159.74
649.38	32.77
649.42	49.15
649.46	145.41
649.51	122.88
649.55	-51.20
649.59	53.25
649.63	81.92
649.68	106.49
649.72	65.54
649.76	63.49
649.81	59.39
649.85	-55.30
649.89	102.40
649.93	112.64
649.98	122.88
650.02	106.49
650.06	163.84
650.11	129.02
650.15	98.30
650.19	65.53
650.24	124.93
650.28	-47.10
650.32	249.85
650.36	126.97
650.41	118.78
650.45	106.49
650.49	92.16
650.54	6.14
650.58	141.31
650.62	55.30
650.66	79.87
650.71	90.11
650.75	26.62
650.79	114.69
650.83	-26.62
650.88	-10.24
650.92	-53.25
650.96	67.58
651.01	86.01
651.05	94.21
651.09	81.92
651.13	-32.77
651.18	77.82
651.22	137.21
651.26	118.78
651.30	-10.24
651.35	124.93
651.39	18.43
651.43	65.54
651.48	112.64
651.52	79.87
651.56	120.83
651.60	122.88
651.65	-10.24
651.69	120.83
651.73	45.06
651.77	174.08
651.82	122.88
651.86	65.53
651.90	157.69
651.94	153.60
651.99	51.20
652.03	28.67
652.07	-2.05
652.11	71.68
652.16	120.83
652.20	40.96
652.24	118.78
652.28	104.45
652.33	81.92
652.37	98.30
652.41	69.63
652.45	71.68
652.50	208.89
652.54	192.51
652.58	34.82
652.62	98.30
652.67	92.16
652.71	100.35
652.75	190.46
652.79	210.94
652.84	34.82
652.88	71.68
652.92	86.01
652.96	-2.05
653.00	131.07
653.05	92.16
653.09	116.73
653.13	18.43
653.17	81.92
653.22	71.68
653.26	124.93
653.30	157.69
653.34	-14.34
653.39	67.58
653.43	94.21
653.47	51.20
653.51	94.21
653.55	65.54
653.60	49.15
653.64	126.97
653.68	36.86
653.72	32.77
653.77	69.63
653.81	161.79
653.85	178.17
653.89	149.50
653.93	94.21
653.98	116.73
654.02	34.82
654.06	133.12
654.10	0.00
654.14	53.25
654.19	98.30
654.23	0.00
654.27	47.10
654.31	143.36
654.35	112.64
654.40	86.01
654.44	129.02
654.48	67.58
654.52	-12.29
654.57	-92.16
654.61	45.06
654.65	49.15
654.69	26.62
654.73	92.16
654.78	139.26
654.82	143.36
654.86	110.59
654.90	108.54
654.94	0.00
654.98	65.54
655.03	100.35
655.07	135.17
655.11	86.01
655.15	165.89
655.19	-10.24
655.24	102.40
655.28	151.55
655.32	112.64
655.36	16.38
655.40	120.83
655.45	73.73
655.49	92.16
655.53	-36.86
655.57	53.25
655.61	59.39
655.65	-16.38
655.70	24.58
655.74	165.89
655.78	98.30
655.82	178.17
655.86	14.34
655.91	155.65
655.95	96.25
655.99	94.21
656.03	73.73
656.07	-16.38
656.11	86.01
656.16	-47.10
656.20	135.17
656.24	153.60
656.28	100.35
656.32	108.54
656.36	16.38
656.41	147.45
656.45	53.25
656.49	96.25
656.53	88.06
656.57	-36.86
656.61	149.50
656.66	-8.19
656.70	92.16
656.74	-14.34
656.78	112.64
656.82	45.06
656.86	184.32
656.91	61.44
656.95	108.54
656.99	100.35
657.03	110.59
657.07	112.64
657.11	143.36
657.15	120.83
657.20	159.74
657.24	155.65
657.28	57.34
657.32	124.93
657.36	69.63
657.40	139.26
657.44	30.72
657.49	88.06
657.53	45.06
657.57	73.73
657.61	92.16
657.65	73.73
657.69	75.77
657.73	36.86
657.78	0.00
657.82	188.41
657.86	10.24
657.90	102.40
657.94	102.40
657.98	-32.77
658.02	-20.48
658.07	-4.10
658.11	45.06
658.15	2.05
658.19	59.39
658.23	73.73
658.27	53.25
658.31	83.97
658.35	139.26
658.40	-8.19
658.44	34.82
658.48	71.68
658.52	67.58
658.56	94.21
658.60	122.88
658.64	16.38
658.68	75.77
658.73	143.36
658.77	34.82
658.81	92.16
658.85	137.21
658.89	92.16
658.93	116.73
658.97	141.31
659.01	157.69
659.06	129.02
659.10	126.97
659.14	79.87
659.18	59.39
659.22	143.36
659.26	124.93
659.30	69.63
659.34	53.25
659.38	61.44
659.42	-16.38
659.47	53.25
659.51	-26.62
659.55	129.02
659.59	43.01
659.63	176.13
659.67	92.16
659.71	217.08
659.75	-40.96
659.79	157.69
659.83	174.08
659.88	151.55
659.92	133.12
659.96	100.35
660.00	108.54
660.04	61.44
660.08	149.50
660.12	135.17
660.16	67.58
660.20	71.68
660.24	120.83
660.28	94.21
660.33	106.49
660.37	153.60
660.41	190.46
660.45	67.58
660.49	65.54
660.53	92.16
660.57	133.12
660.61	188.41
660.65	92.16
660.69	79.87
660.73	55.30
660.77	73.73
660.82	196.61
660.86	26.62
660.90	147.45
660.94	47.10
660.98	53.25
661.02	18.43
661.06	55.30
661.10	-67.58
661.14	12.29
661.18	133.12
661.22	106.49
661.26	26.62
661.30	202.75
661.34	114.69
661.39	-2.05
661.43	198.65
661.47	71.68
661.51	126.97
661.55	153.60
661.59	172.03
661.63	217.08
661.67	90.11
661.71	75.77
661.75	20.48
661.79	129.02
661.83	270.33
661.87	102.40
661.91	49.15
661.95	83.97
661.99	108.54
662.03	83.97
662.08	75.77
662.12	59.39
662.16	133.12
662.20	-20.48
662.24	63.49
662.28	180.22
662.32	104.45
662.36	96.25
662.40	143.36
662.44	126.97
662.48	116.73
662.52	120.83
662.56	-20.48
662.60	55.30
662.64	282.62
662.68	161.79
662.72	49.15
662.76	24.58
662.80	102.40
662.84	57.34
662.88	63.49
662.92	114.69
662.96	69.63
663.00	55.30
663.04	165.89
663.09	63.49
663.13	139.26
663.17	184.32
663.21	28.67
663.25	98.30
663.29	129.02
663.33	18.43
663.37	126.97
663.41	86.01
663.45	79.87
663.49	-8.19
663.53	-10.24
663.57	67.58
663.61	122.88
663.65	145.41
663.69	141.31
663.73	59.39
663.77	188.41
663.81	133.12
663.85	163.84
663.89	131.07
663.93	86.01
663.97	110.59
664.01	100.35
664.05	6.14
664.09	102.40
664.13	6.14
664.17	108.54
664.21	169.98
664.25	116.73
664.29	47.10
664.33	28.67
664.37	151.55
664.41	77.82
664.45	129.02
664.49	122.88
664.53	178.17
664.57	178.17
664.61	159.74
664.65	133.12
664.69	276.48
664.73	57.34
664.77	131.07
664.81	157.69
664.85	104.45
664.89	145.41
664.93	141.31
664.97	129.02
665.01	88.06
665.05	151.55
665.09	10.24
665.13	30.72
665.17	120.83
665.21	92.16
665.25	100.35
665.29	65.54
665.33	194.56
665.37	145.41
665.41	163.84
665.45	61.44
665.49	174.08
665.53	141.31
665.57	61.44
665.61	-36.86
665.65	96.25
665.69	104.45
665.73	-28.67
665.77	88.06
665.81	174.08
665.85	-38.91
665.89	75.77
665.92	133.12
665.96	202.75
666.00	65.53
666.04	4.10
666.08	86.01
666.12	141.31
666.16	88.06
666.20	51.20
666.24	63.49
666.28	55.30
666.32	155.65
666.36	75.77
666.40	51.20
666.44	28.67
666.48	34.82
666.52	75.77
666.56	-8.19
666.60	86.01
666.64	26.62
666.68	100.35
666.72	-4.10
666.76	90.11
666.80	69.63
666.84	69.63
666.88	157.69
666.91	-22.53
666.95	178.17
666.99	-12.29
667.03	165.89
667.07	18.43
667.11	116.73
667.15	131.07
667.19	163.84
667.23	77.82
667.27	67.58
667.31	57.34
667.35	51.20
667.39	65.53
667.43	241.66
667.47	122.88
667.51	110.59
667.55	251.90
667.58	102.40
667.62	145.41
667.66	333.82
667.70	733.17
667.74	1279.98
667.78	2043.87
667.82	3012.56
667.86	3592.14
667.90	3917.76
667.94	4446.14
667.98	4849.59
668.02	6158.24
668.06	6662.04
668.10	5062.58
668.13	3801.03
668.17	3559.37
668.21	3960.77
668.25	4255.68
668.29	4026.31
668.33	3477.45
668.37	3227.60
668.41	3174.35
668.45	3344.33
668.49	3479.50
668.53	3647.43
668.57	3456.97
668.60	3418.06
668.64	3256.27
668.68	3248.08
668.72	3135.44
668.76	2744.28
668.80	2572.25
668.84	2228.19
668.88	2002.91
668.92	1791.97
668.96	1636.33
669.00	1284.08
669.03	1116.14
669.07	917.49
669.11	778.23
669.15	690.17
669.19	573.43
669.23	456.70
669.27	458.74
669.31	284.67
669.35	198.65
669.39	215.04
669.42	180.22
669.46	354.30
669.50	151.55
669.54	256.00
669.58	108.54
669.62	116.73
669.66	118.78
669.70	198.65
669.74	104.45
669.78	65.54
669.81	38.91
669.85	-28.67
669.89	100.35
669.93	110.59
669.97	92.16
670.01	200.70
670.05	-28.67
670.09	108.54
670.12	96.25
670.16	2.05
670.20	61.44
670.24	-14.34
670.28	100.35
670.32	133.12
670.36	43.01
670.40	161.79
670.43	88.06
670.47	86.01
670.51	116.73
670.55	200.70
670.59	86.01
670.63	55.30
670.67	90.11
670.71	92.16
670.74	96.25
670.78	67.58
670.82	86.01
670.86	124.93
670.90	118.78
670.94	51.20
670.98	139.26
671.01	133.12
671.05	206.84
671.09	83.97
671.13	53.25
671.17	124.93
671.21	77.82
671.25	22.53
671.28	151.55
671.32	47.10
671.36	188.41
671.40	178.17
671.44	22.53
671.48	88.06
671.52	-24.58
671.55	155.65
671.59	-16.38
671.63	92.16
671.67	0.00
671.71	163.84
671.75	114.69
671.79	145.41
671.82	86.01
671.86	67.58
671.90	112.64
671.94	94.21
