476.77	45.06
476.84	45.06
476.91	45.06
476.98	-18.43
477.04	10.24
477.11	26.62
477.18	28.67
477.25	28.67
477.32	12.29
477.39	-65.54
477.45	-47.10
477.52	75.77
477.59	-14.34
477.66	-32.77
477.73	-30.72
477.80	-30.72
477.86	40.96
477.93	-77.82
478.00	36.86
478.07	12.29
478.14	77.82
478.21	10.24
478.27	-98.30
478.34	59.39
478.41	40.96
478.48	34.82
478.55	-12.29
478.62	14.34
478.68	-6.14
478.75	-53.25
478.82	-43.01
478.89	20.48
478.96	-83.97
479.02	-43.01
479.09	10.24
479.16	90.11
479.23	36.86
479.30	36.86
479.37	-10.24
479.43	24.58
479.50	-57.34
479.57	32.77
479.64	-18.43
479.71	65.54
479.77	40.96
479.84	2.05
479.91	-51.20
479.98	-6.14
480.05	-34.82
480.11	36.86
480.18	53.25
480.25	-65.53
480.32	-22.53
480.39	10.24
480.45	-67.58
480.52	-81.92
480.59	40.96
480.66	-65.53
480.73	-16.38
480.79	22.53
480.86	-65.53
480.93	-77.82
481.00	8.19
481.07	2.05
481.13	12.29
481.20	-18.43
481.27	4.10
481.34	106.49
481.41	8.19
481.47	16.38
481.54	-77.82
481.61	-32.77
481.68	0.00
481.74	20.48
481.81	14.34
481.88	24.58
481.95	8.19
482.02	-26.62
482.08	-18.43
482.15	79.87
482.22	-116.73
482.29	8.19
482.35	-24.58
482.42	-38.91
482.49	-71.68
482.56	28.67
482.63	-6.14
482.69	-49.15
482.76	-43.01
482.83	-63.49
482.90	20.48
482.96	61.44
483.03	53.25
483.10	79.87
483.17	-59.39
483.24	-45.06
483.30	-49.15
483.37	53.25
483.44	67.58
483.51	-18.43
483.57	-26.62
483.64	-8.19
483.71	63.49
483.78	-24.58
483.84	-22.53
483.91	-20.48
483.98	-14.34
484.05	83.97
484.11	-6.14
484.18	16.38
484.25	28.67
484.32	-63.49
484.38	90.11
484.45	6.14
484.52	-32.77
484.59	26.62
484.65	-59.39
484.72	10.24
484.79	14.34
484.86	67.58
484.92	-98.30
484.99	-30.72
485.06	28.67
485.13	-36.86
485.19	79.87
485.26	-4.10
485.33	65.54
485.40	112.64
485.46	-30.72
485.53	67.58
485.60	-34.82
485.67	-40.96
485.73	-69.63
485.80	28.67
485.87	-6.14
485.94	2.05
486.00	-40.96
486.07	-63.49
486.14	12.29
486.20	2.05
486.27	-49.15
486.34	145.41
486.41	53.25
486.47	49.15
486.54	24.58
486.61	63.49
486.68	4.10
486.74	-38.91
486.81	-10.24
486.88	-8.19
486.94	0.00
487.01	20.48
487.08	49.15
487.15	-14.34
487.21	-102.40
487.28	4.10
487.35	22.53
487.41	12.29
487.48	-49.15
487.55	14.34
487.62	0.00
487.68	-86.01
487.75	-14.34
487.82	-75.77
487.88	104.45
487.95	-40.96
488.02	-16.38
488.09	-83.97
488.15	-4.10
488.22	81.92
488.29	8.19
488.35	-40.96
488.42	30.72
488.49	38.91
488.56	-6.14
488.62	6.14
488.69	49.15
488.76	-63.49
488.82	-71.68
488.89	-98.30
488.96	-36.86
489.02	10.24
489.09	-18.43
489.16	26.62
489.22	81.92
489.29	22.53
489.36	-4.10
489.43	98.30
489.49	-16.38
489.56	57.34
489.63	81.92
489.69	-32.77
489.76	30.72
489.83	-4.10
489.89	-28.67
489.96	-79.87
490.03	18.43
490.09	-43.01
490.16	-47.10
490.23	12.29
490.29	20.48
490.36	-53.25
490.43	133.12
490.50	-36.86
490.56	4.10
490.63	-36.86
490.70	14.34
490.76	-22.53
490.83	12.29
490.90	-86.01
490.96	55.30
491.03	-10.24
491.10	2.05
491.16	40.96
491.23	90.11
491.30	122.88
491.36	49.15
491.43	51.20
491.50	69.63
491.56	104.45
491.63	51.20
491.70	0.00
491.76	53.25
491.83	169.98
491.90	67.58
491.96	96.25
492.03	112.64
492.10	-2.05
492.16	53.25
492.23	12.29
492.30	-18.43
492.36	-73.73
492.43	40.96
492.50	-16.38
492.56	18.43
492.63	-57.34
492.70	34.82
492.76	-69.63
492.83	12.29
492.89	-8.19
492.96	38.91
493.03	-4.10
493.09	-43.01
493.16	-49.15
493.23	-26.62
493.29	-4.10
493.36	0.00
493.43	59.39
493.49	-26.62
493.56	83.97
493.63	67.58
493.69	6.14
493.76	30.72
493.82	-43.01
493.89	30.72
493.96	-4.10
494.02	-55.30
494.09	-49.15
494.16	-8.19
494.22	-24.58
494.29	-6.14
494.36	12.29
494.42	75.77
494.49	102.40
494.55	59.39
494.62	-16.38
494.69	18.43
494.75	-75.77
494.82	28.67
494.89	-24.58
494.95	24.58
495.02	43.01
495.08	83.97
495.15	45.06
495.22	57.34
495.28	2.05
495.35	43.01
495.42	16.38
495.48	-22.53
495.55	-8.19
495.61	51.20
495.68	32.77
495.75	98.30
495.81	126.97
495.88	-28.67
495.94	4.10
496.01	124.93
496.08	14.34
496.14	47.10
496.21	18.43
496.28	-71.68
496.34	43.01
496.41	-40.96
496.47	94.21
496.54	14.34
496.61	-38.91
496.67	24.58
496.74	18.43
496.80	26.62
496.87	40.96
496.94	12.29
497.00	133.12
497.07	-8.19
497.13	-32.77
497.20	4.10
497.27	12.29
497.33	20.48
497.40	-51.20
497.46	10.24
497.53	57.34
497.60	-47.10
497.66	51.20
497.73	4.10
497.79	-69.63
497.86	-24.58
497.93	47.10
497.99	57.34
498.06	-14.34
498.12	-8.19
498.19	47.10
498.25	-43.01
498.32	26.62
498.39	-79.87
498.45	-131.07
498.52	-32.77
498.58	47.10
498.65	-83.97
498.72	-51.20
498.78	-69.63
498.85	20.48
498.91	-20.48
498.98	-106.49
499.04	-10.24
499.11	-83.97
499.18	-16.38
499.24	10.24
499.31	18.43
499.37	86.01
499.44	26.62
499.50	-36.86
499.57	-100.35
499.64	-6.14
499.70	-69.63
499.77	-18.43
499.83	-88.06
499.90	-30.72
499.96	-8.19
500.03	-81.92
500.09	-116.73
500.16	16.38
500.23	-51.20
500.29	30.72
500.36	-94.21
500.42	67.58
500.49	-10.24
500.55	16.38
500.62	-2.05
500.68	-32.77
500.75	-40.96
500.82	-34.82
500.88	-40.96
500.95	8.19
501.01	-75.77
501.08	-30.72
501.14	-14.34
501.21	-77.82
501.27	32.77
501.34	-16.38
501.41	79.87
501.47	43.01
501.54	-53.25
501.60	47.10
501.67	53.25
501.73	-38.91
501.80	-10.24
501.86	16.38
501.93	-104.45
501.99	75.77
502.06	8.19
502.12	-28.67
502.19	6.14
502.26	16.38
502.32	-53.25
502.39	83.97
502.45	-38.91
502.52	-2.05
502.58	20.48
502.65	-12.29
502.71	-61.44
502.78	18.43
502.84	14.34
502.91	55.30
502.97	-161.79
503.04	-32.77
503.10	22.53
503.17	40.96
503.23	32.77
503.30	4.10
503.37	-4.10
503.43	88.06
503.50	-36.86
503.56	16.38
503.63	-34.82
503.69	26.62
503.76	43.01
503.82	8.19
503.89	34.82
503.95	-32.77
504.02	108.54
504.08	49.15
504.15	12.29
504.21	26.62
504.28	-59.39
504.34	8.19
504.41	-34.82
504.47	-24.58
504.54	-51.20
504.60	55.30
504.67	18.43
504.73	47.10
504.80	-114.69
504.86	-49.15
504.93	8.19
504.99	-38.91
505.06	36.86
505.12	90.11
505.19	-38.91
505.25	-53.25
505.32	6.14
505.38	-92.16
505.45	-12.29
505.51	67.58
505.58	8.19
505.64	-14.34
505.71	-67.58
505.77	-77.82
505.84	-24.58
505.90	-106.49
505.97	32.77
506.03	-55.30
506.10	-8.19
506.16	-45.06
506.23	55.30
506.29	-4.10
506.36	-20.48
506.42	61.44
506.49	-40.96
506.55	18.43
506.62	24.58
506.68	49.15
506.75	24.58
506.81	-20.48
506.87	-92.16
506.94	-47.10
507.00	32.77
507.07	-59.39
507.13	-32.77
507.20	-92.16
507.26	32.77
507.33	-49.15
507.39	-22.53
507.46	-47.10
507.52	14.34
507.59	-2.05
507.65	86.01
507.72	-24.58
507.78	-20.48
507.85	67.58
507.91	12.29
507.97	32.77
508.04	59.39
508.10	-24.58
508.17	8.19
508.23	86.01
508.30	-6.14
508.36	-32.77
508.43	16.38
508.49	-10.24
508.56	38.91
508.62	-20.48
508.69	-75.77
508.75	18.43
508.81	-73.73
508.88	14.34
508.94	-55.30
509.01	-12.29
509.07	8.19
509.14	77.82
509.20	116.73
509.27	-6.14
509.33	2.05
509.39	-38.91
509.46	-94.21
509.52	-63.49
509.59	-26.62
509.65	53.25
509.72	-18.43
509.78	26.62
509.85	-43.01
509.91	30.72
509.97	45.06
510.04	-79.87
510.10	75.77
510.17	6.14
510.23	55.30
510.30	-16.38
510.36	12.29
510.42	-55.30
510.49	-104.45
510.55	28.67
510.62	22.53
510.68	-14.34
510.75	145.41
510.81	-79.87
510.88	38.91
510.94	36.86
511.00	-88.06
511.07	12.29
511.13	10.24
511.20	-4.10
511.26	-4.10
511.32	71.68
511.39	-30.72
511.45	14.34
511.52	12.29
511.58	40.96
511.65	14.34
511.71	57.34
511.77	-18.43
511.84	-88.06
511.90	59.39
511.97	-53.25
512.03	-45.06
512.09	-4.10
512.16	-71.68
512.22	43.01
512.29	-30.72
512.35	10.24
512.42	-59.39
512.48	28.67
512.54	18.43
512.61	2.05
512.67	-28.67
512.74	-28.67
512.80	-63.49
512.86	65.54
512.93	55.30
512.99	47.10
513.06	-59.39
513.12	-133.12
513.18	63.49
513.25	-28.67
513.31	-67.58
513.38	-100.35
513.44	0.00
513.50	-90.11
513.57	110.59
513.63	96.25
513.69	43.01
513.76	0.00
513.82	28.67
513.89	-6.14
513.95	-77.82
514.01	38.91
514.08	-2.05
514.14	-6.14
514.21	-8.19
514.27	14.34
514.33	-73.73
514.40	-104.45
514.46	10.24
514.53	30.72
514.59	20.48
514.65	26.62
514.72	32.77
514.78	90.11
514.84	32.77
514.91	30.72
514.97	-36.86
515.04	36.86
515.10	-43.01
515.16	-26.62
515.23	81.92
515.29	18.43
515.35	-38.91
515.42	28.67
515.48	61.44
515.54	34.82
515.61	28.67
515.67	-32.77
515.74	-18.43
515.80	22.53
515.86	-38.91
515.93	-43.01
515.99	47.10
516.05	-55.30
516.12	51.20
516.18	6.14
516.24	22.53
516.31	-18.43
516.37	38.91
516.44	51.20
516.50	-59.39
516.56	-16.38
516.63	-4.10
516.69	-18.43
516.75	14.34
516.82	-67.58
516.88	-18.43
516.94	116.73
517.01	-61.44
517.07	51.20
517.13	-22.53
517.20	43.01
517.26	-59.39
517.32	-55.30
517.39	-14.34
517.45	106.49
517.52	-79.87
517.58	100.35
517.64	30.72
517.71	-26.62
517.77	12.29
517.83	34.82
517.90	-36.86
517.96	-96.25
518.02	14.34
518.09	-32.77
518.15	-4.10
518.21	-28.67
518.28	49.15
518.34	-2.05
518.40	-45.06
518.47	2.05
518.53	-4.10
518.59	45.06
518.66	40.96
518.72	-2.05
518.78	75.77
518.85	22.53
518.91	-22.53
518.97	-102.40
519.03	47.10
519.10	100.35
519.16	55.30
519.22	-40.96
519.29	18.43
519.35	-12.29
519.41	32.77
519.48	-20.48
519.54	20.48
519.60	34.82
519.67	-77.82
519.73	-24.58
519.79	-14.34
519.86	0.00
519.92	30.72
519.98	10.24
520.05	-28.67
520.11	10.24
520.17	-57.34
520.23	-2.05
520.30	26.62
520.36	-69.63
520.42	12.29
520.49	-106.49
520.55	-81.92
520.61	51.20
520.68	-12.29
520.74	-71.68
520.80	-22.53
520.87	20.48
520.93	-12.29
520.99	-61.44
521.05	69.63
521.12	-77.82
521.18	-69.63
521.24	14.34
521.31	43.01
521.37	-53.25
521.43	-55.30
521.49	65.53
521.56	28.67
521.62	63.49
521.68	-16.38
521.75	-24.58
521.81	-38.91
521.87	0.00
521.93	-47.10
522.00	-12.29
522.06	-90.11
522.12	36.86
522.19	-4.10
522.25	98.30
522.31	30.72
522.37	-47.10
522.44	6.14
522.50	-24.58
522.56	-45.06
522.63	12.29
522.69	28.67
522.75	-24.58
522.81	34.82
522.88	73.73
522.94	-71.68
523.00	-4.10
523.06	59.39
523.13	-14.34
523.19	-38.91
523.25	-8.19
523.32	-8.19
523.38	-83.97
523.44	-4.10
523.50	-47.10
523.57	-14.34
523.63	-18.43
523.69	-6.14
523.75	-67.58
523.82	73.73
523.88	-2.05
523.94	-14.34
524.00	106.49
524.07	-59.39
524.13	-53.25
524.19	-2.05
524.25	-18.43
524.32	-12.29
524.38	49.15
524.44	-32.77
524.50	10.24
524.57	-20.48
524.63	26.62
524.69	49.15
524.75	-10.24
524.82	2.05
524.88	14.34
524.94	6.14
525.00	-36.86
525.07	-65.53
525.13	-40.96
525.19	-4.10
525.25	8.19
525.32	-43.01
525.38	55.30
525.44	-69.63
525.50	12.29
525.57	-63.49
525.63	16.38
525.69	45.06
525.75	16.38
525.82	65.53
525.88	79.87
525.94	-38.91
526.00	16.38
526.07	40.96
526.13	34.82
526.19	12.29
526.25	-90.11
526.31	30.72
526.38	36.86
526.44	-47.10
526.50	28.67
526.56	14.34
526.63	-100.35
526.69	12.29
526.75	-47.10
526.81	-63.49
526.87	155.65
526.94	-40.96
527.00	20.48
527.06	18.43
527.12	38.91
527.19	-14.34
527.25	36.86
527.31	34.82
527.37	0.00
527.43	108.54
527.50	57.34
527.56	-14.34
527.62	116.73
527.68	110.59
527.75	63.49
527.81	6.14
527.87	81.92
527.93	28.67
527.99	-69.63
528.06	43.01
528.12	-57.34
528.18	-43.01
528.24	73.73
528.30	18.43
528.37	-8.19
528.43	36.86
528.49	90.11
528.55	0.00
528.61	96.25
528.68	40.96
528.74	-57.34
528.80	20.48
528.86	-26.62
528.92	-24.58
528.99	-69.63
529.05	-36.86
529.11	-26.62
529.17	0.00
529.23	-32.77
529.29	-102.40
529.36	63.49
529.42	-36.86
529.48	-49.15
529.54	-34.82
529.60	2.05
529.67	-45.06
529.73	-59.39
529.79	-45.06
529.85	32.77
529.91	49.15
529.98	20.48
530.04	-34.82
530.10	-30.72
530.16	26.62
530.22	-8.19
530.28	-16.38
530.35	43.01
530.41	51.20
530.47	88.06
530.53	-71.68
530.59	77.82
530.65	-8.19
530.72	12.29
530.78	-20.48
530.84	22.53
530.90	28.67
530.96	8.19
531.02	34.82
531.09	-20.48
531.15	10.24
531.21	12.29
531.27	47.10
531.33	36.86
531.39	55.30
531.46	14.34
531.52	-53.25
531.58	79.87
531.64	-26.62
531.70	28.67
531.76	0.00
531.83	79.87
531.89	-73.73
531.95	53.25
532.01	26.62
532.07	114.69
532.13	-51.20
532.19	49.15
532.26	-12.29
532.32	83.97
532.38	0.00
532.44	-18.43
532.50	-83.97
532.56	-77.82
532.63	36.86
532.69	67.58
532.75	-59.39
532.81	8.19
532.87	45.06
532.93	-53.25
532.99	-81.92
533.06	-88.06
533.12	14.34
533.18	8.19
533.24	6.14
533.30	69.63
533.36	-38.91
533.42	-20.48
533.48	-2.05
533.55	-51.20
533.61	90.11
533.67	38.91
533.73	4.10
533.79	-47.10
533.85	8.19
533.91	53.25
533.98	65.53
534.04	8.19
534.10	-34.82
534.16	-10.24
534.22	-51.20
534.28	-12.29
534.34	-18.43
534.40	-67.58
534.47	-45.06
534.53	-16.38
534.59	-22.53
534.65	-18.43
534.71	-26.62
534.77	-12.29
534.83	34.82
534.89	-12.29
534.95	-24.58
535.02	30.72
535.08	-36.86
535.14	14.34
535.20	-34.82
535.26	10.24
535.32	-18.43
535.38	79.87
535.44	-10.24
535.50	-63.49
535.57	12.29
535.63	22.53
535.69	-14.34
535.75	22.53
535.81	98.30
535.87	102.40
535.93	94.21
535.99	18.43
536.05	43.01
536.11	12.29
536.18	92.16
536.24	-49.15
536.30	-49.15
536.36	-77.82
536.42	67.58
536.48	-106.49
536.54	32.77
536.60	-40.96
536.66	30.72
536.72	-55.30
536.79	-16.38
536.85	-69.63
536.91	118.78
536.97	0.00
537.03	40.96
537.09	6.14
537.15	28.67
537.21	-32.77
537.27	-34.82
537.33	-16.38
537.39	-59.39
537.45	12.29
537.52	49.15
537.58	34.82
537.64	49.15
537.70	-20.48
537.76	67.58
537.82	2.05
537.88	-83.97
537.94	-4.10
538.00	0.00
538.06	-16.38
538.12	-40.96
538.18	-18.43
538.24	-22.53
538.31	12.29
538.37	-14.34
538.43	-34.82
538.49	45.06
538.55	131.07
538.61	14.34
538.67	24.58
538.73	-16.38
538.79	-36.86
538.85	-4.10
538.91	12.29
538.97	-43.01
539.03	24.58
539.09	-14.34
539.15	-12.29
539.21	32.77
539.28	36.86
539.34	24.58
539.40	55.30
539.46	30.72
539.52	-45.06
539.58	-38.91
539.64	51.20
539.70	20.48
539.76	-16.38
539.82	-14.34
539.88	45.06
539.94	-51.20
540.00	18.43
540.06	26.62
540.12	69.63
540.18	122.88
540.24	26.62
540.30	53.25
540.36	-16.38
540.42	-43.01
540.49	67.58
540.55	8.19
540.61	65.54
540.67	12.29
540.73	63.49
540.79	-81.92
540.85	55.30
540.91	-45.06
540.97	-26.62
541.03	73.73
541.09	57.34
541.15	32.77
541.21	36.86
541.27	73.73
541.33	18.43
541.39	28.67
541.45	-12.29
541.51	-28.67
541.57	20.48
541.63	92.16
541.69	-22.53
541.75	143.36
541.81	38.91
541.87	49.15
541.93	-2.05
541.99	61.44
542.05	92.16
542.11	32.77
542.17	22.53
542.23	65.53
542.29	63.49
542.35	40.96
542.41	30.72
542.47	-22.53
542.53	110.59
542.59	34.82
542.65	4.10
542.71	88.06
542.77	-12.29
542.83	-4.10
542.89	47.10
542.95	57.34
543.01	51.20
543.07	94.21
543.13	-38.91
543.19	-8.19
543.25	55.30
543.31	14.34
543.37	-12.29
543.43	28.67
543.49	40.96
543.55	0.00
543.61	75.77
543.67	-18.43
543.73	67.58
543.79	73.73
543.85	-40.96
543.91	30.72
543.97	20.48
544.03	20.48
544.09	63.49
544.15	90.11
544.21	131.07
544.27	188.41
544.33	149.50
544.39	75.77
544.45	43.01
544.51	133.12
544.57	118.78
544.63	88.06
544.69	92.16
544.75	77.82
544.81	114.69
544.87	108.54
544.93	83.97
544.99	94.21
545.05	124.93
545.11	73.73
545.17	137.21
545.23	116.73
545.29	122.88
545.35	151.55
545.41	241.66
545.47	464.89
545.53	374.78
545.59	729.08
545.65	1126.38
545.71	2234.33
545.77	4536.25
545.83	8972.15
545.89	16008.97
545.95	22595.24
546.01	35640.80
546.07	40674.71
546.13	43261.29
546.19	53363.92
546.25	58309.77
546.31	52286.69
546.37	43877.73
546.42	29414.98
546.48	23971.47
546.54	23379.61
546.60	19924.69
546.66	13514.55
546.72	9191.28
546.78	6541.21
546.84	4544.44
546.90	3239.89
546.96	1914.85
547.02	1386.47
547.08	964.59
547.14	653.30
547.20	546.81
547.26	378.87
547.32	210.94
547.38	382.97
547.44	292.86
547.50	282.62
547.56	299.00
547.62	206.84
547.67	221.18
547.73	163.84
547.79	174.08
547.85	178.17
547.91	212.99
547.97	133.12
548.03	178.17
548.09	63.49
548.15	83.97
548.21	122.88
548.27	83.97
548.33	96.25
548.39	106.49
548.45	135.17
548.51	178.17
548.56	161.79
548.62	100.35
548.68	-75.77
548.74	65.54
548.80	49.15
548.86	22.53
548.92	67.58
548.98	108.54
549.04	24.58
549.10	94.21
549.16	40.96
549.22	77.82
549.28	90.11
549.34	75.77
549.39	63.49
549.45	71.68
549.51	104.45
549.57	77.82
549.63	83.97
549.69	0.00
549.75	45.06
549.81	53.25
549.87	22.53
549.93	45.06
549.99	-34.82
550.04	34.82
550.10	-73.73
550.16	10.24
550.22	-40.96
550.28	108.54
550.34	16.38
550.40	61.44
550.46	145.41
550.52	63.49
550.58	59.39
550.64	-16.38
550.69	-26.62
550.75	24.58
550.81	28.67
550.87	49.15
550.93	88.06
550.99	-6.14
551.05	34.82
551.11	-2.05
551.17	40.96
551.23	-43.01
551.28	-10.24
551.34	26.62
551.40	-20.48
551.46	118.78
551.52	47.10
551.58	65.53
551.64	47.10
551.70	61.44
551.76	131.07
551.81	10.24
551.87	-53.25
551.93	69.63
551.99	63.49
552.05	65.54
552.11	-61.44
552.17	81.92
552.23	73.73
552.28	-20.48
552.34	-26.62
552.40	-40.96
552.46	77.82
552.52	-75.77
552.58	43.01
552.64	88.06
552.70	28.67
552.75	-28.67
552.81	49.15
552.87	61.44
552.93	-4.10
552.99	-38.91
553.05	-14.34
553.11	61.44
553.17	40.96
553.22	-65.54
553.28	22.53
553.34	-18.43
553.40	14.34
553.46	2.05
553.52	-79.87
553.58	-20.48
553.63	-28.67
553.69	6.14
553.75	20.48
553.81	-8.19
553.87	-26.62
553.93	32.77
553.99	-47.10
554.04	49.15
554.10	-47.10
554.16	12.29
554.22	36.86
554.28	-8.19
554.34	67.58
554.40	14.34
554.45	-26.62
554.51	6.14
554.57	-22.53
554.63	110.59
554.69	28.67
554.75	59.39
554.80	69.63
554.86	-57.34
554.92	-43.01
554.98	114.69
555.04	-32.77
555.10	18.43
555.16	-8.19
555.21	14.34
555.27	-6.14
555.33	-26.62
555.39	-26.62
555.45	-8.19
555.51	94.21
555.56	-24.58
555.62	-2.05
555.68	24.58
555.74	53.25
555.80	40.96
555.86	153.60
555.91	32.77
555.97	49.15
556.03	36.86
556.09	-28.67
556.15	51.20
556.20	108.54
556.26	-22.53
556.32	14.34
556.38	4.10
556.44	73.73
556.50	-22.53
556.55	-112.64
556.61	30.72
556.67	63.49
556.73	-34.82
556.79	139.26
556.84	-28.67
556.90	-43.01
556.96	57.34
557.02	36.86
557.08	75.77
557.14	-34.82
557.19	-114.69
557.25	6.14
557.31	0.00
557.37	83.97
557.43	79.87
557.48	-26.62
557.54	-36.86
557.60	-14.34
557.66	4.10
557.72	-47.10
557.77	26.62
557.83	-45.06
557.89	0.00
557.95	57.34
558.01	-32.77
558.06	28.67
558.12	-36.86
558.18	47.10
558.24	2.05
558.30	-40.96
558.35	61.44
558.41	-2.05
558.47	55.30
558.53	38.91
558.59	-26.62
558.64	16.38
558.70	-20.48
558.76	14.34
558.82	-92.16
558.88	-47.10
558.93	-26.62
558.99	-8.19
559.05	-8.19
559.11	59.39
559.16	112.64
559.22	53.25
559.28	61.44
559.34	-45.06
559.40	18.43
559.45	49.15
559.51	-26.62
559.57	12.29
559.63	4.10
559.68	-32.77
559.74	94.21
559.80	8.19
559.86	65.53
559.92	40.96
559.97	-6.14
560.03	38.91
560.09	-61.44
560.15	63.49
560.20	-36.86
560.26	-14.34
560.32	-53.25
560.38	-10.24
560.43	65.53
560.49	-8.19
560.55	-12.29
560.61	49.15
560.66	-45.06
560.72	61.44
560.78	92.16
560.84	26.62
560.90	-24.58
560.95	16.38
561.01	67.58
561.07	10.24
561.13	-139.26
561.18	18.43
561.24	6.14
561.30	49.15
561.36	-63.49
561.41	14.34
561.47	-6.14
561.53	10.24
561.59	-4.10
561.64	-6.14
561.70	2.05
561.76	116.73
561.82	36.86
561.87	-8.19
561.93	30.72
561.99	-4.10
562.05	14.34
562.10	-65.53
562.16	6.14
562.22	28.67
562.27	59.39
562.33	73.73
562.39	38.91
562.45	118.78
562.50	26.62
562.56	-8.19
562.62	-8.19
562.68	36.86
562.73	-79.87
562.79	-61.44
562.85	51.20
562.91	-20.48
562.96	45.06
563.02	26.62
563.08	-45.06
563.13	-10.24
563.19	47.10
563.25	65.53
563.31	-26.62
563.36	71.68
563.42	135.17
563.48	-98.30
563.53	-10.24
563.59	24.58
563.65	8.19
563.71	24.58
563.76	30.72
563.82	24.58
563.88	-18.43
563.94	-20.48
563.99	-24.58
564.05	32.77
564.11	30.72
564.16	6.14
564.22	86.01
564.28	-22.53
564.33	14.34
564.39	-8.19
564.45	-2.05
564.51	36.86
564.56	-28.67
564.62	-77.82
564.68	-20.48
564.73	32.77
564.79	20.48
564.85	-32.77
564.91	34.82
564.96	45.06
565.02	-92.16
565.08	-79.87
565.13	18.43
565.19	-12.29
565.25	79.87
565.30	12.29
565.36	14.34
565.42	12.29
565.47	4.10
565.53	2.05
565.59	24.58
565.65	14.34
565.70	4.10
565.76	32.77
565.82	-57.34
565.87	-32.77
565.93	28.67
565.99	-24.58
566.04	75.77
566.10	8.19
566.16	-6.14
566.21	86.01
566.27	16.38
566.33	-22.53
566.38	53.25
566.44	43.01
566.50	-12.29
566.55	63.49
566.61	10.24
566.67	12.29
566.73	159.74
566.78	65.53
566.84	36.86
566.90	-20.48
566.95	-38.91
567.01	51.20
567.07	34.82
567.12	-2.05
567.18	24.58
567.24	88.06
567.29	-12.29
567.35	57.34
567.41	-4.10
567.46	2.05
567.52	16.38
567.58	-2.05
567.63	30.72
567.69	-40.96
567.75	86.01
567.80	88.06
567.86	14.34
567.91	94.21
567.97	81.92
568.03	22.53
568.08	8.19
568.14	-34.82
568.20	63.49
568.25	-61.44
568.31	30.72
568.37	-63.49
568.42	-20.48
568.48	40.96
568.54	12.29
568.59	18.43
568.65	6.14
568.71	6.14
568.76	-2.05
568.82	110.59
568.88	-77.82
568.93	-22.53
568.99	-53.25
569.04	-28.67
569.10	-38.91
569.16	45.06
569.21	-32.77
569.27	96.25
569.33	20.48
569.38	49.15
569.44	-43.01
569.50	43.01
569.55	38.91
569.61	40.96
569.66	8.19
569.72	-40.96
569.78	-106.49
569.83	16.38
569.89	30.72
569.95	14.34
570.00	-59.39
570.06	20.48
570.11	-61.44
570.17	4.10
570.23	2.05
570.28	28.67
570.34	10.24
570.40	18.43
570.45	47.10
570.51	22.53
570.56	-26.62
570.62	-16.38
570.68	4.10
570.73	-34.82
570.79	-16.38
570.85	14.34
570.90	-65.54
570.96	106.49
571.01	30.72
571.07	55.30
571.13	-53.25
571.18	53.25
571.24	-18.43
571.29	18.43
571.35	4.10
571.41	32.77
571.46	-12.29
571.52	2.05
571.57	55.30
571.63	-2.05
571.69	38.91
571.74	4.10
571.80	49.15
571.85	-45.06
571.91	-38.91
571.97	100.35
572.02	-122.88
572.08	86.01
572.13	-32.77
572.19	-51.20
572.25	10.24
572.30	-47.10
572.36	75.77
572.41	0.00
572.47	-32.77
572.53	30.72
572.58	-61.44
572.64	96.25
572.69	-38.91
572.75	-18.43
572.80	73.73
572.86	-51.20
572.92	14.34
572.97	67.58
573.03	12.29
573.08	22.53
573.14	-38.91
573.20	-53.25
573.25	30.72
573.31	94.21
573.36	90.11
573.42	-24.58
573.47	79.87
573.53	-57.34
573.59	36.86
573.64	155.65
573.70	75.77
573.75	116.73
573.81	57.34
573.86	79.87
573.92	71.68
573.98	-12.29
574.03	-16.38
574.09	45.06
574.14	57.34
574.20	94.21
574.25	53.25
574.31	77.82
574.37	149.50
574.42	36.86
574.48	-10.24
574.53	10.24
574.59	-18.43
574.64	-4.10
574.70	108.54
574.75	22.53
574.81	104.45
574.87	57.34
574.92	47.10
574.98	6.14
575.03	129.02
575.09	40.96
575.14	-8.19
575.20	67.58
575.25	-45.06
575.31	18.43
575.37	79.87
575.42	61.44
575.48	0.00
575.53	90.11
575.59	55.30
575.64	43.01
575.70	77.82
575.75	106.49
575.81	112.64
575.86	167.93
575.92	161.79
575.98	71.68
576.03	8.19
576.09	57.34
576.14	223.23
576.20	157.69
576.25	186.37
576.31	196.61
576.36	305.15
576.42	333.82
576.47	583.67
576.53	501.75
576.58	616.44
576.64	761.84
576.69	1429.48
576.75	2801.62
576.81	5013.43
576.86	7458.70
576.92	10215.27
576.97	13276.98
577.03	15071.00
577.08	16912.13
577.14	16883.45
577.19	15501.08
577.25	12347.20
577.30	11937.61
577.36	9826.15
577.41	6698.91
577.47	4507.58
577.52	3190.74
577.58	2500.57
577.63	2103.26
577.69	1538.02
577.74	1187.82
577.80	985.07
577.85	612.34
577.91	518.14
577.96	378.87
578.02	264.19
578.07	237.56
578.13	186.37
578.18	243.71
578.24	305.15
578.29	215.04
578.35	88.06
578.40	274.43
578.46	346.11
578.51	313.34
578.57	294.91
578.62	339.96
578.68	532.47
578.73	759.80
578.79	1161.20
578.84	1961.95
578.90	3729.35
578.95	6045.60
579.01	9889.64
579.06	12939.07
579.12	13973.29
579.17	14593.83
579.23	13391.67
579.28	12578.62
579.34	12617.54
579.39	11210.58
579.45	9994.09
579.50	8066.95
579.56	6365.09
579.61	4638.65
579.67	3203.02
579.72	2142.18
579.78	1445.87
579.83	1138.67
579.89	843.76
579.94	753.65
580.00	428.03
580.05	411.64
580.11	307.20
580.16	307.20
580.22	253.95
580.27	167.93
580.32	233.47
580.38	206.84
580.43	206.84
580.49	251.90
580.54	276.48
580.60	272.38
580.65	202.75
580.71	282.62
580.76	73.73
580.82	219.13
580.87	190.46
580.93	165.89
580.98	157.69
581.04	30.72
581.09	124.93
581.14	153.60
581.20	96.25
581.25	61.44
581.31	81.92
581.36	86.01
581.42	67.58
581.47	137.21
581.53	196.61
581.58	73.73
581.64	86.01
581.69	116.73
581.75	24.58
581.80	133.12
581.85	-114.69
581.91	38.91
581.96	67.58
582.02	153.60
582.07	55.30
582.13	86.01
582.18	24.58
582.24	16.38
582.29	106.49
582.34	0.00
582.40	-22.53
582.45	63.49
582.51	53.25
582.56	-47.10
582.62	34.82
582.67	-8.19
582.73	63.49
582.78	43.01
582.83	79.87
582.89	131.07
582.94	14.34
583.00	65.53
583.05	49.15
583.11	-53.25
583.16	77.82
583.21	4.10
583.27	40.96
583.32	92.16
583.38	57.34
583.43	73.73
583.49	-14.34
583.54	20.48
583.59	-26.62
583.65	14.34
583.70	30.72
583.76	-18.43
583.81	-53.25
583.87	59.39
583.92	114.69
583.97	86.01
584.03	59.39
584.08	2.05
584.14	-32.77
584.19	83.97
584.24	53.25
584.30	-18.43
584.35	18.43
584.41	-47.10
584.46	-28.67
584.52	92.16
584.57	-28.67
584.62	90.11
584.68	53.25
584.73	-16.38
584.79	77.82
584.84	-24.58
584.89	63.49
584.95	12.29
585.00	59.39
585.06	45.06
585.11	12.29
585.16	43.01
585.22	38.91
585.27	6.14
585.33	65.53
585.38	-18.43
585.43	4.10
585.49	51.20
585.54	-75.77
585.60	92.16
585.65	-8.19
585.70	40.96
585.76	102.40
585.81	-43.01
585.87	2.05
585.92	51.20
585.97	30.72
586.03	-26.62
586.08	-16.38
586.13	47.10
586.19	77.82
586.24	24.58
586.30	14.34
586.35	83.97
586.40	-32.77
586.46	67.58
586.51	71.68
586.57	-10.24
586.62	49.15
586.67	81.92
586.73	92.16
586.78	-10.24
586.83	-28.67
586.89	-24.58
586.94	-34.82
587.00	-34.82
587.05	-61.44
587.10	-26.62
587.16	-51.20
587.21	30.72
587.26	114.69
587.32	145.41
587.37	-4.10
587.42	34.82
587.48	-14.34
587.53	47.10
587.59	0.00
587.64	-12.29
587.69	-55.30
587.75	-26.62
587.80	26.62
587.85	-18.43
587.91	114.69
587.96	-110.59
588.01	8.19
588.07	-110.59
588.12	-51.20
588.17	-36.86
588.23	-22.53
588.28	-51.20
588.34	32.77
588.39	53.25
588.44	40.96
588.50	-26.62
588.55	-32.77
588.60	43.01
588.66	65.53
588.71	16.38
588.76	-63.49
588.82	-12.29
588.87	-6.14
588.92	71.68
588.98	-28.67
589.03	53.25
589.08	55.30
589.14	51.20
589.19	114.69
589.24	-81.92
589.30	-2.05
589.35	-26.62
589.40	-36.86
589.46	-77.82
589.51	-6.14
589.56	61.44
589.62	20.48
589.67	-51.20
589.72	77.82
589.78	59.39
589.83	14.34
589.88	36.86
589.94	63.49
589.99	112.64
590.04	38.91
590.10	-38.91
590.15	18.43
590.20	18.43
590.26	65.53
590.31	77.82
590.36	102.40
590.42	69.63
590.47	0.00
590.52	30.72
590.58	-45.06
590.63	38.91
590.68	20.48
590.74	-10.24
590.79	51.20
590.84	-6.14
590.89	20.48
590.95	-12.29
591.00	-36.86
591.05	45.06
591.11	79.87
591.16	14.34
591.21	18.43
591.27	24.58
591.32	6.14
591.37	-94.21
591.43	102.40
591.48	90.11
591.53	10.24
591.58	71.68
591.64	79.87
591.69	26.62
591.74	-10.24
591.80	49.15
591.85	-22.53
591.90	106.49
591.96	-2.05
592.01	0.00
592.06	-73.73
592.11	18.43
592.17	22.53
592.22	-34.82
592.27	24.58
592.33	14.34
592.38	12.29
592.43	-104.45
592.48	14.34
592.54	40.96
592.59	-36.86
592.64	-36.86
592.70	-67.58
592.75	-4.10
592.80	18.43
592.85	-6.14
592.91	51.20
592.96	53.25
593.01	-79.87
593.07	40.96
593.12	-90.11
593.17	129.02
593.22	45.06
593.28	43.01
593.33	116.73
593.38	14.34
593.44	47.10
593.49	63.49
593.54	75.77
593.59	-45.06
593.65	-2.05
593.70	116.73
593.75	16.38
593.80	-77.82
593.86	-4.10
593.91	24.58
593.96	-4.10
594.01	-6.14
594.07	32.77
594.12	-24.58
594.17	59.39
594.23	-4.10
594.28	51.20
594.33	86.01
594.38	-59.39
594.44	4.10
594.49	-20.48
594.54	24.58
594.59	-8.19
594.65	63.49
594.70	-40.96
594.75	-20.48
594.80	-30.72
594.86	79.87
594.91	-57.34
594.96	43.01
595.01	69.63
595.07	-90.11
595.12	40.96
595.17	16.38
595.22	-8.19
595.28	55.30
595.33	26.62
595.38	14.34
595.43	-75.77
595.49	22.53
595.54	22.53
595.59	-40.96
595.64	124.93
595.69	34.82
595.75	30.72
595.80	-40.96
595.85	65.53
595.90	20.48
595.96	8.19
596.01	69.63
596.06	40.96
596.11	-45.06
596.17	30.72
596.22	16.38
596.27	-4.10
596.32	-38.91
596.38	36.86
596.43	4.10
596.48	51.20
596.53	16.38
596.58	-94.21
596.64	34.82
596.69	53.25
596.74	4.10
596.79	53.25
596.85	2.05
596.90	51.20
596.95	51.20
597.00	-18.43
597.05	63.49
597.11	67.58
597.16	38.91
597.21	-10.24
597.26	-55.30
597.31	88.06
597.37	6.14
597.42	26.62
597.47	-30.72
597.52	92.16
597.57	-6.14
597.63	59.39
597.68	53.25
597.73	-2.05
597.78	4.10
597.84	-32.77
597.89	22.53
597.94	88.06
597.99	43.01
598.04	67.58
598.10	-8.19
598.15	-26.62
598.20	26.62
598.25	26.62
598.30	71.68
598.36	18.43
598.41	61.44
598.46	12.29
598.51	-22.53
598.56	-63.49
598.61	28.67
598.67	38.91
598.72	-73.73
598.77	10.24
598.82	40.96
598.87	-47.10
598.93	34.82
598.98	-16.38
599.03	-30.72
599.08	-10.24
599.13	-47.10
599.19	28.67
599.24	57.34
599.29	2.05
599.34	10.24
599.39	-8.19
599.44	-20.48
599.50	20.48
599.55	4.10
599.60	-40.96
599.65	67.58
599.70	20.48
599.75	102.40
599.81	-32.77
599.86	137.21
599.91	-55.30
599.96	32.77
600.01	30.72
600.07	57.34
600.12	57.34
600.17	-36.86
600.22	-16.38
600.27	6.14
600.32	6.14
600.38	49.15
600.43	-32.77
600.48	-96.25
600.53	18.43
600.58	69.63
600.63	18.43
600.68	38.91
600.74	30.72
600.79	16.38
600.84	24.58
600.89	-43.01
600.94	30.72
600.99	10.24
601.05	94.21
601.10	40.96
601.15	14.34
601.20	12.29
601.25	77.82
601.30	-4.10
601.35	63.49
601.41	147.45
601.46	53.25
601.51	-6.14
601.56	40.96
601.61	34.82
601.66	96.25
601.71	-18.43
601.77	-4.10
601.82	4.10
601.87	-28.67
601.92	14.34
601.97	40.96
602.02	-4.10
602.07	30.72
602.13	18.43
602.18	-12.29
602.23	-2.05
602.28	0.00
602.33	-69.63
602.38	-38.91
602.43	0.00
602.48	20.48
602.54	-79.87
602.59	8.19
602.64	10.24
602.69	-114.69
602.74	6.14
602.79	-14.34
602.84	34.82
602.89	-34.82
602.95	-8.19
603.00	26.62
603.05	-38.91
603.10	26.62
603.15	47.10
603.20	67.58
603.25	12.29
603.30	-143.36
603.36	22.53
603.41	-45.06
603.46	-34.82
603.51	-53.25
603.56	14.34
603.61	61.44
603.66	-6.14
603.71	-47.10
603.76	102.40
603.82	-81.92
603.87	30.72
603.92	81.92
603.97	83.97
604.02	-12.29
604.07	30.72
604.12	-20.48
604.17	-32.77
604.22	-69.63
604.28	75.77
604.33	-2.05
604.38	71.68
604.43	10.24
604.48	63.49
604.53	-4.10
604.58	-75.77
604.63	-69.63
604.68	40.96
604.73	-96.25
604.78	81.92
604.84	30.72
604.89	-34.82
604.94	-61.44
604.99	61.44
605.04	4.10
605.09	8.19
605.14	-2.05
605.19	-18.43
605.24	-26.62
605.29	-43.01
605.34	28.67
605.40	-86.01
605.45	20.48
605.50	-14.34
605.55	59.39
605.60	51.20
605.65	30.72
605.70	-40.96
605.75	-12.29
605.80	0.00
605.85	-36.86
605.90	45.06
605.95	81.92
606.00	104.45
606.06	-59.39
606.11	112.64
606.16	79.87
606.21	69.63
606.26	108.54
606.31	14.34
606.36	75.77
606.41	18.43
606.46	24.58
606.51	-92.16
606.56	104.45
606.61	-55.30
606.66	8.19
606.71	73.73
606.76	137.21
606.81	-57.34
606.87	2.05
606.92	-75.77
606.97	-40.96
607.02	-40.96
607.07	-16.38
607.12	-77.82
607.17	-36.86
607.22	20.48
607.27	28.67
607.32	32.77
607.37	100.35
607.42	-2.05
607.47	-120.83
607.52	106.49
607.57	-38.91
607.62	24.58
607.67	65.53
607.72	47.10
607.77	-2.05
607.83	49.15
607.88	131.07
607.93	6.14
607.98	-47.10
608.03	-12.29
608.08	-28.67
608.13	102.40
608.18	-53.25
608.23	-28.67
608.28	26.62
608.33	36.86
608.38	12.29
608.43	14.34
608.48	20.48
608.53	24.58
608.58	-79.87
608.63	-8.19
608.68	-61.44
608.73	96.25
608.78	-51.20
608.83	55.30
608.88	73.73
608.93	-4.10
608.98	-22.53
609.03	14.34
609.08	92.16
609.13	43.01
609.18	-14.34
609.23	20.48
609.28	-51.20
609.33	-26.62
609.38	-32.77
609.43	79.87
609.48	-43.01
609.53	4.10
609.58	24.58
609.63	-8.19
609.69	6.14
609.74	-14.34
609.79	-57.34
609.84	49.15
609.89	-40.96
609.94	71.68
609.99	40.96
610.04	55.30
610.09	-6.14
610.14	-12.29
610.19	69.63
610.24	0.00
610.29	-59.39
610.34	-45.06
610.39	-38.91
610.44	28.67
610.49	8.19
610.54	61.44
610.59	4.10
610.64	-18.43
610.69	-45.06
610.74	36.86
610.79	71.68
610.84	-26.62
610.89	184.32
610.94	6.14
610.99	-8.19
611.04	116.73
611.09	-12.29
611.14	-30.72
611.18	-22.53
611.23	-61.44
611.28	-45.06
611.33	8.19
611.38	57.34
611.43	61.44
611.48	-20.48
611.53	-49.15
611.58	47.10
611.63	-6.14
611.68	83.97
611.73	-2.05
611.78	83.97
611.83	88.06
611.88	65.54
611.93	-8.19
611.98	12.29
612.03	-38.91
612.08	-4.10
612.13	92.16
612.18	100.35
612.23	75.77
612.28	-49.15
612.33	45.06
612.38	63.49
612.43	86.01
612.48	22.53
612.53	67.58
612.58	49.15
612.63	20.48
612.68	24.58
612.73	71.68
612.78	90.11
612.83	45.06
612.88	83.97
612.93	6.14
612.97	22.53
613.02	57.34
613.07	53.25
613.12	-20.48
613.17	20.48
613.22	100.35
613.27	12.29
613.32	40.96
613.37	-57.34
613.42	-96.25
613.47	57.34
613.52	36.86
613.57	61.44
613.62	-43.01
613.67	61.44
613.72	-51.20
613.77	53.25
613.82	-10.24
613.87	-10.24
613.92	-129.02
613.96	18.43
614.01	-24.58
614.06	104.45
614.11	-49.15
614.16	-34.82
614.21	22.53
614.26	61.44
614.31	0.00
614.36	114.69
614.41	8.19
614.46	-45.06
614.51	12.29
614.56	-34.82
614.61	-38.91
614.66	-96.25
614.70	-53.25
614.75	-36.86
614.80	20.48
614.85	8.19
614.90	26.62
614.95	10.24
615.00	24.58
615.05	51.20
615.10	-12.29
615.15	-34.82
615.20	-14.34
615.25	-36.86
615.30	-24.58
615.34	49.15
615.39	-67.58
615.44	24.58
615.49	4.10
615.54	-69.63
615.59	32.77
615.64	16.38
615.69	-28.67
615.74	10.24
615.79	-24.58
615.84	102.40
615.89	-49.15
615.93	75.77
615.98	24.58
616.03	57.34
616.08	-30.72
616.13	-22.53
616.18	-20.48
616.23	45.06
616.28	40.96
616.33	20.48
616.38	-28.67
616.42	40.96
616.47	24.58
616.52	-24.58
616.57	-32.77
616.62	-32.77
616.67	-4.10
616.72	-26.62
616.77	38.91
616.82	12.29
616.87	8.19
616.91	-4.10
616.96	149.50
617.01	-18.43
617.06	55.30
617.11	40.96
617.16	10.24
617.21	14.34
617.26	16.38
617.31	-32.77
617.35	34.82
617.40	8.19
617.45	-12.29
617.50	-61.44
617.55	-30.72
617.60	36.86
617.65	-49.15
617.70	-81.92
617.74	-30.72
617.79	-63.49
617.84	-22.53
617.89	51.20
617.94	-30.72
617.99	98.30
618.04	43.01
618.09	14.34
618.13	10.24
618.18	-22.53
618.23	-40.96
618.28	-51.20
618.33	153.60
618.38	18.43
618.43	-77.82
618.48	16.38
618.52	-116.73
618.57	2.05
618.62	96.25
618.67	-43.01
618.72	38.91
618.77	-36.86
618.82	18.43
618.86	-8.19
618.91	73.73
618.96	67.58
619.01	20.48
619.06	40.96
619.11	47.10
619.16	38.91
619.20	86.01
619.25	36.86
619.30	55.30
619.35	-114.69
619.40	-36.86
619.45	16.38
619.49	-61.44
619.54	51.20
619.59	20.48
619.64	28.67
619.69	26.62
619.74	-4.10
619.79	40.96
619.83	14.34
619.88	141.31
619.93	79.87
619.98	24.58
620.03	45.06
620.08	28.67
620.12	4.10
620.17	-69.63
620.22	12.29
620.27	-47.10
620.32	-79.87
620.37	2.05
620.41	51.20
620.46	-30.72
620.51	-12.29
620.56	79.87
620.61	-45.06
620.66	30.72
620.70	-61.44
620.75	-55.30
620.80	-28.67
620.85	-14.34
620.90	-47.10
620.95	-32.77
620.99	0.00
621.04	24.58
621.09	40.96
621.14	83.97
621.19	4.10
621.23	88.06
621.28	90.11
621.33	-61.44
621.38	57.34
621.43	92.16
621.48	-8.19
621.52	47.10
621.57	77.82
621.62	57.34
621.67	30.72
621.72	69.63
621.76	26.62
621.81	69.63
621.86	-43.01
621.91	83.97
621.96	-30.72
622.00	6.14
622.05	8.19
622.10	34.82
622.15	30.72
622.20	18.43
622.24	69.63
622.29	-45.06
622.34	-10.24
622.39	98.30
622.44	6.14
622.48	14.34
622.53	-30.72
622.58	22.53
622.63	-10.24
622.68	-16.38
622.72	40.96
622.77	18.43
622.82	69.63
622.87	90.11
622.92	-28.67
622.96	18.43
623.01	88.06
623.06	-73.73
623.11	-34.82
623.15	49.15
623.20	-6.14
623.25	36.86
623.30	110.59
623.35	40.96
623.39	2.05
623.44	55.30
623.49	47.10
623.54	88.06
623.58	34.82
623.63	22.53
623.68	16.38
623.73	126.97
623.78	59.39
623.82	6.14
623.87	24.58
623.92	69.63
623.97	6.14
624.01	-49.15
624.06	-55.30
624.11	-40.96
624.16	83.97
624.21	2.05
624.25	0.00
624.30	-51.20
624.35	12.29
624.40	-12.29
624.44	-2.05
624.49	6.14
624.54	14.34
624.59	20.48
624.63	32.77
624.68	-6.14
624.73	-63.49
624.78	49.15
624.82	4.10
624.87	18.43
624.92	36.86
624.97	-26.62
625.01	-24.58
625.06	86.01
625.11	92.16
625.16	81.92
625.20	-8.19
625.25	4.10
625.30	8.19
625.35	32.77
625.39	57.34
625.44	-102.40
625.49	98.30
625.54	12.29
625.58	92.16
625.63	45.06
625.68	34.82
625.73	-92.16
625.77	-59.39
625.82	-129.02
625.87	43.01
625.92	-4.10
625.96	-88.06
626.01	-53.25
626.06	16.38
626.10	61.44
626.15	-75.77
626.20	-12.29
626.25	22.53
626.29	-22.53
626.34	36.86
626.39	18.43
626.44	26.62
626.48	-26.62
626.53	4.10
626.58	-26.62
626.62	96.25
626.67	43.01
626.72	28.67
626.77	26.62
626.81	36.86
626.86	0.00
626.91	-102.40
626.96	-12.29
627.00	75.77
627.05	6.14
627.10	6.14
627.14	79.87
627.19	22.53
627.24	28.67
627.29	-10.24
627.33	-26.62
627.38	12.29
627.43	24.58
627.47	38.91
627.52	73.73
627.57	-34.82
627.62	30.72
627.66	47.10
627.71	-73.73
627.76	-22.53
627.80	36.86
627.85	-22.53
627.90	-16.38
627.94	75.77
627.99	6.14
628.04	6.14
628.09	65.53
628.13	34.82
628.18	8.19
628.23	-28.67
628.27	-69.63
628.32	57.34
628.37	22.53
628.41	-20.48
628.46	83.97
628.51	-8.19
628.55	-28.67
628.60	-20.48
628.65	8.19
628.70	4.10
628.74	-18.43
628.79	12.29
628.84	24.58
628.88	24.58
628.93	131.07
628.98	-49.15
629.02	63.49
629.07	24.58
629.12	-10.24
629.16	-30.72
629.21	100.35
629.26	-14.34
629.30	73.73
629.35	18.43
629.40	49.15
629.44	47.10
629.49	26.62
629.54	83.97
629.58	61.44
629.63	20.48
629.68	-71.68
629.72	8.19
629.77	38.91
629.82	75.77
629.86	-22.53
629.91	20.48
629.96	-47.10
630.00	18.43
630.05	-81.92
630.10	-18.43
630.14	81.92
630.19	16.38
630.24	12.29
630.28	169.98
630.33	16.38
630.38	-16.38
630.42	-55.30
630.47	-51.20
630.52	-38.91
630.56	30.72
630.61	-12.29
630.66	2.05
630.70	8.19
630.75	-57.34
630.80	-63.49
630.84	-2.05
630.89	49.15
630.94	81.92
630.98	-77.82
631.03	51.20
631.07	8.19
631.12	30.72
631.17	120.83
631.21	-4.10
631.26	83.97
631.31	34.82
631.35	-16.38
631.40	38.91
631.45	81.92
631.49	47.10
631.54	98.30
631.59	-22.53
631.63	71.68
631.68	47.10
631.72	-36.86
631.77	2.05
631.82	-51.20
631.86	69.63
631.91	16.38
631.96	71.68
632.00	4.10
632.05	-102.40
632.09	6.14
632.14	14.34
632.19	-61.44
632.23	-6.14
632.28	69.63
632.33	-26.62
632.37	-30.72
632.42	14.34
632.46	-24.58
632.51	6.14
632.56	4.10
632.60	32.77
632.65	-104.45
632.70	53.25
632.74	16.38
632.79	71.68
632.83	102.40
632.88	73.73
632.93	30.72
632.97	120.83
633.02	-8.19
633.06	-14.34
633.11	10.24
633.16	-43.01
633.20	65.53
633.25	61.44
633.29	20.48
633.34	77.82
633.39	8.19
633.43	81.92
633.48	32.77
633.52	24.58
633.57	18.43
633.62	90.11
633.66	24.58
633.71	-51.20
633.75	-45.06
633.80	-36.86
633.85	-16.38
633.89	-18.43
633.94	-20.48
633.98	81.92
634.03	-45.06
634.08	28.67
634.12	10.24
634.17	-28.67
634.21	43.01
634.26	32.77
634.31	96.25
634.35	-34.82
634.40	32.77
634.44	75.77
634.49	-4.10
634.54	-59.39
634.58	24.58
634.63	2.05
634.67	-51.20
634.72	26.62
634.76	106.49
634.81	43.01
634.86	43.01
634.90	-57.34
634.95	-8.19
634.99	-22.53
635.04	-6.14
635.08	34.82
635.13	16.38
635.18	18.43
635.22	-8.19
635.27	-16.38
635.31	49.15
635.36	2.05
635.40	-61.44
635.45	12.29
635.50	-28.67
635.54	26.62
635.59	-2.05
635.63	-22.53
635.68	-26.62
635.72	96.25
635.77	43.01
635.81	36.86
635.86	-36.86
635.91	10.24
635.95	8.19
636.00	-8.19
636.04	16.38
636.09	-14.34
636.13	-40.96
636.18	-90.11
636.22	40.96
636.27	0.00
636.32	-2.05
636.36	-98.30
636.41	30.72
636.45	67.58
636.50	6.14
636.54	-63.49
636.59	4.10
636.63	65.54
636.68	-108.54
636.73	22.53
636.77	206.84
636.82	40.96
636.86	28.67
636.91	-26.62
636.95	-102.40
637.00	47.10
637.04	98.30
637.09	-28.67
637.13	28.67
637.18	-14.34
637.22	65.54
637.27	-77.82
637.31	-32.77
637.36	2.05
637.41	-12.29
637.45	20.48
637.50	4.10
637.54	-75.77
637.59	16.38
637.63	67.58
637.68	-102.40
637.72	63.49
637.77	-65.53
637.81	-36.86
637.86	-6.14
637.90	12.29
637.95	18.43
637.99	34.82
638.04	-108.54
638.08	14.34
638.13	53.25
638.17	-40.96
638.22	18.43
638.26	-75.77
638.31	86.01
638.35	16.38
638.40	57.34
638.45	-51.20
638.49	-30.72
638.54	16.38
638.58	-18.43
638.63	-18.43
638.67	2.05
638.72	-55.30
638.76	-79.87
638.81	-38.91
638.85	-2.05
638.90	-36.86
638.94	12.29
638.99	-4.10
639.03	49.15
639.08	-75.77
639.12	94.21
639.17	34.82
639.21	24.58
639.26	73.73
639.30	28.67
639.35	88.06
639.39	88.06
639.44	2.05
639.48	20.48
639.53	86.01
639.57	6.14
639.62	61.44
639.66	-34.82
639.70	14.34
639.75	-51.20
639.79	-45.06
639.84	-104.45
639.88	67.58
639.93	-47.10
639.97	-20.48
640.02	12.29
640.06	2.05
640.11	-18.43
640.15	67.58
640.20	61.44
640.24	-24.58
640.29	43.01
640.33	-22.53
640.38	92.16
640.42	6.14
640.47	2.05
640.51	-73.73
640.56	-24.58
640.60	-61.44
640.65	-57.34
640.69	-4.10
640.73	-114.69
640.78	-34.82
640.82	73.73
640.87	67.58
640.91	79.87
640.96	77.82
641.00	141.31
641.05	61.44
641.09	30.72
641.14	43.01
641.18	0.00
641.23	112.64
641.27	-63.49
641.32	-94.21
641.36	8.19
641.40	61.44
641.45	8.19
641.49	45.06
641.54	-32.77
641.58	98.30
641.63	30.72
641.67	49.15
641.72	40.96
641.76	102.40
641.80	16.38
641.85	43.01
641.89	-38.91
641.94	36.86
641.98	20.48
642.03	63.49
642.07	-30.72
642.12	-20.48
642.16	-45.06
642.20	59.39
642.25	2.05
642.29	-26.62
642.34	10.24
642.38	51.20
642.43	24.58
642.47	-61.44
642.52	-79.87
642.56	20.48
642.60	-2.05
642.65	32.77
642.69	-79.87
642.74	157.69
642.78	0.00
642.83	-55.30
642.87	88.06
642.91	-47.10
642.96	4.10
643.00	51.20
643.05	6.14
643.09	116.73
643.14	20.48
643.18	40.96
643.22	-28.67
643.27	38.91
643.31	-47.10
643.36	-30.72
643.40	81.92
643.45	-59.39
643.49	24.58
643.53	14.34
643.58	-10.24
643.62	12.29
643.67	6.14
643.71	-71.68
643.75	24.58
643.80	59.39
643.84	51.20
643.89	-12.29
643.93	49.15
643.97	38.91
644.02	53.25
644.06	-40.96
644.11	40.96
644.15	40.96
644.19	32.77
644.24	-86.01
644.28	55.30
644.33	77.82
644.37	-14.34
644.42	-86.01
644.46	-2.05
644.50	-118.78
644.55	-20.48
644.59	51.20
644.63	4.10
644.68	-65.53
644.72	-98.30
644.77	22.53
644.81	49.15
644.85	100.35
644.90	34.82
644.94	38.91
644.99	30.72
645.03	75.77
645.07	-8.19
645.12	14.34
645.16	-18.43
645.21	-20.48
645.25	129.02
645.29	79.87
645.34	49.15
645.38	38.91
645.42	-28.67
645.47	-53.25
645.51	40.96
645.56	34.82
645.60	-16.38
645.64	30.72
645.69	65.54
645.73	26.62
645.77	83.97
645.82	108.54
645.86	-43.01
645.91	90.11
645.95	16.38
645.99	57.34
646.04	-45.06
646.08	-55.30
646.12	47.10
646.17	-53.25
646.21	16.38
646.26	-28.67
646.30	14.34
646.34	-4.10
646.39	36.86
646.43	-45.06
646.47	8.19
646.52	59.39
646.56	36.86
646.60	32.77
646.65	45.06
646.69	63.49
646.73	-6.14
646.78	-12.29
646.82	-22.53
646.87	143.36
646.91	-4.10
646.95	0.00
647.00	-92.16
647.04	-38.91
647.08	-10.24
647.13	51.20
647.17	-45.06
647.21	-47.10
647.26	-51.20
647.30	8.19
647.34	2.05
647.39	-24.58
647.43	63.49
647.47	38.91
647.52	-18.43
647.56	-45.06
647.60	53.25
647.65	-38.91
647.69	-34.82
647.73	-53.25
647.78	43.01
647.82	-22.53
647.86	43.01
647.91	-34.82
647.95	-14.34
647.99	0.00
648.04	-28.67
648.08	55.30
648.12	-10.24
648.17	-28.67
648.21	79.87
648.25	-55.30
648.30	75.77
648.34	-40.96
648.38	-40.96
648.43	2.05
648.47	61.44
648.51	-51.20
648.56	-28.67
648.60	34.82
648.64	-36.86
648.69	0.00
648.73	71.68
648.77	20.48
648.82	-24.58
648.86	14.34
648.90	-40.96
648.95	-65.53
648.99	47.10
649.03	53.25
649.07	8.19
649.12	69.63
649.16	36.86
649.20	2.05
649.25	-86.01
649.29	75.77
649.33	83.97
649.38	-36.86
649.42	0.00
649.46	32.77
649.51	-94.21
649.55	43.01
649.59	-30.72
649.63	69.63
649.68	118.78
649.72	-53.25
649.76	-10.24
649.81	92.16
649.85	18.43
649.89	55.30
649.93	49.15
649.98	-94.21
650.02	106.49
650.06	14.34
650.11	24.58
650.15	79.87
650.19	-45.06
650.24	55.30
650.28	63.49
650.32	22.53
650.36	38.91
650.41	-20.48
650.45	10.24
650.49	43.01
650.54	22.53
650.58	-92.16
650.62	-24.58
650.66	-43.01
650.71	-53.25
650.75	-12.29
650.79	49.15
650.83	12.29
650.88	-59.39
650.92	-32.77
650.96	-38.91
651.01	-14.34
651.05	-51.20
651.09	-43.01
651.13	-59.39
651.18	0.00
651.22	-4.10
651.26	-51.20
651.30	34.82
651.35	-79.87
651.39	-28.67
651.43	100.35
651.48	10.24
651.52	36.86
651.56	24.58
651.60	-135.17
651.65	0.00
651.69	-16.38
651.73	102.40
651.77	-147.45
651.82	69.63
651.86	47.10
651.90	-30.72
651.94	-81.92
651.99	-43.01
652.03	-53.25
652.07	32.77
652.11	2.05
652.16	12.29
652.20	-122.88
652.24	-18.43
652.28	8.19
652.33	14.34
652.37	16.38
652.41	34.82
652.45	61.44
652.50	30.72
652.54	-43.01
652.58	2.05
652.62	-24.58
652.67	-92.16
652.71	126.97
652.75	24.58
652.79	-43.01
652.84	40.96
652.88	59.39
652.92	16.38
652.96	73.73
653.00	10.24
653.05	38.91
653.09	-18.43
653.13	-51.20
653.17	32.77
653.22	16.38
653.26	47.10
653.30	-18.43
653.34	-96.25
653.39	4.10
653.43	-67.58
653.47	32.77
653.51	18.43
653.55	-57.34
653.60	61.44
653.64	-14.34
653.68	-14.34
653.72	-92.16
653.77	22.53
653.81	-18.43
653.85	-24.58
653.89	-26.62
653.93	43.01
653.98	-28.67
654.02	71.68
654.06	-55.30
654.10	-12.29
654.14	79.87
654.19	53.25
654.23	-147.45
654.27	-57.34
654.31	-36.86
654.35	57.34
654.40	83.97
654.44	34.82
654.48	-10.24
654.52	-12.29
654.57	59.39
654.61	-10.24
654.65	8.19
654.69	2.05
654.73	22.53
654.78	-18.43
654.82	-4.10
654.86	20.48
654.90	-26.62
654.94	55.30
654.98	71.68
655.03	26.62
655.07	108.54
655.11	12.29
655.15	102.40
655.19	-22.53
655.24	16.38
655.28	106.49
655.32	-71.68
655.36	-6.14
655.40	-20.48
655.45	2.05
655.49	79.87
655.53	43.01
655.57	-55.30
655.61	-65.53
655.65	2.05
655.70	45.06
655.74	-2.05
655.78	-63.49
655.82	-55.30
655.86	-47.10
655.91	92.16
655.95	-57.34
655.99	-86.01
656.03	65.53
656.07	-40.96
656.11	40.96
656.16	53.25
656.20	2.05
656.24	-28.67
656.28	-22.53
656.32	34.82
656.36	34.82
656.41	36.86
656.45	6.14
656.49	-24.58
656.53	-55.30
656.57	-10.24
656.61	-30.72
656.66	-43.01
656.70	0.00
656.74	-67.58
656.78	-75.77
656.82	-32.77
656.86	53.25
656.91	-51.20
656.95	102.40
656.99	-14.34
657.03	-20.48
657.07	92.16
657.11	-63.49
657.15	-71.68
657.20	18.43
657.24	-22.53
657.28	8.19
657.32	-8.19
657.36	-36.86
657.40	-67.58
657.44	-110.59
657.49	-28.67
657.53	47.10
657.57	-2.05
657.61	40.96
657.65	22.53
657.69	-59.39
657.73	34.82
657.78	-81.92
657.82	8.19
657.86	65.54
657.90	73.73
657.94	-34.82
657.98	-65.54
658.02	43.01
658.07	94.21
658.11	-26.62
658.15	45.06
658.19	49.15
658.23	53.25
658.27	-6.14
658.31	-75.77
658.35	-40.96
658.40	4.10
658.44	61.44
658.48	-20.48
658.52	-43.01
658.56	2.05
658.60	-43.01
658.64	-22.53
658.68	47.10
658.73	20.48
658.77	-8.19
658.81	-28.67
658.85	-6.14
658.89	59.39
658.93	-43.01
658.97	30.72
659.01	57.34
659.06	-8.19
659.10	172.03
659.14	-24.58
659.18	28.67
659.22	-34.82
659.26	-4.10
659.30	-22.53
659.34	-28.67
659.38	6.14
659.42	4.10
659.47	40.96
659.51	-6.14
659.55	-24.58
659.59	106.49
659.63	14.34
659.67	57.34
659.71	-59.39
659.75	6.14
659.79	14.34
659.83	22.53
659.88	12.29
659.92	-45.06
659.96	-28.67
660.00	-94.21
660.04	120.83
660.08	-24.58
660.12	20.48
660.16	32.77
660.20	-55.30
660.24	-67.58
660.28	-20.48
660.33	-34.82
660.37	-2.05
660.41	-86.01
660.45	-55.30
660.49	75.77
660.53	110.59
660.57	-67.58
660.61	-36.86
660.65	77.82
660.69	-83.97
660.73	86.01
660.77	131.07
660.82	8.19
660.86	114.69
660.90	-6.14
660.94	-55.30
660.98	38.91
661.02	49.15
661.06	-49.15
661.10	94.21
661.14	83.97
661.18	71.68
661.22	77.82
661.26	-55.30
661.30	40.96
661.34	57.34
661.39	-75.77
661.43	0.00
661.47	-12.29
661.51	-59.39
661.55	28.67
661.59	36.86
661.63	-36.86
661.67	-59.39
661.71	98.30
661.75	116.73
661.79	8.19
661.83	61.44
661.87	-2.05
661.91	-30.72
661.95	26.62
661.99	67.58
662.03	-8.19
662.08	10.24
662.12	-34.82
662.16	28.67
662.20	-10.24
662.24	-96.25
662.28	57.34
662.32	32.77
662.36	-6.14
662.40	-77.82
662.44	-67.58
662.48	34.82
662.52	-86.01
662.56	-8.19
662.60	20.48
662.64	-22.53
662.68	-32.77
662.72	-30.72
662.76	-100.35
662.80	26.62
662.84	100.35
662.88	4.10
662.92	53.25
662.96	-4.10
663.00	26.62
663.04	-8.19
663.09	67.58
663.13	57.34
663.17	55.30
663.21	10.24
663.25	75.77
663.29	-40.96
663.33	49.15
663.37	59.39
663.41	-26.62
663.45	-18.43
663.49	4.10
663.53	-43.01
663.57	-6.14
663.61	-4.10
663.65	38.91
663.69	-40.96
663.73	8.19
663.77	88.06
663.81	32.77
663.85	-14.34
663.89	-43.01
663.93	-57.34
663.97	32.77
664.01	-110.59
664.05	61.44
664.09	-36.86
664.13	104.45
664.17	8.19
664.21	-32.77
664.25	20.48
664.29	-22.53
664.33	-24.58
664.37	0.00
664.41	-53.25
664.45	-61.44
664.49	49.15
664.53	40.96
664.57	-47.10
664.61	-30.72
664.65	67.58
664.69	34.82
664.73	14.34
664.77	4.10
664.81	-63.49
664.85	63.49
664.89	10.24
664.93	4.10
664.97	2.05
665.01	-98.30
665.05	24.58
665.09	51.20
665.13	67.58
665.17	-69.63
665.21	-47.10
665.25	-40.96
665.29	-73.73
665.33	38.91
665.37	-14.34
665.41	36.86
665.45	40.96
665.49	-8.19
665.53	2.05
665.57	-53.25
665.61	34.82
665.65	55.30
665.69	38.91
665.73	-71.68
665.77	77.82
665.81	14.34
665.85	-30.72
665.89	-6.14
665.92	47.10
665.96	-45.06
666.00	63.49
666.04	-71.68
666.08	-2.05
666.12	-51.20
666.16	83.97
666.20	-2.05
666.24	10.24
666.28	49.15
666.32	-14.34
666.36	4.10
666.40	45.06
666.44	-8.19
666.48	-51.20
666.52	104.45
666.56	-32.77
666.60	45.06
666.64	-28.67
666.68	69.63
666.72	40.96
666.76	-20.48
666.80	-12.29
666.84	65.53
666.88	-86.01
666.91	-90.11
666.95	12.29
666.99	-47.10
667.03	6.14
667.07	-2.05
667.11	30.72
667.15	-75.77
667.19	-24.58
667.23	-8.19
667.27	59.39
667.31	20.48
667.35	-26.62
667.39	47.10
667.43	-69.63
667.47	-100.35
667.51	-18.43
667.55	-22.53
667.58	73.73
667.62	-34.82
667.66	-2.05
667.70	88.06
667.74	20.48
667.78	-10.24
667.82	-36.86
667.86	10.24
667.90	-57.34
667.94	45.06
667.98	30.72
668.02	75.77
668.06	0.00
668.10	57.34
668.13	55.30
668.17	0.00
668.21	40.96
668.25	90.11
668.29	71.68
668.33	106.49
668.37	124.93
668.41	43.01
668.45	-2.05
668.49	63.49
668.53	59.39
668.57	55.30
668.60	43.01
668.64	-65.54
668.68	26.62
668.72	71.68
668.76	51.20
668.80	14.34
668.84	-10.24
668.88	49.15
668.92	45.06
668.96	47.10
669.00	24.58
669.03	-4.10
669.07	63.49
669.11	-2.05
669.15	-20.48
669.19	26.62
669.23	55.30
669.27	40.96
669.31	-32.77
669.35	-81.92
669.39	-12.29
669.42	-57.34
669.46	-53.25
669.50	51.20
669.54	79.87
669.58	-49.15
669.62	26.62
669.66	-36.86
669.70	-32.77
669.74	-14.34
669.78	-24.58
669.81	-16.38
669.85	36.86
669.89	36.86
669.93	38.91
669.97	-8.19
670.01	0.00
670.05	12.29
670.09	-4.10
670.12	-57.34
670.16	94.21
670.20	-32.77
670.24	43.01
670.28	-100.35
670.32	108.54
670.36	40.96
670.40	-49.15
670.43	2.05
670.47	-22.53
670.51	16.38
670.55	0.00
670.59	24.58
670.63	61.44
670.67	65.53
670.71	30.72
670.74	-53.25
670.78	47.10
670.82	2.05
670.86	-16.38
670.90	-26.62
670.94	-57.34
670.98	86.01
671.01	45.06
671.05	-4.10
671.09	73.73
671.13	-16.38
671.17	120.83
671.21	69.63
671.25	71.68
671.28	22.53
671.32	-26.62
671.36	24.58
671.40	-30.72
671.44	10.24
671.48	-49.15
671.52	83.97
671.55	24.58
671.59	38.91
671.63	-120.83
671.67	86.01
671.71	0.00
671.75	-45.06
671.79	-6.14
671.82	69.63
671.86	-16.38
671.90	55.30
671.94	137.21
