-2184.52	22.53
-2181.51	22.53
-2178.50	22.53
-2175.49	67.58
-2172.49	-8.19
-2169.48	284.67
-2166.48	110.59
-2163.48	75.77
-2160.47	229.37
-2157.47	102.40
-2154.47	69.63
-2151.48	151.55
-2148.48	147.45
-2145.49	139.26
-2142.49	10.24
-2139.50	8.19
-2136.51	81.92
-2133.52	55.30
-2130.53	212.99
-2127.54	548.86
-2124.55	559.10
-2121.57	536.57
-2118.58	464.89
-2115.60	571.38
-2112.62	614.39
-2109.64	643.06
-2106.66	573.43
-2103.68	460.79
-2100.70	575.48
-2097.73	534.52
-2094.75	507.90
-2091.78	509.94
-2088.81	524.28
-2085.83	638.97
-2082.86	524.28
-2079.90	497.66
-2076.93	587.77
-2073.96	518.14
-2071.00	620.53
-2068.03	581.62
-2065.07	565.24
-2062.11	462.84
-2059.15	505.85
-2056.19	520.18
-2053.23	477.18
-2050.27	628.73
-2047.32	528.38
-2044.36	546.81
-2041.41	598.01
-2038.46	567.29
-2035.51	436.22
-2032.56	618.49
-2029.61	477.18
-2026.66	446.46
-2023.72	591.86
-2020.77	544.76
-2017.83	434.17
-2014.88	604.15
-2011.94	421.88
-2009.00	608.25
-2006.06	507.90
-2003.13	524.28
-2000.19	497.66
-1997.25	659.45
-1994.32	444.41
-1991.39	636.92
-1988.45	528.38
-1985.52	530.42
-1982.59	626.68
-1979.67	438.27
-1976.74	544.76
-1973.81	389.11
-1970.89	600.05
-1967.96	552.95
-1965.04	538.62
-1962.12	614.39
-1959.20	630.77
-1956.28	638.97
-1953.36	471.03
-1950.45	522.23
-1947.53	505.85
-1944.62	438.27
-1941.70	468.98
-1938.79	372.73
-1935.88	598.01
-1932.97	499.70
-1930.06	516.09
-1927.15	565.24
-1924.25	571.38
-1921.34	610.29
-1918.44	608.25
-1915.54	604.15
-1912.63	542.71
-1909.73	436.22
-1906.83	643.06
-1903.94	614.39
-1901.04	514.04
-1898.14	499.70
-1895.25	434.17
-1892.36	569.34
-1889.46	444.41
-1886.57	546.81
-1883.68	536.57
-1880.79	618.49
-1877.91	360.44
-1875.02	436.22
-1872.13	370.68
-1869.25	604.15
-1866.37	393.21
-1863.48	489.46
-1860.60	511.99
-1857.72	634.87
-1854.84	503.80
-1851.97	538.62
-1849.09	421.88
-1846.22	380.92
-1843.34	634.87
-1840.47	495.61
-1837.60	600.05
-1834.73	466.94
-1831.86	499.70
-1828.99	522.23
-1826.12	511.99
-1823.26	641.01
-1820.39	559.10
-1817.53	636.92
-1814.67	442.36
-1811.80	634.87
-1808.94	526.33
-1806.08	432.12
-1803.23	595.96
-1800.37	544.76
-1797.51	428.03
-1794.66	509.94
-1791.81	540.66
-1788.95	587.77
-1786.10	399.35
-1783.25	440.31
-1780.40	317.44
-1777.56	389.11
-1774.71	503.80
-1771.86	520.18
-1769.02	684.02
-1766.18	544.76
-1763.33	536.57
-1760.49	430.07
-1757.65	552.95
-1754.81	604.15
-1751.98	581.62
-1749.14	559.10
-1746.30	620.53
-1743.47	573.43
-1740.64	499.70
-1737.81	428.03
-1734.97	555.00
-1732.14	638.97
-1729.32	432.12
-1726.49	378.87
-1723.66	546.81
-1720.84	534.52
-1718.01	563.19
-1715.19	499.70
-1712.37	536.57
-1709.55	524.28
-1706.73	542.71
-1703.91	464.89
-1701.09	616.44
-1698.27	546.81
-1695.46	509.94
-1692.65	440.31
-1689.83	589.82
-1687.02	573.43
-1684.21	604.15
-1681.40	514.04
-1678.59	499.70
-1675.78	483.32
-1672.98	593.91
-1670.17	612.34
-1667.37	555.00
-1664.56	464.89
-1661.76	385.02
-1658.96	559.10
-1656.16	608.25
-1653.36	552.95
-1650.57	638.97
-1647.77	559.10
-1644.97	661.49
-1642.18	503.80
-1639.39	468.98
-1636.60	518.14
-1633.80	397.31
-1631.01	503.80
-1628.23	464.89
-1625.44	413.69
-1622.65	679.93
-1619.87	540.66
-1617.08	571.38
-1614.30	593.91
-1611.52	360.44
-1608.74	532.47
-1605.96	417.79
-1603.18	647.16
-1600.40	563.19
-1597.62	575.48
-1594.85	561.14
-1592.07	620.53
-1589.30	548.86
-1586.53	542.71
-1583.76	540.66
-1580.99	507.90
-1578.22	468.98
-1575.45	641.01
-1572.68	428.03
-1569.92	315.39
-1567.15	415.74
-1564.39	579.58
-1561.63	579.58
-1558.86	421.88
-1556.10	495.61
-1553.34	716.79
-1550.59	434.17
-1547.83	475.13
-1545.07	520.18
-1542.32	563.19
-1539.56	550.90
-1536.81	571.38
-1534.06	540.66
-1531.31	452.60
-1528.56	487.42
-1525.81	530.42
-1523.06	534.52
-1520.32	559.10
-1517.57	448.51
-1514.83	407.55
-1512.09	489.46
-1509.34	520.18
-1506.60	485.37
-1503.86	370.68
-1501.12	557.05
-1498.39	458.75
-1495.65	483.32
-1492.91	487.42
-1490.18	481.27
-1487.45	460.79
-1484.71	389.11
-1481.98	448.51
-1479.25	428.03
-1476.52	407.55
-1473.80	485.37
-1471.07	419.83
-1468.34	552.95
-1465.62	475.13
-1462.89	485.37
-1460.17	735.22
-1457.45	563.19
-1454.73	561.14
-1452.01	671.73
-1449.29	624.63
-1446.57	485.37
-1443.86	563.19
-1441.14	501.75
-1438.43	454.65
-1435.71	417.79
-1433.00	399.35
-1430.29	458.74
-1427.58	536.57
-1424.87	342.01
-1422.16	466.94
-1419.46	481.27
-1416.75	505.85
-1414.05	364.54
-1411.34	491.51
-1408.64	466.94
-1405.94	428.03
-1403.24	600.05
-1400.54	557.05
-1397.84	542.71
-1395.14	497.66
-1392.45	442.36
-1389.75	579.58
-1387.06	456.70
-1384.36	587.77
-1381.67	516.09
-1378.98	624.63
-1376.29	524.28
-1373.60	419.83
-1370.91	503.80
-1368.23	667.64
-1365.54	604.15
-1362.86	565.24
-1360.17	411.64
-1357.49	534.52
-1354.81	538.62
-1352.13	497.66
-1349.45	499.70
-1346.77	602.10
-1344.09	585.72
-1341.42	477.18
-1338.74	595.96
-1336.07	497.66
-1333.39	430.07
-1330.72	382.97
-1328.05	501.75
-1325.38	507.90
-1322.71	393.21
-1320.04	421.88
-1317.37	499.70
-1314.71	477.18
-1312.04	387.07
-1309.38	604.15
-1306.72	456.70
-1304.05	499.70
-1301.39	540.66
-1298.73	374.78
-1296.08	370.68
-1293.42	462.84
-1290.76	491.51
-1288.10	481.27
-1285.45	587.77
-1282.80	491.51
-1280.14	468.98
-1277.49	518.14
-1274.84	514.04
-1272.19	546.81
-1269.54	376.83
-1266.90	600.05
-1264.25	428.03
-1261.60	497.66
-1258.96	544.76
-1256.32	430.07
-1253.67	575.48
-1251.03	616.44
-1248.39	491.51
-1245.75	471.03
-1243.11	598.01
-1240.48	475.13
-1237.84	524.28
-1235.20	446.46
-1232.57	518.14
-1229.94	481.27
-1227.31	548.86
-1224.67	522.23
-1222.04	436.22
-1219.41	430.07
-1216.79	430.07
-1214.16	684.02
-1211.53	409.59
-1208.91	499.70
-1206.28	374.78
-1203.66	550.90
-1201.04	534.52
-1198.42	419.83
-1195.80	382.97
-1193.18	511.99
-1190.56	462.84
-1187.94	514.04
-1185.33	460.79
-1182.71	407.55
-1180.10	722.93
-1177.49	577.53
-1174.87	505.85
-1172.26	565.24
-1169.65	493.56
-1167.04	411.64
-1164.44	419.83
-1161.83	366.59
-1159.22	401.40
-1156.62	454.65
-1154.01	544.76
-1151.41	591.86
-1148.81	471.03
-1146.21	346.11
-1143.61	491.51
-1141.01	438.27
-1138.41	503.80
-1135.81	458.74
-1133.22	567.29
-1130.62	360.44
-1128.03	327.67
-1125.44	511.99
-1122.84	411.64
-1120.25	532.47
-1117.66	622.58
-1115.07	460.79
-1112.49	507.90
-1109.90	438.27
-1107.31	507.90
-1104.73	735.22
-1102.14	561.14
-1099.56	559.10
-1096.98	444.41
-1094.40	456.70
-1091.82	516.09
-1089.24	534.52
-1086.66	397.31
-1084.08	544.76
-1081.51	518.14
-1078.93	589.82
-1076.36	430.07
-1073.79	479.22
-1071.21	405.50
-1068.64	370.68
-1066.07	391.16
-1063.50	452.60
-1060.93	401.40
-1058.37	546.81
-1055.80	534.52
-1053.24	464.89
-1050.67	503.80
-1048.11	499.70
-1045.55	464.89
-1042.99	550.90
-1040.42	395.26
-1037.87	376.83
-1035.31	497.66
-1032.75	432.12
-1030.19	591.86
-1027.64	423.93
-1025.08	399.35
-1022.53	323.58
-1019.98	577.53
-1017.43	436.22
-1014.88	389.11
-1012.33	460.79
-1009.78	495.61
-1007.23	471.03
-1004.68	638.97
-1002.14	382.97
-999.59	421.88
-997.05	530.42
-994.51	419.83
-991.96	464.89
-989.42	458.75
-986.88	432.12
-984.34	393.21
-981.81	331.77
-979.27	464.89
-976.73	552.95
-974.20	346.11
-971.66	600.05
-969.13	411.64
-966.60	477.18
-964.07	473.08
-961.54	530.42
-959.01	423.93
-956.48	528.38
-953.95	354.30
-951.43	372.73
-948.90	464.89
-946.38	454.65
-943.85	477.18
-941.33	505.85
-938.81	604.15
-936.29	540.66
-933.77	432.12
-931.25	483.32
-928.73	387.07
-926.22	460.79
-923.70	501.75
-921.19	522.23
-918.67	358.39
-916.16	362.49
-913.65	616.44
-911.14	532.47
-908.63	380.92
-906.12	466.94
-903.61	589.82
-901.10	436.22
-898.59	450.55
-896.09	446.46
-893.59	411.64
-891.08	481.27
-888.58	514.04
-886.08	516.09
-883.58	372.73
-881.08	430.07
-878.58	440.31
-876.08	565.24
-873.58	522.23
-871.09	491.51
-868.59	657.40
-866.10	342.01
-863.61	303.10
-861.12	503.80
-858.62	415.74
-856.13	581.62
-853.64	450.55
-851.16	503.80
-848.67	393.21
-846.18	397.31
-843.70	444.41
-841.21	329.72
-838.73	421.88
-836.25	450.55
-833.77	493.56
-831.28	462.84
-828.81	569.34
-826.33	452.60
-823.85	532.47
-821.37	616.44
-818.90	516.09
-816.42	442.36
-813.95	561.14
-811.47	501.75
-809.00	389.11
-806.53	483.32
-804.06	507.90
-801.59	411.64
-799.12	538.62
-796.65	647.16
-794.19	643.06
-791.72	636.92
-789.26	561.14
-786.79	444.41
-784.33	477.18
-781.87	407.55
-779.41	370.68
-776.95	405.50
-774.49	507.90
-772.03	569.34
-769.57	434.17
-767.12	387.07
-764.66	589.82
-762.21	552.95
-759.75	464.89
-757.30	448.51
-754.85	378.87
-752.40	536.57
-749.95	460.79
-747.50	466.94
-745.05	647.16
-742.60	434.17
-740.16	544.76
-737.71	364.54
-735.27	555.00
-732.82	294.91
-730.38	606.20
-727.94	350.20
-725.50	505.85
-723.06	387.07
-720.62	526.33
-718.18	448.51
-715.74	442.36
-713.31	540.66
-710.87	468.98
-708.44	516.09
-706.01	481.27
-703.57	516.09
-701.14	401.40
-698.71	499.70
-696.28	514.04
-693.85	499.70
-691.42	524.28
-689.00	509.94
-686.57	563.19
-684.15	454.65
-681.72	497.66
-679.30	491.51
-676.88	501.75
-674.45	448.51
-672.03	473.08
-669.61	440.31
-667.20	514.04
-664.78	428.03
-662.36	532.47
-659.94	428.03
-657.53	403.45
-655.12	395.26
-652.70	442.36
-650.29	489.46
-647.88	536.57
-645.47	528.38
-643.06	454.65
-640.65	450.55
-638.24	626.68
-635.83	462.84
-633.43	548.86
-631.02	536.57
-628.62	569.34
-626.22	335.87
-623.81	606.20
-621.41	518.14
-619.01	393.21
-616.61	505.85
-614.21	428.03
-611.81	491.51
-609.42	544.76
-607.02	565.24
-604.63	552.95
-602.23	428.03
-599.84	495.61
-597.45	448.51
-595.05	604.15
-592.66	641.01
-590.27	632.82
-587.88	548.86
-585.50	491.51
-583.11	409.59
-580.72	456.70
-578.34	421.88
-575.95	497.66
-573.57	532.47
-571.19	573.43
-568.80	432.12
-566.42	536.57
-564.04	681.97
-561.66	378.87
-559.29	411.64
-556.91	505.85
-554.53	542.71
-552.16	718.84
-549.78	665.59
-547.41	487.42
-545.03	591.86
-542.66	440.31
-540.29	628.73
-537.92	479.22
-535.55	528.38
-533.18	688.12
-530.81	583.67
-528.45	561.14
-526.08	569.34
-523.72	641.01
-521.35	593.91
-518.99	684.02
-516.63	530.42
-514.27	638.97
-511.90	610.29
-509.54	638.97
-507.19	819.19
-504.83	868.34
-502.47	808.95
-500.11	882.67
-497.76	999.41
-495.40	1292.27
-493.05	1861.60
-490.70	2113.50
-488.35	2838.48
-486.00	3622.86
-483.65	4233.15
-481.30	4902.84
-478.95	5453.74
-476.60	5593.00
-474.25	6180.77
-471.91	5588.91
-469.56	5420.97
-467.22	5027.76
-464.88	4634.55
-462.53	4257.73
-460.19	3993.54
-457.85	3563.47
-455.51	3127.25
-453.17	2881.49
-450.84	2537.43
-448.50	2207.71
-446.16	2095.07
-443.83	2021.35
-441.49	2045.92
-439.16	1929.19
-436.83	2002.91
-434.50	1742.82
-432.16	1925.09
-429.83	1849.32
-427.50	1888.23
-425.18	1632.23
-422.85	1800.16
-420.52	1351.66
-418.20	1472.49
-415.87	1167.34
-413.55	1265.64
-411.22	1161.20
-408.90	1040.37
-406.58	929.78
-404.26	935.92
-401.94	954.35
-399.62	739.32
-397.30	692.21
-394.99	729.08
-392.67	591.86
-390.35	567.29
-388.04	638.97
-385.73	706.55
-383.41	737.27
-381.10	671.73
-378.79	643.06
-376.48	456.70
-374.17	587.77
-371.86	749.56
-369.55	643.06
-367.25	831.48
-364.94	679.93
-362.64	632.82
-360.33	567.29
-358.03	624.63
-355.73	575.48
-353.42	684.02
-351.12	593.91
-348.82	632.82
-346.52	563.19
-344.23	702.45
-341.93	647.16
-339.63	571.38
-337.34	743.41
-335.04	550.90
-332.75	503.80
-330.45	702.45
-328.16	518.14
-325.87	548.86
-323.58	507.90
-321.29	595.96
-319.00	434.17
-316.71	425.98
-314.42	526.33
-312.14	430.07
-309.85	352.25
-307.57	567.29
-305.28	520.18
-303.00	491.51
-300.72	372.73
-298.44	466.94
-296.16	561.14
-293.88	456.70
-291.60	565.24
-289.32	552.95
-287.04	598.01
-284.77	434.17
-282.49	305.15
-280.22	450.55
-277.94	479.22
-275.67	288.76
-273.40	475.13
-271.13	325.63
-268.85	339.96
-266.59	428.03
-264.32	391.16
-262.05	485.37
-259.78	391.16
-257.51	395.26
-255.25	405.50
-252.98	423.93
-250.72	456.70
-248.46	477.18
-246.20	393.21
-243.93	516.09
-241.67	468.98
-239.41	374.78
-237.16	507.90
-234.90	305.15
-232.64	305.15
-230.38	335.87
-228.13	481.27
-225.87	303.10
-223.62	559.10
-221.37	448.51
-219.11	374.78
-216.86	368.63
-214.61	432.12
-212.36	460.79
-210.11	397.31
-207.87	428.03
-205.62	462.84
-203.37	460.79
-201.13	530.42
-198.88	319.48
-196.64	661.49
-194.39	421.88
-192.15	462.84
-189.91	468.98
-187.67	393.21
-185.43	557.05
-183.19	391.16
-180.95	411.64
-178.72	397.31
-176.48	464.89
-174.24	399.35
-172.01	489.46
-169.77	548.86
-167.54	440.31
-165.31	253.95
-163.08	296.96
-160.85	364.54
-158.62	393.21
-156.39	348.15
-154.16	477.18
-151.93	315.39
-149.70	430.07
-147.48	417.79
-145.25	350.20
-143.03	354.30
-140.81	389.11
-138.58	544.76
-136.36	555.00
-134.14	497.66
-131.92	417.79
-129.70	479.22
-127.48	403.45
-125.26	360.44
-123.05	331.77
-120.83	411.64
-118.62	305.15
-116.40	421.88
-114.19	567.29
-111.97	376.83
-109.76	350.20
-107.55	573.43
-105.34	493.56
-103.13	471.03
-100.92	499.70
-98.71	493.56
-96.51	524.28
-94.30	442.36
-92.09	391.16
-89.89	573.43
-87.69	333.82
-85.48	530.42
-83.28	313.34
-81.08	403.45
-78.88	522.23
-76.68	526.33
-74.48	460.79
-72.28	358.39
-70.08	409.59
-67.88	557.05
-65.69	350.20
-63.49	399.35
-61.30	450.55
-59.11	434.17
-56.91	546.81
-54.72	321.53
-52.53	499.70
-50.34	419.83
-48.15	366.59
-45.96	419.83
-43.77	399.35
-41.59	516.09
-39.40	372.73
-37.21	448.51
-35.03	356.35
-32.84	499.70
-30.66	430.07
-28.48	342.01
-26.30	610.29
-24.12	610.29
-21.94	704.50
-19.76	790.52
-17.58	1400.81
-15.40	2254.81
-13.22	4186.05
-11.05	6422.43
-8.87	8413.06
-6.70	8982.39
-4.52	10180.45
-2.35	10600.29
-0.18	10348.39
1.99	9564.01
4.16	8630.14
6.33	7229.33
8.50	5836.71
10.67	4777.91
12.84	4110.27
15.00	3948.48
17.17	3526.60
19.33	2840.53
21.50	2045.92
23.66	1619.94
25.83	1288.17
27.99	1071.09
30.15	667.64
32.31	624.63
34.47	632.82
36.63	468.98
38.79	567.29
40.94	346.11
43.10	735.22
45.25	540.66
47.41	425.98
49.56	376.83
51.72	481.27
53.87	557.05
56.02	608.25
58.17	415.74
60.32	495.61
62.47	473.08
64.62	499.70
66.77	393.21
68.92	423.93
71.06	475.13
73.21	405.50
75.35	296.96
77.50	311.29
79.64	638.97
81.78	448.51
83.92	430.07
86.06	544.76
88.20	360.44
90.34	329.72
92.48	444.41
94.62	524.28
96.76	516.09
98.89	550.90
101.03	555.00
103.16	432.12
105.30	522.23
107.43	530.42
109.56	417.79
111.69	581.62
113.82	387.07
115.95	522.23
118.08	446.46
120.21	395.26
122.34	434.17
124.47	421.88
126.59	464.89
128.72	315.39
130.84	520.18
132.97	579.58
135.09	415.74
137.21	454.65
139.33	446.46
141.45	499.70
143.57	456.70
145.69	473.08
147.81	364.54
149.93	538.62
152.05	528.38
154.16	598.01
156.28	335.87
158.39	464.89
160.51	544.76
162.62	536.57
164.73	526.33
166.85	514.04
168.96	415.74
171.07	493.56
173.18	501.75
175.28	458.74
177.39	421.88
179.50	352.25
181.61	432.12
183.71	456.70
185.82	411.64
187.92	352.25
190.02	430.07
192.13	690.17
194.23	641.01
196.33	505.85
198.43	462.84
200.53	458.75
202.63	522.23
204.72	497.66
206.82	466.94
208.92	614.39
211.01	401.40
213.11	530.42
215.20	483.32
217.30	577.53
219.39	653.30
221.48	522.23
223.57	585.72
225.66	647.16
227.75	577.53
229.84	532.47
231.93	643.06
234.02	712.69
236.10	608.25
238.19	913.39
240.28	763.89
242.36	829.43
244.44	1038.32
246.53	985.07
248.61	987.12
250.69	1007.60
252.77	1007.60
254.85	925.68
256.93	1032.18
259.01	1042.42
261.09	958.45
263.16	1107.95
265.24	1079.28
267.32	1218.54
269.39	1167.34
271.46	1296.36
273.54	1433.58
275.61	1392.62
277.68	1374.19
279.75	1576.94
281.82	1486.83
283.89	1535.98
285.96	1634.28
288.03	1576.94
290.10	1533.93
292.16	1718.25
294.23	1726.44
296.29	1673.19
298.36	1701.86
300.42	1796.07
302.49	1728.49
304.55	1789.92
306.61	1583.08
308.67	1509.35
310.73	1560.55
312.79	1673.19
314.85	1595.37
316.90	1746.92
318.96	1449.96
321.02	1662.95
323.07	1576.94
325.13	1538.02
327.18	1417.19
329.24	1417.19
331.29	1394.67
333.34	1343.47
335.39	1359.85
337.44	1503.21
339.49	1245.16
341.54	1275.88
343.59	1247.21
345.64	1208.30
347.68	1214.45
349.73	1322.99
351.77	1363.95
353.82	1325.04
355.86	1454.06
357.90	1417.19
359.95	1441.77
361.99	1378.28
364.03	1458.15
366.07	1593.32
368.11	1587.18
370.15	1644.52
372.19	1615.85
374.22	1599.46
376.26	1757.16
378.29	1538.02
380.33	1679.33
382.36	1765.35
384.40	1783.78
386.43	2197.47
388.46	2056.16
390.49	2019.30
392.52	2201.57
394.55	2234.33
396.58	2365.40
398.61	2326.49
400.64	2453.47
402.67	2818.00
404.69	2869.20
406.72	3145.68
408.74	2947.03
410.77	3512.27
412.79	3866.56
414.81	4392.89
416.84	5087.15
418.86	5588.91
420.88	6285.22
422.90	7186.32
424.92	8261.51
426.94	8834.94
428.95	9738.09
430.97	10407.78
432.99	10551.13
435.00	10442.59
437.02	10438.50
439.03	9940.84
441.04	9181.04
443.06	8761.21
445.07	7843.72
447.08	7602.06
449.09	7411.60
451.10	7985.03
453.11	8890.23
455.12	11575.12
457.13	14956.32
459.13	20149.96
461.14	27577.95
463.14	34973.16
465.15	40598.93
467.15	46648.63
469.16	49450.25
471.16	51426.54
473.16	50957.56
475.16	48127.27
477.16	43867.49
479.16	38854.06
481.16	33078.79
483.16	27854.42
485.16	22417.07
487.15	18990.81
489.15	15243.03
491.15	12492.61
493.14	9744.24
495.14	7702.41
497.13	5955.49
499.12	4962.23
501.11	4083.65
503.11	3293.13
505.10	2924.50
507.09	2529.24
509.07	2394.08
511.06	2142.18
513.05	2029.54
515.04	1974.24
517.02	1906.66
519.01	1843.17
521.00	1802.21
522.98	1839.08
524.96	1644.52
526.95	1812.45
528.93	1576.94
530.91	1593.32
532.89	1460.20
534.87	1519.59
536.85	1513.45
538.83	1357.80
540.81	1607.66
542.78	1372.14
544.76	1538.02
546.74	1411.05
548.71	1236.97
550.69	1427.43
552.66	1376.23
554.63	1331.18
556.60	1431.53
558.58	1353.71
560.55	1380.33
562.52	1341.42
564.49	1134.57
566.46	1368.04
568.42	1210.35
570.39	1181.68
572.36	1116.14
574.32	1066.99
576.29	1097.71
578.25	1073.14
580.22	1064.94
582.18	1064.94
584.14	1200.11
586.11	1064.94
588.07	1071.09
590.03	1026.03
591.99	1058.80
593.95	1019.89
595.90	1173.49
597.86	1032.18
599.82	1062.90
601.78	1089.52
603.73	1085.42
605.69	1030.13
607.64	993.26
609.59	1032.18
611.55	1083.38
613.50	1218.54
615.45	927.73
617.40	1378.28
619.35	1243.12
621.30	1220.59
623.25	1273.84
625.20	1214.45
627.15	1085.42
629.09	1273.84
631.04	1040.37
632.98	1159.15
634.93	1005.55
636.87	1210.35
638.82	1273.84
640.76	1146.86
642.70	1161.20
644.64	1257.45
646.58	1146.86
648.52	1288.17
650.46	1085.42
652.40	1132.53
654.34	1036.27
656.27	1077.23
658.21	1009.65
660.15	1107.95
662.08	1089.52
664.02	1140.72
665.95	1210.35
667.88	1046.51
669.82	1095.66
671.75	1267.69
673.68	1091.57
675.61	1163.25
677.54	1075.18
679.47	1218.54
681.40	1134.57
683.32	1040.37
685.25	1296.36
687.18	1177.58
689.10	1167.34
691.03	1126.38
692.95	1066.99
694.87	1042.42
696.80	1089.52
698.72	1243.12
700.64	1054.70
702.56	1089.52
704.48	1091.57
706.40	927.73
708.32	1046.51
710.24	1116.14
712.16	1103.86
714.07	1071.09
715.99	1167.34
717.90	1138.67
719.82	1021.94
721.73	1144.81
723.65	1013.74
725.56	1071.09
727.47	1075.18
729.38	1009.65
731.29	1013.74
733.20	1091.57
735.11	1052.66
737.02	1001.46
738.93	874.48
740.84	958.45
742.74	1032.18
744.65	1081.33
746.55	1167.34
748.46	1060.85
750.36	1079.28
752.27	1032.18
754.17	1081.33
756.07	1171.44
757.97	1089.52
759.87	989.17
761.77	1105.90
763.67	1079.28
765.57	968.69
767.47	1146.86
769.37	964.59
771.26	1210.35
773.16	1007.60
775.06	1060.85
776.95	1144.81
778.84	1030.13
780.74	962.55
782.63	1177.58
784.52	1110.00
786.41	1222.64
788.30	1267.69
790.19	1071.09
792.08	1140.72
793.97	1169.39
795.86	1191.92
797.75	1331.18
799.63	1245.16
801.52	1322.99
803.41	1404.91
805.29	1284.08
807.18	1279.98
809.06	1452.01
810.94	1558.50
812.82	1646.57
814.70	1517.54
816.59	1646.57
818.47	1607.66
820.35	1763.30
822.22	1613.80
824.10	1824.74
825.98	1701.86
827.86	1667.05
829.73	1656.81
831.61	1544.17
833.48	1587.18
835.36	1632.23
837.23	1603.56
839.10	1589.22
840.98	1595.37
842.85	1628.14
844.72	1648.61
846.59	1583.08
848.46	1888.23
850.33	1845.22
852.20	1794.02
854.06	2148.32
855.93	1957.86
857.80	1945.57
859.66	2047.97
861.53	2052.06
863.39	2088.93
865.26	1974.24
867.12	2238.43
868.98	2265.05
870.84	2086.88
872.71	2131.94
874.57	2052.06
876.43	2131.94
878.29	1900.51
880.14	1982.43
882.00	1886.18
883.86	1947.62
885.72	1662.95
887.57	1581.03
889.43	1519.59
891.28	1507.30
893.14	1644.52
894.99	1558.50
896.84	1531.88
898.69	1443.82
900.55	1472.49
902.40	1499.11
904.25	1304.56
906.10	1288.17
907.95	1261.55
909.79	1308.65
911.64	1286.12
913.49	1228.78
915.34	1290.22
917.18	1204.21
919.03	1284.08
920.87	1236.97
922.71	1236.97
924.56	1290.22
926.40	1372.14
928.24	1265.64
930.08	1212.40
931.92	1351.66
933.76	1466.35
935.60	1404.91
937.44	1325.04
939.28	1378.28
941.12	1277.93
942.95	1286.12
944.79	1318.89
946.62	1353.71
948.46	1148.91
950.29	1175.53
952.13	1202.16
953.96	1279.98
955.79	1153.01
957.62	1064.94
959.46	1132.53
961.29	993.26
963.12	1224.69
964.94	1038.32
966.77	1167.34
968.60	1130.48
970.43	1222.64
972.25	1236.97
974.08	1148.91
975.91	1130.48
977.73	1206.25
979.55	1243.12
981.38	1077.23
983.20	1261.55
985.02	1114.10
986.84	1054.70
988.66	1087.47
990.49	1103.86
992.30	1208.30
994.12	1179.63
995.94	1200.11
997.76	1163.25
999.58	1097.71
1001.39	1091.57
1003.21	1126.38
1005.02	1101.81
1006.84	1099.76
1008.65	1142.77
1010.47	1196.01
1012.28	1075.18
1014.09	1101.81
1015.90	1253.36
1017.71	1071.09
1019.52	1261.55
1021.33	888.82
1023.14	1071.09
1024.95	1056.75
1026.76	1153.01
1028.56	1056.75
1030.37	1130.48
1032.18	1040.37
1033.98	1095.66
1035.79	1003.50
1037.59	1054.70
1039.39	1103.86
1041.20	1302.51
1043.00	1077.23
1044.80	1009.65
1046.60	1122.29
1048.40	1171.44
1050.20	1069.04
1052.00	1093.62
1053.80	1157.10
1055.59	933.87
1057.39	1013.74
1059.19	1116.14
1060.98	1081.33
1062.78	1210.35
1064.57	1015.79
1066.37	1251.31
1068.16	1001.46
1069.95	1056.75
1071.75	1032.18
1073.54	995.31
1075.33	964.59
1077.12	1044.46
1078.91	1052.66
1080.70	1159.15
1082.48	1021.94
1084.27	1134.57
1086.06	1071.09
1087.85	1095.66
1089.63	1069.04
1091.42	1179.63
1093.20	1130.48
1094.99	987.12
1096.77	1214.45
1098.55	1128.43
1100.33	1075.18
1102.12	1361.90
1103.90	1179.63
1105.68	1138.67
1107.46	1241.07
1109.24	1077.23
1111.01	1075.18
1112.79	1198.06
1114.57	1087.47
1116.35	1120.24
1118.12	1028.08
1119.90	1169.39
1121.67	1081.33
1123.45	1202.16
1125.22	1167.34
1126.99	1157.10
1128.77	1157.10
1130.54	1017.84
1132.31	1036.27
1134.08	1155.05
1135.85	1204.21
1137.62	1075.18
1139.39	1071.09
1141.15	1255.40
1142.92	1279.98
1144.69	1077.23
1146.46	1130.48
1148.22	1105.90
1149.99	1261.55
1151.75	1091.57
1153.51	993.26
1155.28	1110.00
1157.04	1130.48
1158.80	1294.32
1160.56	1208.30
1162.32	1249.26
1164.08	1028.08
1165.84	1095.66
1167.60	1085.42
1169.36	1128.43
1171.12	960.50
1172.88	1177.58
1174.63	1066.99
1176.39	1232.88
1178.14	1234.93
1179.90	1187.82
1181.65	1265.64
1183.41	1232.88
1185.16	1073.14
1186.91	1118.19
1188.66	1142.77
1190.41	1116.14
1192.16	1040.37
1193.91	1056.75
1195.66	1085.42
1197.41	1048.56
1199.16	1155.05
1200.91	1136.62
1202.66	1255.40
1204.40	1179.63
1206.15	976.88
1207.89	1105.90
1209.64	1026.03
1211.38	993.26
1213.12	1120.24
1214.87	1021.94
1216.61	1009.65
1218.35	1257.45
1220.09	1144.81
1221.83	1187.82
1223.57	1198.06
1225.31	1163.25
1227.05	1124.33
1228.79	1122.29
1230.52	1036.27
1232.26	1257.45
1234.00	1042.42
1235.73	1058.80
1237.47	956.40
1239.20	1017.84
1240.94	1009.65
1242.67	1169.39
1244.40	1165.29
1246.13	1206.25
1247.86	1142.77
1249.60	1122.29
1251.33	1200.11
1253.06	1208.30
1254.78	942.07
1256.51	1294.32
1258.24	1259.50
1259.97	1110.00
1261.69	1157.10
1263.42	995.31
1265.15	1097.71
1266.87	1185.77
1268.59	997.36
1270.32	1202.16
1272.04	1155.05
1273.76	1345.52
1275.49	1136.62
1277.21	1146.86
1278.93	1255.40
1280.65	1126.38
1282.37	1255.40
1284.09	1165.29
1285.81	1114.10
1287.52	1224.69
1289.24	1146.86
1290.96	1128.43
1292.67	1130.48
1294.39	1230.83
1296.10	1146.86
1297.82	1171.44
1299.53	1230.83
1301.24	1036.27
1302.96	1122.29
1304.67	1167.34
1306.38	1198.06
1308.09	1013.74
1309.80	1038.32
1311.51	1148.91
1313.22	1222.64
1314.93	1093.62
1316.64	1144.81
1318.34	1255.40
1320.05	1269.74
1321.75	1185.77
1323.46	1032.18
1325.17	1044.46
1326.87	1191.92
1328.57	1069.04
1330.28	1101.81
1331.98	1144.81
1333.68	1103.86
1335.38	1208.30
1337.08	1216.49
1338.78	1212.40
1340.48	1200.11
1342.18	1300.46
1343.88	1120.24
1345.58	1163.25
1347.28	1032.18
1348.97	1263.60
1350.67	1212.40
1352.36	1177.58
1354.06	1206.25
1355.75	1187.82
1357.45	1144.81
1359.14	1001.46
1360.83	987.12
1362.53	1249.26
1364.22	1118.19
1365.91	960.50
1367.60	1179.63
1369.29	1284.08
1370.98	1150.96
1372.67	1103.86
1374.35	1265.64
1376.04	1241.07
1377.73	1249.26
1379.41	1292.27
1381.10	1136.62
1382.79	1322.99
1384.47	1007.60
1386.15	1234.93
1387.84	1206.25
1389.52	1120.24
1391.20	1140.72
1392.88	1234.93
1394.57	1183.73
1396.25	1048.56
1397.93	1230.83
1399.61	1316.84
1401.28	1060.85
1402.96	1292.27
1404.64	1114.10
1406.32	1161.20
1407.99	1130.48
1409.67	1394.67
1411.35	1404.91
1413.02	1183.73
1414.70	1200.11
1416.37	1251.31
1418.04	1142.77
1419.71	1177.58
1421.39	1165.29
1423.06	1191.92
1424.73	1163.25
1426.40	1110.00
1428.07	1161.20
1429.74	1183.73
1431.41	1054.70
1433.08	1159.15
1434.74	1083.38
1436.41	1185.77
1438.08	1122.29
1439.74	1177.58
1441.41	1232.88
1443.07	1146.86
1444.74	995.31
1446.40	1308.65
1448.06	1095.66
1449.72	1200.11
1451.39	1144.81
1453.05	1193.97
1454.71	1204.21
1456.37	1095.66
1458.03	1226.73
1459.69	1081.33
1461.35	1308.65
1463.00	1243.12
1464.66	1132.53
1466.32	1032.18
1467.97	1255.40
1469.63	1173.49
1471.28	1189.87
1472.94	1206.25
1474.59	1083.38
1476.25	1044.46
1477.90	1257.45
1479.55	1320.94
1481.20	1150.96
1482.85	1267.69
1484.50	1228.78
1486.15	1140.72
1487.80	1275.88
1489.45	1212.40
1491.10	1128.43
1492.75	1026.03
1494.40	1110.00
1496.04	1077.23
1497.69	1220.59
1499.33	1157.10
1500.98	1296.36
1502.62	1282.03
1504.27	1249.26
1505.91	1138.67
1507.55	1347.56
1509.19	1159.15
1510.84	1159.15
1512.48	1253.36
1514.12	1175.53
1515.76	1159.15
1517.40	1056.75
1519.04	1320.94
1520.67	1239.02
1522.31	1243.12
1523.95	1234.93
1525.59	1189.87
1527.22	1271.79
1528.86	1259.50
1530.49	1101.81
1532.13	1150.96
1533.76	1212.40
1535.39	1372.14
1537.03	1392.62
1538.66	1060.85
1540.29	1222.64
1541.92	1175.53
1543.55	1300.46
1545.18	1142.77
1546.81	1187.82
1548.44	1230.83
1550.07	1138.67
1551.70	1216.49
1553.32	1155.05
1554.95	1202.16
1556.58	1183.73
1558.20	1234.93
1559.83	1202.16
1561.45	1363.95
1563.07	1140.72
1564.70	1208.30
1566.32	1376.23
1567.94	1224.69
1569.56	1288.17
1571.19	1257.45
1572.81	1249.26
1574.43	1196.01
1576.05	1142.77
1577.66	1212.40
1579.28	1339.37
1580.90	1169.39
1582.52	1198.06
1584.14	1058.80
1585.75	1128.43
1587.37	1105.90
1588.98	1163.25
1590.60	1234.93
1592.21	1179.63
1593.82	1261.55
1595.44	1157.10
1597.05	1185.77
1598.66	1073.14
1600.27	1232.88
1601.88	1026.03
1603.49	1325.04
1605.10	1173.49
1606.71	1187.82
1608.32	1134.57
1609.93	1206.25
1611.54	1122.29
1613.14	1386.47
1614.75	1214.45
1616.36	1159.15
1617.96	1234.93
1619.57	1200.11
1621.17	1142.77
1622.77	1247.21
1624.38	1155.05
1625.98	1155.05
1627.58	1159.15
1629.18	1318.89
1630.78	1173.49
1632.38	1185.77
1633.98	1146.86
1635.58	1161.20
1637.18	1206.25
1638.78	1292.27
1640.38	1179.63
1641.98	1257.45
1643.57	1232.88
1645.17	1193.97
1646.76	1011.70
1648.36	1267.69
1649.95	1144.81
1651.55	1361.90
1653.14	1337.32
1654.73	1232.88
1656.33	1331.18
1657.92	1198.06
1659.51	1208.30
1661.10	1163.25
1662.69	1077.23
1664.28	1247.21
1665.87	1175.53
1667.46	1259.50
1669.05	1316.84
1670.63	1325.04
1672.22	1304.56
1673.81	1189.87
1675.39	1124.33
1676.98	1161.20
1678.56	1148.91
1680.15	1271.79
1681.73	1146.86
1683.31	1089.52
1684.90	1173.49
1686.48	1279.98
1688.06	1210.35
1689.64	1226.73
1691.22	1185.77
1692.80	1325.04
1694.38	1155.05
1695.96	1107.95
1697.54	1261.55
1699.12	1208.30
1700.69	1331.18
1702.27	1228.78
1703.85	1071.09
1705.42	1101.81
1707.00	1191.92
1708.57	1196.01
1710.15	1226.73
1711.72	1175.53
1713.29	1218.54
1714.87	1366.00
1716.44	1206.25
1718.01	1150.96
1719.58	1271.79
1721.15	1077.23
1722.72	1312.75
1724.29	1306.60
1725.86	1146.86
1727.43	1253.36
1729.00	1263.60
1730.56	1333.23
1732.13	1257.45
1733.70	1249.26
1735.26	1163.25
1736.83	1210.35
1738.39	1259.50
1739.96	1103.86
1741.52	1224.69
1743.08	1296.36
1744.65	1245.16
1746.21	1239.02
1747.77	1157.10
1749.33	1284.08
1750.89	1177.58
1752.45	1304.56
1754.01	1038.32
1755.57	1341.42
1757.13	1073.14
1758.69	1187.82
1760.24	1236.97
1761.80	1302.51
1763.36	1282.03
1764.91	1212.40
1766.47	1028.08
1768.02	1126.38
1769.58	1261.55
1771.13	1245.16
1772.68	1216.49
1774.24	985.07
1775.79	1134.57
1777.34	1124.33
1778.89	1339.37
1780.44	1161.20
1781.99	1066.99
1783.54	1294.32
1785.09	1253.36
1786.64	1187.82
1788.19	1189.87
1789.73	1286.12
1791.28	1175.53
1792.83	1251.31
1794.37	1138.67
1795.92	1374.19
1797.46	1036.27
1799.01	1400.81
1800.55	1218.54
1802.09	1298.41
1803.64	1187.82
1805.18	1359.85
1806.72	1245.16
1808.26	1253.36
1809.80	1234.93
1811.34	1349.61
1812.88	1120.24
1814.42	1288.17
1815.96	1179.63
1817.50	1288.17
1819.04	1075.18
1820.57	1282.03
1822.11	1196.01
1823.65	1114.09
1825.18	1130.48
1826.72	1243.12
1828.25	1122.29
1829.78	1228.78
1831.32	1310.70
1832.85	1212.40
1834.38	1310.70
1835.92	1353.71
1837.45	1101.81
1838.98	1150.96
1840.51	1228.78
1842.04	1331.18
1843.57	1224.69
1845.10	1132.53
1846.62	1277.93
1848.15	1308.65
1849.68	1171.44
1851.21	1296.36
1852.73	1398.76
1854.26	1189.87
1855.78	1275.88
1857.31	1167.34
1858.83	1331.18
1860.36	995.31
1861.88	1118.19
1863.40	1300.46
1864.92	1400.81
1866.45	1335.28
1867.97	1191.92
1869.49	1300.46
1871.01	1294.32
1872.53	1230.83
1874.05	1138.67
1875.57	1279.98
1877.08	1263.60
1878.60	1314.80
1880.12	1189.87
1881.64	1103.86
1883.15	1116.14
1884.67	1216.49
1886.18	1124.33
1887.70	1241.07
1889.21	1286.12
1890.72	1165.29
1892.24	1066.99
1893.75	1193.97
1895.26	1222.64
1896.77	1241.07
1898.28	1122.29
1899.79	1179.63
1901.30	1157.10
1902.81	1126.38
1904.32	1226.73
1905.83	1124.33
1907.34	1144.81
1908.85	1306.60
1910.35	1179.63
1911.86	1212.40
1913.37	1316.84
1914.87	1220.59
1916.38	1153.01
1917.88	1099.76
1919.39	1144.81
1920.89	1251.31
1922.39	1273.84
1923.89	1263.60
1925.40	1339.37
1926.90	1325.04
1928.40	1126.38
1929.90	1271.79
1931.40	1341.42
1932.90	1327.08
1934.40	1155.05
1935.90	1216.49
1937.39	1187.82
1938.89	1286.12
1940.39	1222.64
1941.89	1146.86
1943.38	1210.35
1944.88	1198.06
1946.37	1226.73
1947.87	1191.92
1949.36	1116.14
1950.85	1245.16
1952.35	1222.64
1953.84	1134.57
1955.33	1146.86
1956.82	1327.08
1958.31	1320.94
1959.80	1101.81
1961.29	1202.16
1962.78	1275.88
1964.27	1370.09
1965.76	1325.04
1967.25	1157.10
1968.74	1374.19
1970.22	1169.39
1971.71	1122.29
1973.20	1073.14
1974.68	1339.37
1976.17	1153.01
1977.65	1271.79
1979.14	1181.68
1980.62	1177.58
1982.10	1101.81
1983.58	1198.06
1985.07	1134.57
1986.55	1300.46
1988.03	1349.61
1989.51	1220.59
1990.99	1150.96
1992.47	1173.49
1993.95	1212.40
1995.43	1245.16
1996.91	1165.29
1998.38	1275.88
1999.86	1234.93
2001.34	1114.09
2002.81	1075.18
2004.29	1232.88
2005.76	1210.35
2007.24	1128.43
2008.71	978.93
2010.19	1175.53
2011.66	1142.77
2013.13	1406.95
2014.60	1155.05
2016.08	1253.36
2017.55	1230.83
2019.02	1216.49
2020.49	1259.50
2021.96	1136.62
2023.43	1275.88
2024.90	1241.07
2026.36	1466.35
2027.83	1216.49
2029.30	1107.95
2030.77	1302.51
2032.23	1181.68
2033.70	1298.41
2035.16	1099.76
2036.63	1200.11
2038.09	1247.21
2039.56	1224.69
2041.02	1368.04
2042.48	1142.77
2043.95	1251.31
2045.41	1175.53
2046.87	1107.95
2048.33	1253.36
2049.79	1294.32
2051.25	1234.93
2052.71	1064.94
2054.17	1157.10
2055.63	1069.04
2057.09	1177.58
2058.54	1230.83
2060.00	1187.82
2061.46	1036.27
2062.91	1175.53
2064.37	1138.67
2065.82	1206.25
2067.28	1232.88
2068.73	1128.43
2070.19	1267.69
2071.64	1314.80
2073.09	1130.48
2074.54	1116.14
2076.00	1046.51
2077.45	1224.69
2078.90	1136.62
2080.35	1198.06
2081.80	1267.69
2083.25	1179.63
2084.70	1163.25
2086.14	1079.28
2087.59	1181.68
2089.04	1105.90
2090.49	1357.80
2091.93	1171.44
2093.38	1118.19
2094.83	1062.90
2096.27	1083.38
2097.71	1245.16
2099.16	1208.30
2100.60	1376.24
2102.05	1099.76
2103.49	1136.62
2104.93	1150.96
2106.37	1282.03
2107.81	1112.05
2109.25	1103.86
2110.69	1042.42
2112.13	1271.79
2113.57	1130.48
2115.01	1265.64
2116.45	1075.18
2117.89	1333.23
2119.33	1202.16
2120.76	1245.16
2122.20	1386.47
2123.63	1398.76
2125.07	1228.78
2126.51	1196.01
2127.94	1165.29
2129.37	1249.26
2130.81	1144.81
2132.24	1257.45
2133.67	1216.49
2135.11	1292.27
2136.54	1236.97
2137.97	1171.44
2139.40	1196.01
2140.83	1234.93
2142.26	1089.52
2143.69	1132.53
2145.12	1251.31
2146.55	1200.11
2147.97	1210.35
2149.40	1226.73
2150.83	1177.58
2152.25	1255.40
2153.68	1128.43
2155.11	1245.17
2156.53	1073.14
2157.96	1230.83
2159.38	1069.04
2160.80	1193.97
2162.23	1142.77
2163.65	1183.73
2165.07	1136.62
2166.49	1079.28
2167.91	1118.19
2169.33	1185.77
2170.75	1138.67
2172.17	1163.25
2173.59	1036.27
2175.01	1091.57
2176.43	1224.69
2177.85	1175.53
2179.27	1130.48
2180.68	1181.68
2182.10	1103.86
2183.52	1032.18
2184.93	1185.77
2186.35	972.79
2187.76	1056.75
2189.18	1286.12
2190.59	1118.19
2192.00	1212.40
2193.42	1308.65
2194.83	1163.25
2196.24	1312.75
2197.65	1247.21
2199.06	1183.73
2200.47	1036.27
2201.88	1105.90
2203.29	1013.74
2204.70	1349.61
2206.11	1245.16
2207.52	1093.62
2208.93	1126.38
2210.33	1163.25
2211.74	1241.07
2213.15	1155.05
2214.55	1167.34
2215.96	1185.77
2217.36	1132.53
2218.77	1224.69
2220.17	1155.05
2221.57	1036.27
2222.98	1286.12
2224.38	1028.08
2225.78	1183.73
2227.18	1130.48
2228.58	1112.05
2229.99	980.98
2231.39	1097.71
2232.79	935.92
2234.18	1165.29
2235.58	1062.90
2236.98	1150.96
2238.38	1099.76
2239.78	1105.90
2241.17	1155.05
2242.57	1193.97
2243.97	1122.29
2245.36	1099.76
2246.76	1142.77
2248.15	1165.29
2249.55	944.11
2250.94	1146.86
2252.33	1253.36
2253.73	1126.38
2255.12	933.87
2256.51	1015.79
2257.90	972.79
2259.29	1077.23
2260.68	1079.28
2262.07	993.26
2263.46	1036.27
2264.85	970.74
2266.24	1075.18
2267.63	1069.04
2269.02	1075.18
2270.40	989.17
2271.79	1249.26
2273.18	1138.67
2274.56	1193.97
2275.95	1220.59
2277.33	1038.32
2278.72	1249.26
2280.10	1130.48
2281.49	1210.35
2282.87	1128.43
2284.25	1179.63
2285.63	1073.14
2287.02	1071.09
2288.40	989.17
2289.78	1128.43
2291.16	1060.85
2292.54	1228.78
2293.92	1130.48
2295.30	1255.40
2296.68	1183.73
2298.05	1187.82
2299.43	1124.33
2300.81	1163.25
2302.19	1130.48
2303.56	1036.27
2304.94	1116.14
2306.31	1124.33
2307.69	1157.10
2309.06	1189.87
2310.44	1337.32
2311.81	1306.60
2313.19	1212.40
2314.56	1146.86
2315.93	1249.26
2317.30	1130.48
2318.67	1118.19
2320.04	1300.46
2321.41	1054.70
2322.78	1167.34
2324.15	1306.60
2325.52	1093.62
2326.89	1028.08
2328.26	1083.38
2329.63	958.45
2331.00	1120.24
2332.36	1095.66
2333.73	1026.03
2335.09	1107.95
2336.46	1126.38
2337.83	989.17
2339.19	987.12
2340.55	1011.70
2341.92	1036.27
2343.28	1107.95
2344.64	1081.33
2346.01	1177.58
2347.37	1169.39
2348.73	1071.09
2350.09	1044.46
2351.45	1069.04
2352.81	991.22
2354.17	3860.42
2355.53	1095.66
2356.89	1105.90
2358.25	966.64
2359.61	1140.72
2360.96	1112.05
2362.32	1023.98
2363.68	1028.08
2365.03	1163.25
2366.39	1210.35
2367.74	1126.38
2369.10	1304.56
2370.45	1030.13
2371.81	1032.18
2373.16	1095.66
2374.51	1048.56
2375.86	1128.43
2377.22	1232.88
2378.57	1284.08
2379.92	1044.46
2381.27	1196.01
2382.62	1032.18
2383.97	1204.21
2385.32	1230.83
2386.67	1048.56
2388.02	1140.72
2389.37	985.07
2390.71	1220.59
2392.06	1048.56
2393.41	1132.53
2394.75	1107.95
2396.10	1189.87
2397.44	1040.37
2398.79	1267.69
2400.13	1095.66
2401.48	1069.04
2402.82	1126.38
2404.17	1198.06
2405.51	1130.48
2406.85	1095.66
2408.19	1132.53
2409.53	1148.91
2410.87	862.19
2412.22	1032.18
2413.56	1056.75
2414.89	1097.71
2416.23	1222.64
2417.57	1079.28
2418.91	1126.38
2420.25	1267.69
2421.59	1095.66
2422.92	1054.70
2424.26	1028.08
2425.60	1212.40
2426.93	1032.18
2428.27	1046.51
2429.60	1114.09
2430.94	1001.46
2432.27	1136.62
2433.60	1210.35
2434.94	894.96
2436.27	1185.77
2437.60	894.96
2438.93	1103.86
2440.27	1181.68
2441.60	980.98
2442.93	829.43
2444.26	1175.53
2445.59	1093.62
2446.92	1097.71
2448.24	882.67
2449.57	1017.84
2450.90	995.31
2452.23	1064.94
2453.55	1013.74
2454.88	1089.52
2456.21	1066.99
2457.53	1167.34
2458.86	1157.10
2460.18	987.12
2461.51	1097.71
2462.83	935.92
2464.15	1069.04
2465.48	1089.52
2466.80	917.49
2468.12	1150.96
2469.44	1056.75
2470.76	1179.63
2472.09	1083.38
2473.41	1159.15
2474.73	1171.44
2476.05	985.07
2477.36	1144.81
2478.68	1005.55
2480.00	1107.95
2481.32	1089.52
2482.64	1114.09
2483.95	1175.53
2485.27	1009.65
2486.59	907.25
2487.90	1081.33
2489.22	1060.85
2490.53	991.22
2491.85	1124.33
2493.16	985.07
2494.47	1122.29
2495.79	968.69
2497.10	1075.18
2498.41	933.87
2499.72	1136.62
2501.03	1103.86
2502.35	1148.91
2503.66	1138.67
2504.97	1017.84
2506.28	1112.05
2507.59	958.45
2508.89	1064.94
2510.20	1058.80
2511.51	1112.05
2512.82	1124.33
2514.12	958.45
2515.43	1191.92
2516.74	1060.85
2518.04	1026.03
2519.35	894.96
2520.65	905.20
2521.96	1056.75
2523.26	978.93
2524.57	872.43
2525.87	944.11
2527.17	1173.49
2528.47	1015.79
2529.78	1028.08
2531.08	1048.56
2532.38	1017.84
2533.68	1060.85
2534.98	935.92
2536.28	860.15
2537.58	843.76
2538.88	997.36
2540.18	905.20
2541.47	1177.58
2542.77	1081.33
2544.07	1097.71
2545.37	1079.28
2546.66	1005.55
2547.96	1142.77
2549.25	1136.62
2550.55	892.91
2551.84	940.02
2553.14	1095.66
2554.43	1126.38
2555.72	1093.62
2557.02	1017.84
2558.31	954.35
2559.60	1046.51
2560.89	1062.90
2562.18	1134.57
2563.48	972.79
2564.77	1073.14
2566.06	1011.70
2567.35	1101.81
2568.63	1091.57
2569.92	1030.13
2571.21	1050.61
2572.50	1015.79
2573.79	1095.66
2575.07	1007.60
2576.36	1189.87
2577.65	1159.15
2578.93	1265.64
2580.22	1161.20
2581.50	983.03
2582.79	1097.71
2584.07	1032.18
2585.36	1042.42
2586.64	1112.05
2587.92	1048.56
2589.20	1060.85
2590.49	1003.50
2591.77	1028.08
2593.05	1042.42
2594.33	948.21
2595.61	1140.72
2596.89	1124.33
2598.17	1081.33
2599.45	1085.42
2600.73	1087.47
2602.00	1103.86
2603.28	948.21
2604.56	935.92
2605.84	978.93
2607.11	1028.08
2608.39	958.45
2609.67	1017.84
2610.94	1153.01
2612.22	995.31
2613.49	1015.79
2614.76	985.07
2616.04	1085.42
2617.31	958.45
2618.58	1144.81
2619.86	1066.99
2621.13	987.12
2622.40	1026.03
2623.67	1038.32
2624.94	1103.86
2626.21	1019.89
2627.48	1069.04
2628.75	935.92
2630.02	917.49
2631.29	1040.37
2632.56	1013.74
2633.82	1017.84
2635.09	880.63
2636.36	1058.80
2637.63	999.41
2638.89	874.48
2640.16	1044.46
2641.42	1181.68
2642.69	1132.53
2643.95	1085.42
2645.22	1036.27
2646.48	978.93
2647.74	1028.08
2649.01	987.12
2650.27	980.98
2651.53	1110.00
2652.79	923.63
2654.05	882.67
2655.31	1007.60
2656.57	980.98
2657.83	958.45
2659.09	1021.94
2660.35	958.45
2661.61	1066.99
2662.87	907.25
2664.13	1062.90
2665.38	1069.04
2666.64	1075.18
2667.90	854.00
2669.15	1075.18
2670.41	1136.62
2671.67	1048.56
2672.92	882.67
2674.17	1142.77
2675.43	1142.77
2676.68	1011.70
2677.94	1028.08
2679.19	1085.42
2680.44	911.35
2681.69	1093.62
2682.95	833.52
2684.20	1253.36
2685.45	1179.63
2686.70	1052.66
2687.95	960.50
2689.20	958.45
2690.45	909.30
2691.70	962.55
2692.94	1032.18
2694.19	956.40
2695.44	1026.03
2696.69	1148.91
2697.93	954.35
2699.18	999.41
2700.43	958.45
2701.67	1122.29
2702.92	1124.33
2704.16	1019.89
2705.41	1056.75
2706.65	985.07
2707.89	1089.52
2709.14	1038.32
2710.38	1073.14
2711.62	1036.27
2712.86	884.72
2714.11	1017.84
2715.35	980.98
2716.59	1017.84
2717.83	1144.81
2719.07	1218.54
2720.31	1054.70
2721.55	1083.38
2722.78	913.39
2724.02	1103.86
2725.26	894.96
2726.50	837.62
2727.73	972.79
2728.97	1110.00
2730.21	937.97
2731.44	974.83
2732.68	972.79
2733.91	917.49
2735.15	798.71
2736.38	1142.77
2737.62	954.35
2738.85	894.96
2740.08	974.83
2741.32	1001.46
2742.55	944.11
2743.78	843.76
2745.01	1118.19
2746.24	929.78
2747.47	901.11
2748.70	980.98
2749.93	1013.74
2751.16	1079.28
2752.39	1155.05
2753.62	899.06
2754.85	944.11
2756.08	1023.98
2757.30	1044.46
2758.53	1085.42
2759.76	954.35
2760.98	1083.38
2762.21	999.41
2763.43	1052.66
2764.66	911.35
2765.88	966.64
2767.11	888.82
2768.33	856.05
2769.55	946.16
2770.78	1056.75
2772.00	1015.79
2773.22	1232.88
2774.44	968.69
2775.67	946.16
2776.89	985.07
2778.11	1042.42
2779.33	1023.98
2780.55	1015.79
2781.77	909.30
2782.99	1026.03
2784.20	1056.75
2785.42	1185.77
2786.64	1056.75
2787.86	962.55
2789.07	1175.53
2790.29	1099.76
2791.51	1009.65
2792.72	978.93
2793.94	1173.49
2795.15	1122.29
2796.37	1105.90
2797.58	1069.04
2798.80	1060.85
2800.01	1081.33
2801.22	964.59
2802.44	1019.89
2803.65	1112.05
2804.86	882.67
2806.07	1005.55
2807.28	972.79
2808.49	983.02
2809.70	1015.79
2810.91	909.30
2812.12	948.21
2813.33	1056.75
2814.54	985.07
2815.75	1023.98
2816.96	976.88
2818.16	1015.79
2819.37	913.39
2820.58	862.19
2821.78	1013.74
2822.99	892.91
2824.20	886.77
2825.40	968.69
2826.61	950.26
2827.81	935.92
2829.01	927.73
2830.22	1026.03
2831.42	1026.03
2832.62	1056.75
2833.83	991.22
2835.03	1050.61
2836.23	1015.79
2837.43	880.63
2838.63	1091.57
2839.83	897.01
2841.03	999.41
2842.23	919.54
2843.43	966.64
2844.63	911.35
2845.83	1028.08
2847.03	870.39
2848.22	980.98
2849.42	851.95
2850.62	919.54
2851.81	1009.65
2853.01	837.62
2854.21	878.58
2855.40	1021.94
2856.60	976.88
2857.79	1058.80
2858.99	919.54
2860.18	1009.65
2861.37	1099.76
2862.57	1013.74
2863.76	933.87
2864.95	835.57
2866.14	1114.10
2867.33	980.98
2868.52	845.81
2869.72	843.76
2870.91	886.77
2872.10	1085.42
2873.28	933.87
2874.47	993.26
2875.66	987.12
2876.85	1138.67
2878.04	970.74
2879.23	1019.89
2880.41	1038.32
2881.60	864.24
2882.79	905.20
2883.97	1001.46
2885.16	917.49
2886.34	868.34
2887.53	849.91
2888.71	1058.80
2889.90	890.87
2891.08	968.69
2892.26	960.50
2893.45	800.76
2894.63	839.67
2895.81	860.15
2896.99	851.95
2898.17	843.76
2899.36	991.22
2900.54	1056.75
2901.72	1073.14
2902.90	1118.19
2904.08	897.01
2905.26	962.55
2906.43	841.72
2907.61	1187.82
2908.79	1036.27
2909.97	839.67
2911.14	1015.79
2912.32	956.40
2913.50	978.93
2914.67	864.24
2915.85	1015.79
2917.02	1064.94
2918.20	921.59
2919.37	917.49
2920.55	845.81
2921.72	954.35
2922.90	1087.47
2924.07	1056.75
2925.24	915.44
2926.41	987.12
2927.58	937.97
2928.76	940.02
2929.93	901.11
2931.10	1017.84
2932.27	929.78
2933.44	1175.53
2934.61	1009.65
2935.78	1101.81
2936.95	745.46
2938.11	901.11
2939.28	966.64
2940.45	927.73
2941.62	888.82
2942.78	1286.12
2943.95	878.58
2945.12	913.39
2946.28	999.41
2947.45	931.83
2948.61	927.73
2949.78	972.79
2950.94	819.19
2952.10	960.50
2953.27	1093.62
2954.43	1011.70
2955.59	972.79
2956.76	1079.28
2957.92	921.59
2959.08	1124.33
2960.24	897.01
2961.40	845.81
2962.56	972.79
2963.72	913.39
2964.88	968.69
2966.04	966.64
2967.20	1030.13
2968.36	1073.14
2969.52	995.31
2970.67	970.74
2971.83	917.49
2972.99	1007.60
2974.14	1007.60
2975.30	950.26
2976.46	1032.18
2977.61	1017.84
2978.77	817.14
2979.92	841.72
2981.08	966.64
2982.23	942.07
2983.38	909.30
2984.54	919.54
2985.69	1093.62
2986.84	1048.56
2987.99	927.73
2989.15	1107.95
2990.30	798.71
2991.45	927.73
2992.60	894.96
2993.75	911.35
2994.90	854.00
2996.05	792.56
2997.20	974.83
2998.35	798.71
2999.49	956.40
3000.64	931.83
3001.79	862.19
3002.94	1015.79
3004.08	1099.76
3005.23	995.31
3006.38	929.78
3007.52	1003.50
3008.67	987.12
3009.81	972.79
3010.96	843.76
3012.10	831.48
3013.25	868.34
3014.39	946.16
3015.53	716.79
3016.67	1089.52
3017.82	1107.95
3018.96	1122.29
3020.10	817.14
3021.24	815.09
3022.38	948.21
3023.52	925.68
3024.66	913.39
3025.80	802.80
3026.94	1030.13
3028.08	985.07
3029.22	978.93
3030.36	946.16
3031.50	698.36
3032.63	995.31
3033.77	913.39
3034.91	909.30
3036.04	884.72
3037.18	913.39
3038.32	770.04
3039.45	886.77
3040.59	921.59
3041.72	1046.51
3042.86	976.88
3043.99	948.21
3045.12	937.97
3046.26	987.12
3047.39	946.16
3048.52	966.64
3049.65	1107.95
3050.78	821.24
3051.92	733.17
3053.05	901.11
3054.18	821.24
3055.31	976.88
3056.44	933.87
3057.57	751.60
3058.70	1036.27
3059.82	909.30
3060.95	946.16
3062.08	976.88
3063.21	1009.65
3064.34	827.38
3065.46	954.35
3066.59	960.50
3067.71	1073.14
3068.84	999.41
3069.97	854.00
3071.09	995.31
3072.22	921.59
3073.34	841.72
3074.46	997.36
3075.59	862.19
3076.71	884.72
3077.83	872.43
3078.96	919.54
3080.08	833.52
3081.20	884.72
3082.32	1087.47
3083.44	872.43
3084.56	935.92
3085.68	1075.18
3086.80	1017.84
3087.92	931.83
3089.04	833.52
3090.16	876.53
3091.28	757.75
3092.40	921.59
3093.51	948.21
3094.63	739.32
3095.75	905.20
3096.87	1023.98
3097.98	833.52
3099.10	749.56
3100.21	954.35
3101.33	856.05
3102.44	1118.19
3103.56	874.48
3104.67	921.59
3105.79	831.48
3106.90	851.95
3108.01	755.70
3109.12	849.91
3110.24	833.52
3111.35	931.83
3112.46	878.58
3113.57	929.78
3114.68	872.43
3115.79	925.68
3116.90	825.33
3118.01	993.26
3119.12	940.02
3120.23	845.81
3121.34	866.29
3122.45	794.61
3123.56	1046.51
3124.66	913.39
3125.77	733.17
3126.88	985.07
3127.98	860.15
3129.09	935.92
3130.20	868.34
3131.30	989.17
3132.41	964.59
3133.51	1005.55
3134.61	915.44
3135.72	1019.89
3136.82	868.34
3137.93	960.50
3139.03	1028.08
3140.13	956.40
3141.23	944.11
3142.33	849.91
3143.44	847.86
3144.54	927.73
3145.64	911.35
3146.74	958.45
3147.84	880.63
3148.94	876.53
3150.04	1007.60
3151.14	897.01
3152.23	1013.74
3153.33	876.53
3154.43	833.52
3155.53	792.56
3156.63	923.63
3157.72	964.59
3158.82	872.43
3159.91	849.91
3161.01	948.21
3162.11	843.76
3163.20	854.00
3164.30	974.83
3165.39	948.21
3166.48	1079.28
3167.58	770.04
3168.67	999.41
3169.76	808.95
3170.86	899.06
3171.95	954.35
3173.04	903.15
3174.13	847.86
3175.22	802.80
3176.31	837.62
3177.40	806.90
3178.49	950.26
3179.58	880.63
3180.67	948.21
3181.76	948.21
3182.85	837.62
3183.94	821.24
3185.03	956.40
3186.11	821.24
3187.20	923.63
3188.29	937.97
3189.37	747.51
3190.46	890.87
3191.55	821.24
3192.63	960.50
3193.72	1003.50
3194.80	1032.18
3195.89	774.13
3196.97	833.52
3198.05	860.15
3199.14	897.01
3200.22	671.73
3201.30	948.21
3202.38	962.55
3203.47	954.35
3204.55	729.08
3205.63	1517.54
3206.71	991.22
3207.79	874.48
3208.87	899.06
3209.95	989.17
3211.03	843.76
3212.11	825.33
3213.19	751.60
3214.27	921.59
3215.34	839.67
3216.42	811.00
3217.50	860.15
3218.58	817.14
3219.65	755.70
3220.73	817.14
3221.80	704.50
3222.88	790.52
3223.96	878.58
3225.03	935.92
3226.10	909.30
3227.18	921.59
3228.25	950.26
3229.33	968.69
3230.40	706.55
3231.47	917.49
3232.54	868.34
3233.62	847.86
3234.69	892.91
3235.76	892.91
3236.83	1007.60
3237.90	874.48
3238.97	954.35
3240.04	909.30
3241.11	815.09
3242.18	837.62
3243.25	854.00
3244.32	866.29
3245.39	964.59
3246.45	952.31
3247.52	831.48
3248.59	829.43
3249.66	776.18
3250.72	917.49
3251.79	894.96
3252.85	845.81
3253.92	917.49
3254.98	964.59
3256.05	919.54
3257.11	976.88
3258.18	626.68
3259.24	772.08
3260.30	927.73
3261.37	1032.18
3262.43	903.15
3263.49	804.85
3264.55	882.67
3265.62	925.68
3266.68	829.43
3267.74	884.72
3268.80	880.63
3269.86	827.38
3270.92	778.23
3271.98	915.44
3273.04	772.08
3274.10	864.24
3275.16	948.21
3276.21	866.29
3277.27	808.95
3278.33	792.56
3279.39	831.48
3280.44	823.28
3281.50	933.87
3282.56	778.23
3283.61	927.73
3284.67	813.04
3285.72	950.26
3286.78	1081.33
3287.83	886.77
3288.88	798.71
3289.94	942.07
3290.99	1019.89
3292.04	804.85
3293.10	966.64
3294.15	999.41
3295.20	1030.13
3296.25	970.74
3297.30	907.25
3298.36	745.46
3299.41	901.11
3300.46	759.80
3301.51	806.90
3302.56	729.08
3303.61	911.35
3304.65	847.86
3305.70	847.86
3306.75	940.02
3307.80	958.45
3308.85	757.75
3309.89	796.66
3310.94	966.64
3311.99	819.19
3313.03	817.14
3314.08	890.87
3315.12	825.33
3316.17	841.72
3317.21	858.10
3318.26	788.47
3319.30	851.95
3320.35	880.63
3321.39	757.75
3322.43	821.24
3323.48	815.09
3324.52	970.74
3325.56	839.67
3326.60	839.67
3327.64	978.93
3328.68	915.44
3329.73	856.05
3330.77	845.81
3331.81	915.44
3332.85	944.11
3333.88	843.76
3334.92	983.03
3335.96	788.47
3337.00	827.38
3338.04	722.93
3339.08	811.00
3340.11	763.89
3341.15	972.79
3342.19	806.90
3343.22	800.76
3344.26	858.10
3345.30	1036.27
3346.33	870.39
3347.37	899.06
3348.40	972.79
3349.43	851.95
3350.47	866.29
3351.50	739.32
3352.54	710.65
3353.57	925.68
3354.60	894.96
3355.63	866.29
3356.67	919.54
3357.70	866.29
3358.73	776.18
3359.76	985.07
3360.79	946.16
3361.82	878.58
3362.85	788.47
3363.88	839.67
3364.91	956.40
3365.94	835.57
3366.97	761.84
3367.99	698.36
3369.02	874.48
3370.05	968.69
3371.08	696.31
3372.10	837.62
3373.13	997.36
3374.16	806.90
3375.18	724.98
3376.21	808.95
3377.23	784.37
3378.26	811.00
3379.28	819.19
3380.31	704.50
3381.33	780.28
3382.35	841.72
3383.38	862.19
3384.40	843.76
3385.42	878.58
3386.45	786.42
3387.47	741.36
3388.49	825.33
3389.51	1005.55
3390.53	765.94
3391.55	718.84
3392.57	710.65
3393.59	784.37
3394.61	712.69
3395.63	782.32
3396.65	806.90
3397.67	751.60
3398.69	823.28
3399.70	808.95
3400.72	880.63
3401.74	911.35
3402.76	841.72
3403.77	653.30
3404.79	856.05
3405.80	888.82
3406.82	829.43
3407.83	851.96
3408.85	862.19
3409.86	823.28
3410.88	890.87
3411.89	722.93
3412.91	954.35
3413.92	772.08
3414.93	788.47
3415.94	817.14
3416.96	790.52
3417.97	894.96
3418.98	1044.46
3419.99	823.28
3421.00	991.22
3422.01	851.95
3423.02	731.12
3424.03	759.80
3425.04	888.82
3426.05	882.67
3427.06	833.52
3428.07	811.00
3429.08	731.12
3430.09	878.58
3431.09	833.52
3432.10	845.81
3433.11	952.31
3434.12	899.06
3435.12	845.81
3436.13	892.91
3437.13	847.86
3438.14	661.49
3439.14	722.93
3440.15	790.52
3441.15	749.56
3442.16	792.56
3443.16	743.41
3444.16	720.88
3445.17	694.26
3446.17	899.06
3447.17	858.10
3448.17	825.33
3449.18	819.19
3450.18	942.07
3451.18	786.42
3452.18	1003.50
3453.18	833.52
3454.18	897.01
3455.18	739.32
3456.18	751.60
3457.18	774.13
3458.18	649.21
3459.17	890.87
3460.17	743.41
3461.17	868.34
3462.17	692.21
3463.17	892.91
3464.16	813.04
3465.16	823.28
3466.15	823.28
3467.15	737.27
3468.15	772.08
3469.14	923.63
3470.14	569.34
3471.13	860.15
3472.13	858.10
3473.12	813.04
3474.11	677.88
3475.11	829.43
3476.10	612.34
3477.09	860.15
3478.08	675.83
3479.08	835.57
3480.07	798.71
3481.06	860.15
3482.05	753.65
3483.04	958.45
3484.03	698.36
3485.02	602.10
3486.01	792.56
3487.00	817.14
3487.99	917.49
3488.98	731.12
3489.97	794.61
3490.95	788.47
3491.94	741.36
3492.93	679.93
3493.92	657.40
3494.90	829.43
3495.89	729.08
3496.88	700.41
3497.86	737.27
3498.85	874.48
3499.83	704.50
3500.82	681.97
3501.80	782.32
3502.79	858.10
3503.77	645.11
3504.75	729.08
3505.74	714.74
3506.72	878.58
3507.70	727.03
3508.68	767.99
3509.67	673.78
3510.65	823.28
3511.63	753.65
3512.61	761.84
3513.59	669.69
3514.57	776.18
3515.55	786.42
3516.53	761.84
3517.51	794.61
3518.49	823.28
3519.47	770.04
3520.45	917.49
3521.42	753.65
3522.40	770.04
3523.38	878.58
3524.36	831.48
3525.33	729.08
3526.31	868.34
3527.29	800.76
3528.26	952.31
3529.24	806.90
3530.21	729.08
3531.19	692.21
3532.16	827.38
3533.14	692.21
3534.11	854.00
3535.08	735.22
3536.06	866.29
3537.03	651.25
3538.00	704.50
3538.98	884.72
3539.95	753.65
3540.92	804.85
3541.89	782.32
3542.86	733.17
3543.83	761.84
3544.80	831.48
3545.77	737.27
3546.74	882.67
3547.71	747.51
3548.68	792.56
3549.65	841.72
3550.62	735.22
3551.59	835.57
3552.56	874.48
3553.52	794.61
3554.49	843.76
3555.46	753.65
3556.42	647.16
3557.39	821.24
3558.36	804.85
3559.32	925.68
3560.29	753.65
3561.25	864.24
3562.22	700.41
3563.18	765.94
3564.15	724.98
3565.11	821.24
3566.07	731.12
3567.04	800.76
3568.00	774.13
3568.96	690.17
3569.92	741.36
3570.89	827.38
3571.85	718.84
3572.81	534.52
3573.77	727.03
3574.73	745.46
3575.69	759.80
3576.65	645.11
3577.61	753.65
3578.57	733.17
3579.53	739.32
3580.49	819.19
3581.45	743.41
3582.40	731.12
3583.36	677.88
3584.32	829.43
3585.28	710.65
3586.23	708.60
3587.19	761.84
3588.15	747.51
3589.10	681.97
3590.06	641.01
3591.01	684.02
3591.97	784.37
3592.92	759.80
3593.88	675.83
3594.83	741.36
3595.78	667.64
3596.74	727.03
3597.69	817.14
3598.64	856.05
3599.60	663.54
3600.55	690.17
3601.50	675.83
3602.45	638.97
3603.40	733.17
3604.35	581.62
3605.31	716.79
3606.26	595.96
3607.21	806.90
3608.16	903.15
3609.10	864.24
3610.05	688.12
3611.00	655.35
3611.95	751.60
3612.90	710.65
3613.85	702.45
3614.79	962.55
3615.74	765.94
3616.69	872.43
3617.63	688.12
3618.58	796.66
3619.53	737.27
3620.47	729.08
3621.42	800.76
3622.36	827.38
3623.31	516.09
3624.25	749.56
3625.20	667.64
3626.14	708.60
3627.08	643.06
3628.03	665.59
3628.97	722.93
3629.91	743.41
3630.85	788.47
3631.80	673.78
3632.74	731.12
3633.68	915.44
3634.62	808.95
3635.56	702.45
3636.50	727.03
3637.44	604.15
3638.38	704.50
3639.32	714.74
3640.26	696.31
3641.20	778.23
3642.14	657.40
3643.08	772.08
3644.01	825.33
3644.95	811.00
3645.89	817.14
3646.83	751.60
3647.76	784.37
3648.70	663.54
3649.63	665.59
3650.57	739.32
3651.51	638.97
3652.44	735.22
3653.38	854.00
3654.31	749.56
3655.24	677.88
3656.18	739.32
3657.11	860.15
3658.05	704.50
3658.98	753.65
3659.91	759.80
3660.84	813.04
3661.78	753.65
3662.71	679.93
3663.64	684.02
3664.57	903.15
3665.50	718.84
3666.43	774.13
3667.36	649.21
3668.29	772.08
3669.22	665.59
3670.15	710.65
3671.08	690.17
3672.01	589.82
3672.94	727.03
3673.86	700.41
3674.79	765.94
3675.72	827.38
3676.65	700.41
3677.57	741.36
3678.50	729.08
3679.43	727.03
3680.35	759.80
3681.28	624.63
3682.20	698.36
3683.13	663.54
3684.05	595.96
3684.98	688.12
3685.90	638.97
3686.83	843.76
3687.75	839.67
3688.67	753.65
3689.60	731.12
3690.52	669.69
3691.44	784.37
3692.36	702.45
3693.28	679.93
3694.21	784.37
3695.13	743.41
3696.05	720.89
3696.97	667.64
3697.89	813.04
3698.81	616.44
3699.73	702.45
3700.65	767.99
3701.57	706.55
3702.48	757.75
3703.40	729.08
3704.32	632.82
3705.24	720.88
3706.16	610.29
3707.07	649.21
3707.99	690.17
3708.91	747.51
3709.82	712.69
3710.74	575.48
3711.66	737.27
3712.57	714.74
3713.49	765.94
3714.40	622.58
3715.31	692.21
3716.23	688.12
3717.14	749.56
3718.06	745.46
3718.97	714.74
3719.88	589.82
3720.80	899.06
3721.71	1363.95
3722.62	743.41
3723.53	661.49
3724.44	755.70
3725.35	772.08
3726.26	655.35
3727.18	638.97
3728.09	673.78
3729.00	774.13
3729.91	788.47
3730.81	776.18
3731.72	765.94
3732.63	737.27
3733.54	591.86
3734.45	780.28
3735.36	858.10
3736.26	600.05
3737.17	763.89
3738.08	921.59
3738.99	759.80
3739.89	778.23
3740.80	724.98
3741.70	761.84
3742.61	641.01
3743.51	829.43
3744.42	761.84
3745.32	694.26
3746.23	710.65
3747.13	741.36
3748.04	763.89
3748.94	718.84
3749.84	763.89
3750.74	794.61
3751.65	655.35
3752.55	688.12
3753.45	712.69
3754.35	591.86
3755.25	624.63
3756.16	663.54
3757.06	659.45
3757.96	606.20
3758.86	649.21
3759.76	714.74
3760.66	593.91
3761.55	624.63
3762.45	581.62
3763.35	647.16
3764.25	663.54
3765.15	659.45
3766.05	577.53
3766.94	641.01
3767.84	645.11
3768.74	528.38
3769.63	659.45
3770.53	526.33
3771.43	860.15
3772.32	516.09
3773.22	673.78
3774.11	735.22
3775.01	806.90
3775.90	677.88
3776.80	702.45
3777.69	743.41
3778.58	698.36
3779.48	589.82
3780.37	655.35
3781.26	645.11
3782.16	532.47
3783.05	778.23
3783.94	706.55
3784.83	720.88
3785.72	641.01
3786.61	747.51
3787.50	522.23
3788.39	800.76
3789.28	622.58
3790.17	710.65
3791.06	614.39
3791.95	591.86
3792.84	675.83
3793.73	667.64
3794.62	581.62
3795.51	540.66
3796.39	587.77
3797.28	612.34
3798.17	716.79
3799.06	585.72
3799.94	755.70
3800.83	794.61
3801.71	577.53
3802.60	626.68
3803.48	684.02
3804.37	663.54
3805.25	573.43
3806.14	534.52
3807.02	741.36
3807.91	485.37
3808.79	761.84
3809.67	675.83
3810.56	608.25
3811.44	565.24
3812.32	759.80
3813.20	759.80
3814.09	499.70
3814.97	632.82
3815.85	788.47
3816.73	694.26
3817.61	692.21
3818.49	751.60
3819.37	651.25
3820.25	643.06
3821.13	657.40
3822.01	616.44
3822.89	608.25
3823.77	692.21
3824.65	802.80
3825.52	694.26
3826.40	622.58
3827.28	583.67
3828.16	716.79
3829.03	638.97
3829.91	782.32
3830.79	618.49
3831.66	747.51
3832.54	595.96
3833.41	878.58
3834.29	577.53
3835.16	688.12
3836.04	604.15
3836.91	716.79
3837.79	704.50
3838.66	653.30
3839.53	645.11
3840.41	518.14
3841.28	663.54
3842.15	677.88
3843.02	573.43
3843.90	620.53
3844.77	595.96
3845.64	772.08
3846.51	663.54
3847.38	659.45
3848.25	649.21
3849.12	706.55
3849.99	628.73
3850.86	718.84
3851.73	591.86
3852.60	593.91
3853.47	690.17
3854.34	673.78
3855.21	636.92
3856.07	788.47
3856.94	665.59
3857.81	657.40
3858.68	651.25
3859.54	581.62
3860.41	561.14
3861.28	557.05
3862.14	618.49
3863.01	600.05
3863.87	583.67
3864.74	745.46
3865.60	559.10
3866.47	628.73
3867.33	612.34
3868.19	581.62
3869.06	532.47
3869.92	567.29
3870.78	634.87
3871.65	491.51
3872.51	673.78
3873.37	524.28
3874.23	788.47
3875.10	604.15
3875.96	532.47
3876.82	602.10
3877.68	729.08
3878.54	690.17
3879.40	649.21
3880.26	636.92
3881.12	565.24
3881.98	651.25
3882.84	591.86
3883.70	626.68
3884.55	567.29
3885.41	616.44
3886.27	600.05
3887.13	632.82
3887.99	516.09
3888.84	591.86
3889.70	550.90
3890.56	675.83
3891.41	643.06
3892.27	403.45
3893.12	575.48
3893.98	647.16
3894.83	686.07
3895.69	598.01
3896.54	511.99
3897.40	520.18
3898.25	501.75
3899.11	661.49
3899.96	491.51
3900.81	724.98
3901.66	518.14
3902.52	520.18
3903.37	491.51
3904.22	550.90
3905.07	692.21
3905.92	516.09
3906.78	688.12
3907.63	493.56
